knee_moment,thigh,shank,foot,thigh_,shank_,foot_
-0.348187018514178,182.26674471,143.07988207,42.9860941,23.84637477,0.85470097999999,22.52323863
0.0111840931917641,181.60793952,141.05538812,43.15071001,22.93838849,-1.35811615,22.35482089
0.411799546255188,180.92246168,138.99123589,43.34277985,21.99943599,-3.62622885000002,22.21561009
0.851727665410812,180.21686167,136.90064511,43.5628145,21.03123478,-5.94644059000004,22.11420876
1.32766245157556,179.49427956,134.78987792,43.8162691,20.03631146,-8.30908718000001,22.05240754
1.83489058324969,178.75495945,132.66553647,44.10534045,19.02131686,-10.69448744,22.0271071
2.36733332209094,178.00572186,130.54039202,44.43300456,17.98452829,-13.10750011,22.05415524
2.91766650322336,177.24783902,128.42182681,44.80576806,16.92900254,-15.53797371,22.14277758
3.47751119618366,176.48425739,126.31783356,45.22145604,15.86204454,-17.96539201,22.27750135
4.0376839171869,175.72008359,124.24110568,45.68914437,14.78213861,-20.39210712,22.4840213
4.58849224242579,174.9482985,122.18643743,46.20964168,13.71226834,-22.75315243,22.70656881
5.12005949498801,174.19104062,120.18627723,46.79603109,12.6193425,-25.13935816,23.04971503
5.62266098907523,173.44502544,118.24302646,47.44665425,11.5112208,-27.53070141,23.51122804
6.087054189005,172.69540298,116.34039382,48.16119886,10.42110469,-29.83010921,23.99139736
6.50478608106936,171.95624509,114.49885622,48.94624679,9.33876454,-32.06540451,24.54104486
6.8684629902598,171.23325753,112.7334881,49.79207426,8.24674680000001,-34.28555403,25.19723936
7.17197084777832,170.52046897,111.03628,50.69862501,7.16372501000001,-36.43726528,25.91371287
7.41063761715334,169.81714861,109.41150899,51.65194063,6.08805638000001,-38.52234382,26.68868214
7.58133435390809,169.13694081,107.87525378,52.63899254,5.00343321,-40.58603766,27.55320224
7.68251517766401,168.45126685,106.39988893,53.65725403,3.95340572999999,-42.50473101,28.37382466
7.71419698543875,167.79616723,105.02278274,54.68039955,2.8836087,-44.43084405,29.29563783
7.67788035046546,167.14168195,103.71552206,55.70249738,1.83637859999999,-46.24490602,30.18355616
7.57641732607684,166.49602667,102.48647646,56.71334853,0.801598159999998,-47.97551511,31.05781366
7.41383649360405,165.86193045,101.33833469,57.70102722,-0.221448090000024,-49.6244474,31.91211654
7.19513731796047,165.24086956,100.2712271,58.65863397,-1.23563365000001,-51.20117582,32.74507604
6.92606581693515,164.62751443,99.28129221,59.57436139,-2.23514344,-52.6898262,33.53459588
6.61288285522076,164.04736843,98.39588912,60.46166842,-3.22467062999999,-54.11027105,34.32047135
6.26213519924564,163.45779598,97.56216434,61.2860822,-4.19646048999999,-55.43267451,35.0167379
5.88043798109417,162.87882553,96.80945662,62.04893452,-5.15663254,-56.67885155,35.66613476
5.47427557679552,162.30171344,96.11912082,62.77104943,-6.09978305999999,-57.83451007,36.25091408
5.04982623820278,161.75273918,95.52568402,63.43110458,-7.02617481999999,-58.90608486,36.7836849
4.61281422733066,161.21703553,95.00807217,64.03620172,-7.93652336,-59.89508478,37.25686036
4.16839175252655,160.69680535,94.56854747,64.58443807,-8.82941951999999,-60.79917687,37.66921248
3.72105173060303,160.19183972,94.20591035,65.07139171,-9.70398702,-61.61737499,38.01194666
3.27457130176411,159.70273912,93.91922039,65.49653774,-10.55987221,-62.35016171,38.28490619
2.83198508480376,159.2246126,93.7014383,65.86135121,-11.39071084,-62.98109939,38.47489051
2.39558634775815,158.77480119,93.57655867,66.14660979,-12.21138302,-63.55334755,38.60134629
1.96695355856058,158.33024253,93.51048946,66.37234109,-13.00097208,-64.00822166,38.63279314
1.54699916108752,157.91727436,93.53548647,66.51422968,-13.78430129,-64.41862242,38.60079403
1.13603689645345,157.5079073,93.61682289,66.59270086,-14.53414415,-64.70648315,38.46729782
0.733863564261783,157.13873789,93.79801196,66.57644092,-15.27669182,-64.95038391,38.26058269
0.339850801774364,156.77892072,94.04051906,66.48520973,-15.99311461,-65.09491514,37.95727743
-0.0469577406233653,156.43830278,94.35524039,66.30945638,-16.68896599,-65.15925918,37.55996334
-0.427748524068546,156.11206405,94.73537789,66.04900473,-17.36547785,-65.14668292,37.06864135
-0.803844187073135,155.81309154,95.19474853,65.70252184,-18.02272348,-65.06054812,36.4892142
-1.17661780058884,155.52799665,95.71628498,65.27283149,-18.66066169,-64.9010244,35.81710434
-1.54741784970434,155.25232191,96.29126015,64.77540137,-19.27495531,-64.65905687,35.05802532
-1.91750381670571,155.03058603,96.97715436,64.16991068,-19.88340876,-64.38392723,34.23142655
-2.28799203501047,154.79762923,97.69250478,63.49083524,-20.46470828,-64.01930696,33.2937164
-2.65981377606714,154.59264291,98.47923648,62.74760073,-21.03027157,-63.59818148,32.29802374
-3.03368791050887,154.40265126,99.3242243,61.92844243,-21.57980424,-63.12278429,31.22929512
-3.41010868339452,154.2364052,100.23375748,61.04889409,-22.1144456,-62.5967572,30.10871969
-3.78934779917138,154.07106715,101.18111727,60.11289737,-22.62720913,-62.00284605,28.90980866
-4.17146927111188,153.95653569,102.21925594,59.10613062,-23.13705494,-61.39401347,27.6844482
-4.55635478513998,153.84707753,103.29818622,58.05973883,-23.62653564,-60.72761992,26.41784322
-4.94373668579845,153.73578915,104.41141985,56.94058561,-24.08420675,-59.96847357,25.04458566
-5.33323514605522,153.68661866,105.61103645,55.7950496,-24.56283041,-59.27172375,23.72633955
-5.72439566236728,153.63322908,106.83780867,54.58459945,-25.01066295,-58.49039158,22.31106391
-6.11672274397481,153.60345812,108.11418259,53.32657383,-25.44952382,-57.68807332,20.87520863
-6.50970556228716,153.59264974,109.4309551,52.01979019,-25.87809525,-56.86406625,19.40652752
-6.90283141868756,153.59875451,110.78399996,50.66440147,-26.2969742,-56.02136473,17.90212414
-7.29558320425396,153.61724227,112.16084655,49.26751615,-26.7047401,-55.1584389,16.35596927
-7.68741758601881,153.65260293,113.56533817,47.82866746,-27.10579949,-54.28963349,14.78911107
-8.07773329756538,153.69936976,114.98583963,46.35489835,-27.50052041,-53.41803983,13.20185403
-8.4658646708015,153.75313107,116.41038741,44.8621966,-27.90016738,-52.57695376,11.64349491
-8.85112713790861,153.82138199,117.85146884,43.32701224,-28.27752048,-51.69431917,9.99856893999999
-9.23289420767088,153.89553326,119.28659349,41.78796516,-28.65806243,-50.84023115,8.38260657
-9.61066914740616,153.97243052,120.71035723,40.24596761,-29.03616915,-50.00283229,6.77501114
-9.98413571148443,154.04993806,122.11662323,38.70950023,-29.41216083,-49.18487215,5.18250064
-10.3531853758981,154.12932753,123.50144715,37.1917465,-29.78792905,-48.39336566,3.62017973
-10.7179204387997,154.20424336,124.85633805,35.69794207,-30.16152151,-47.62484133,2.08595262000001
-11.0786341634394,154.27511412,126.18408288,34.2202449,-30.51918272,-46.84253397,0.562620899999999
-11.4357702352943,154.3355712,127.44852415,32.83390689,-30.91732247,-46.20485188,-0.810400869999995
-11.789863300278,154.39308814,128.69102122,31.46774686,-31.28470501,-45.51792385,-2.20586523000001
-12.1414622998446,154.44164557,129.88625996,30.1548688,-31.64943161,-44.85881731,-3.55366015
-12.4910402135067,154.4909214,131.05048757,28.8857359,-31.99909605,-44.19604675,-4.89353988
-12.838895923123,154.52454162,132.15273197,27.6877434,-32.35783448,-43.59512494,-6.13752232
-13.1850548509073,154.54265094,133.19653098,26.55665366,-32.7104582,-43.018158,-7.30240668
-13.5291751691712,154.55706388,134.20205362,25.47330795,-33.04823994,-42.44269744,-8.45633273
-13.8704542164821,154.57286356,135.17014043,24.44405525,-33.37105077,-41.8687791,-9.60209853
-14.2075031709864,154.56103273,136.05926539,23.49007817,-33.69600544,-41.34503377,-10.62938571
-14.5381693475928,154.56260947,136.92647291,22.57717434,-33.99752291,-40.80067253,-11.69425069
-14.859347877039,154.55128932,137.73220395,21.73405693,-34.29298749,-40.28849837,-12.67546671
-15.1668516844161,154.5071187,138.45440588,20.95485299,-34.57102645,-39.77680059,-13.61640531
-15.4553734137177,154.48242612,139.156545,20.22255515,-34.83819228,-39.28397463,-14.53652982
-15.7185385912091,154.45937445,139.81573838,19.54458642,-35.09145459,-38.80337174,-15.41878421
-15.9490397443538,154.45858492,140.4575538,18.91539858,-35.33825465,-38.35802395,-16.23637051
-16.1388393705422,154.4339053,141.01788688,18.35327976,-35.56540812,-37.91067945,-17.03544104
-16.2794283224411,154.42525168,141.55651786,17.82804603,-35.77080963,-37.45321928,-17.83628643
-16.3621253096168,154.39860396,142.01089541,17.39434419,-35.98246673,-37.07478751,-18.50050501
-16.3784027806063,154.39686828,142.45900257,16.97602284,-36.16403042,-36.66095418,-19.2099153
-16.3202244272157,154.38068415,142.82157439,16.66252275,-36.34931787,-36.32064746,-19.78494662
-16.1803799303708,154.35514707,143.14366595,16.3561567,-36.51816289,-35.98718564,-20.34690788
-15.9528033249725,154.38692777,143.4809824,16.10635384,-36.66727046,-35.65922254,-20.88518823
-15.6328624625525,154.39962365,143.7046114,15.98852593,-36.82263712,-35.40021891,-21.31619524
-15.2176084419775,154.3877679,143.87438366,15.87929206,-36.96610527,-35.16620333,-21.69486235
-14.7059755109479,154.44784575,144.08154102,15.80893359,-37.080929,-34.90930441,-22.08760058
-14.098923784008,154.44401952,144.14662844,15.81900715,-37.20983667,-34.74751499,-22.35373405
-13.3995191525373,154.51915408,144.28603479,15.82763508,-37.29548947,-34.51731162,-22.67143776
-12.612946939354,154.55297842,144.31914196,15.89921843,-37.38138816,-34.34148208,-22.91602484
-11.7464581134424,154.61172475,144.33436573,16.018875,-37.46532127,-34.21273865,-23.08375916
-10.809249154758,154.67451282,144.31682654,16.16299623,-37.53503507,-34.09233204,-23.23461733
-9.81227887179899,154.74224697,144.26593719,16.33128356,-37.59021982,-33.98035597,-23.36511146
-8.76802756421546,154.82450394,144.20108157,16.52837766,-37.64412173,-33.90273996,-23.44653294
-7.69020584175848,154.90995352,144.1182484,16.72999386,-37.66939807,-33.79260194,-23.52752951
-6.59342211622191,155.00389181,144.01598133,16.93711509,-37.69412586,-33.7117111,-23.59698729
-5.49281922674103,155.07712768,143.8375683,17.21891185,-37.72858521,-33.69841969,-23.57222854
-4.40369179431847,155.20414237,143.77319152,17.32933348,-37.70253567,-33.53285745,-23.74025292
-3.34109669275527,155.30645383,143.64033558,17.49189106,-37.68150313,-33.4116791,-23.84414803
-2.31946943327674,155.41439376,143.51089573,17.61975767,-37.64805752,-33.27478156,-23.96657425
-1.3522592334987,155.51900215,143.37650124,17.70539449,-37.6043396,-33.12222515,-24.12010247
-0.451595019398478,155.61933951,143.24200369,17.74329058,-37.54535254,-32.93475295,-24.3192546
0.372006431450833,155.7179509,143.11108003,17.71377659,-37.48121708,-32.73722726,-24.55638997
-1.71871128157809,184.68733419,147.41397818,41.55739325,25.73218909,4.76666261,21.63393461
-1.42441768797237,184.00129375,145.34959889,41.81235828,24.81705657,2.52401741000003,21.57203741
-1.08512997086558,183.28633194,143.23809899,42.086354,23.87083219,0.220447529999973,21.53461602
-0.702966201063793,182.54612241,141.08871107,42.37833963,22.89847296,-2.12865407999996,21.51596119
-0.281218839944013,181.78507716,138.91043194,42.68888418,21.90277125,-4.51495473000003,21.50494676
0.175662919049956,181.00447736,136.71246464,43.02056431,20.87735506,-6.95545716999999,21.54538203
0.662105436338377,180.2133212,134.50998193,43.36475769,19.85411706,-9.35747901000002,21.54783561
1.17149172377574,179.41335285,132.30888055,43.74149305,18.80275856,-11.80838771,21.61768657
1.69629828945026,178.6089429,130.12599618,44.1333999,17.74604042,-14.24284782,21.69643023
2.22828072067272,177.81160302,127.96762567,44.58984515,16.67647814,-16.67875849,21.8416334
2.75869881615622,177.00536413,125.83250235,45.06986781,15.59758739,-19.11325716,22.05048633
3.2785702580345,176.21103109,123.73999182,45.62235314,14.5136647,-21.52574296,22.33393138
3.77894046516,175.42207784,121.69336171,46.22910546,13.43147596,-23.90228203,22.67703594
4.25115550840141,174.64253656,119.70208011,46.90420913,12.35253047,-26.2403904,23.09990701
4.68712489682919,173.88234476,117.77573364,47.65660122,11.27293214,-28.54354636,23.61973475
5.07956172099245,173.13717015,115.91549247,48.47484645,10.19607509,-30.79976003,24.21289639
5.42218906686665,172.40865088,114.12750537,49.36795328,9.12339639000001,-33.01818514,24.91905856
5.70990372098057,171.68383275,112.3979202,50.32546689,8.05947000999998,-35.17457961,25.69492189
5.93889096337543,170.97692617,110.74472737,51.33910481,7.00424597,-37.26872212,26.53564218
6.10668824721381,170.28873923,109.17449566,52.39475105,5.95325074000002,-39.3151292,27.4557914
6.21219952030135,169.61757305,107.6836737,53.47437914,4.90783797,-41.30337496,28.41061837
6.25566219479464,168.95586258,106.26574476,54.56930701,3.87008177999999,-43.2292621,29.40189699
6.23856764430031,168.30671179,104.92643691,55.66127014,2.84147106,-45.08664852,30.40389387
6.16353933719973,167.67758395,103.67194947,56.73236275,1.80944404000002,-46.91049361,31.43301043
6.03417760728715,167.04667255,102.48367784,57.7810349,0.807815480000016,-48.60296381,32.38881168
5.85488189758222,166.43299659,101.37724873,58.78005385,-0.194696790000023,-50.25299368,33.32634736
5.6306610337871,165.84015946,100.35799833,59.73535196,-1.19670532000001,-51.85799891,34.26594981
5.36694119807227,165.25059656,99.40899498,60.62914867,-2.18019768000002,-53.36630798,35.12608708
5.06937993836922,164.67372032,98.53701413,61.46338083,-3.15250276999998,-54.80025764,35.93116857
4.74369293697202,164.10849728,97.74099475,62.23465112,-4.11230484000001,-56.15712339,36.67526596
4.39549854344759,163.56034988,97.02493966,62.95538206,-5.05370821000002,-57.42535121,37.36186349
4.03018339687801,163.01734746,96.37642328,63.59728153,-5.98716024000001,-58.62899521,37.98135436
3.65279093598696,162.48539758,95.80018721,64.17365338,-6.90539297999999,-59.75239446,38.53222778
3.26793330175323,161.96588032,95.29579564,64.69224122,-7.80599354,-60.79208428,39.01841323
2.87972611768556,161.461026,94.86384373,65.1575684,-8.68928020999999,-61.7497775,39.44216811
2.49174489454787,160.9678588,94.5003039,65.56748983,-9.55432264000001,-62.62433138,39.80280404
2.10700132530725,160.48824541,94.20669114,65.9251971,-10.40118621,-63.41805353,40.10265753
1.7279374670446,160.04613725,94.00465801,66.23873704,-11.23463119,-64.14710467,40.34866352
1.35643569269219,159.56844048,93.82405756,66.46506385,-12.04949842,-64.79113777,40.52390427
0.993842278125811,159.1521374,93.74959592,66.68778128,-12.83109028,-65.32470047,40.62456418
0.641002516554339,158.74731209,93.74650867,66.81976543,-13.60942281,-65.81990053,40.67342438
0.298305281481051,158.30431617,93.75134826,66.87918876,-14.3697896,-66.23568658,40.6530015
-0.0342650335337577,157.9598916,93.91005705,66.90274996,-15.09782011,-66.5501105,40.53967736
-0.357071296831016,157.5748139,94.07041934,66.84841675,-15.81051766,-66.79257876,40.34755099
-0.670763303477646,157.21641997,94.30976424,66.71888513,-16.50531722,-66.96607314,40.07893854
-0.97621657713387,156.89988619,94.64639902,66.49699194,-17.18734992,-67.08533733,39.7265989
-1.27447267107011,156.57929462,95.02112722,66.2098459,-17.84598687,-67.11978842,39.28681306
-1.56668342894412,156.27920097,95.46461777,65.84245206,-18.48588197,-67.08488902,38.76244817
-1.85406172847152,155.99745225,95.97353389,65.39468272,-19.10661161,-66.98024141,38.15141334
-2.13784020947617,155.72996189,96.54210064,64.8671315,-19.70867607,-66.80780497,37.45412754
-2.41923691829457,155.47218842,97.16212164,64.27514447,-20.2857364,-66.55325517,36.67339797
-2.69942627856252,155.25686974,97.87887608,63.57095521,-20.85769343,-66.26945029,35.81437332
-2.97951653177804,155.05102521,98.64315924,62.81625422,-21.40695141,-65.91232265,34.89578178
-3.26053594684112,154.84177444,99.44451227,61.98628337,-21.92693402,-65.46406763,33.86544174
-3.54342854597435,154.68422407,100.34304551,61.07731569,-22.4491206,-65.011326,32.8130353
-3.82905877203666,154.52698644,101.27892009,60.10215643,-22.94403426,-64.476192,31.66306627
-4.11822384656916,154.3722539,102.25679419,59.0707808,-23.41020691,-63.85630735,30.44056466
-4.41167189774483,154.27364434,103.32631386,57.97640393,-23.87950558,-63.23972892,29.19469262
-4.71012328474903,154.16647868,104.42179826,56.82876586,-24.32312979,-62.55101891,27.87869759
-5.01429194922748,154.09941428,105.59191063,55.63115567,-24.75475987,-61.82776976,26.5389154
-5.32490312166501,154.03912391,106.79763772,54.3810333,-25.16738693,-61.05235953,25.13502655
-5.64270333775366,154.00688354,108.06037893,53.08696787,-25.5705572,-60.25465909,23.71717292
-5.96845851949745,153.9872419,109.35838262,51.75069719,-25.95357893,-59.40534421,22.2325672
-6.30293589586225,153.98720424,110.6980786,50.37592139,-26.32383926,-58.52754795,20.72127639
-6.64686582606775,154.00788305,112.07593917,48.96954016,-26.68275149,-57.62752737,19.18888603
-7.00088018799943,154.04658783,113.48524728,47.53652279,-27.02946822,-56.70552604,17.63470029
-7.36543272198655,154.10088074,114.92026826,46.08077493,-27.36278121,-55.759843,16.05634448
-7.74072921280873,154.17335588,116.37689172,44.61190588,-27.69344202,-54.82162413,14.49621441
-8.12670096107219,154.25308184,117.84447718,43.13207012,-27.99920936,-53.83419746,12.87187761
-8.52302108262702,154.35068623,119.32452729,41.65103966,-28.30633467,-52.86796817,11.28851717
-8.92913398188367,154.45344333,120.80458864,40.17422141,-28.59156723,-51.86478923,9.66115786
-9.34427637459852,154.56711731,122.28355907,38.70784002,-28.873686,-50.87569835,8.05975
-9.76748541803434,154.68985464,123.7534794,37.26424114,-29.15311144,-49.90301265,6.4963206
-10.1975954739279,154.8135121,125.20574496,35.84570267,-29.4195688,-48.92300481,4.92977725
-10.6332266530555,154.93889931,126.63684142,34.45732104,-29.67770271,-47.94887099,3.38363435
-11.0727693699803,155.06676282,128.04510668,33.10280612,-29.92702184,-46.98100576,1.86052906
-11.514368084588,155.19243119,129.42271845,31.79098237,-30.16533356,-46.01665536,0.355609300000001
-11.9559059014534,155.31530239,130.76324057,30.52088375,-30.40295585,-45.08055501,-1.09561717
-12.394992364935,155.43454249,132.07140245,29.29001213,-30.62278026,-44.13429224,-2.54795504
-12.8289582064871,155.55012718,133.33228441,28.11806853,-30.84116105,-43.21654213,-3.93305967
-13.2548609207469,155.64337259,134.5317929,27.00065298,-31.04171883,-42.29104212,-5.3138905
-13.6695042477505,155.76337291,135.73005928,25.90390921,-31.24244111,-41.40361377,-6.65165134
-14.0694514882359,155.86161066,136.85786205,24.86824808,-31.43033187,-40.52259162,-7.96283333
-14.4509727718808,155.94517667,137.9261651,23.8927917,-31.60261807,-39.64053146,-9.23289125
-14.8099042100602,156.04013807,138.96300753,22.95058783,-31.77018311,-38.78958934,-10.49073376
-15.1414958396242,156.10159045,139.91074966,22.08335331,-31.93054335,-37.96302448,-11.67638818
-15.4403345327754,156.17401166,140.82743363,21.25005098,-32.07836246,-37.14895748,-12.85303898
-15.7003629510065,156.26317313,141.71749854,20.4606726,-32.21128747,-36.34537366,-13.9984121
-15.914983388673,156.30658384,142.49054926,19.74724699,-32.35102315,-35.60494836,-15.07336962
-16.0772325285538,156.3542056,143.22258488,19.07760476,-32.46505572,-34.84620053,-16.14150214
-16.1800115937672,156.43471806,143.94280908,18.44712898,-32.59426028,-34.17944427,-17.12167643
-16.2163555028215,156.47920533,144.55665582,17.89605989,-32.69780898,-33.49868799,-18.07472087
-16.1797243696152,156.56059107,145.1647825,17.38005518,-32.81602323,-32.90945988,-18.94541789
-16.0643009917485,156.6061162,145.66359236,16.94595576,-32.91208287,-32.31595604,-19.77743535
-15.8652787870773,156.66896977,146.1295059,16.5611335,-33.01016252,-31.78281642,-20.54037983
-15.5791259142803,156.75912479,146.57921091,16.21263615,-33.10772838,-31.30585135,-21.22109304
-15.2038129877027,156.8245032,146.92722105,15.95182806,-33.20120759,-30.87184746,-21.85428211
-14.7389939725073,156.85014295,147.17501871,15.74451611,-33.28718145,-30.47129004,-22.42500131
-14.1861322092835,156.95782273,147.4612951,15.61053039,-33.3713627,-30.1263854,-22.9121612
-13.5485651989329,157.00317595,147.63405689,15.48272102,-33.44034392,-29.7914055,-23.37968923
-12.8315036643591,157.10064422,147.79885277,15.44774414,-33.50859968,-29.50545575,-23.77677786
-12.0419639410461,157.13403152,147.83677656,15.46066485,-33.58087163,-29.28876,-24.08379185
-11.1886364942994,157.24779421,147.95193378,15.45027414,-33.61566087,-29.00892424,-24.45367167
-10.2816957524689,157.28936004,147.90966218,15.53521114,-33.6718899,-28.84544263,-24.67786893
-9.33255813830224,157.39917971,147.95793338,15.5366723,-33.67946831,-28.57943262,-25.01829205
-8.3535968196838,157.45469309,147.86176672,15.62586927,-33.71244758,-28.43425868,-25.2591188
-7.35782323936331,157.54317308,147.82023449,15.66278723,-33.70649931,-28.21301917,-25.52133064
-6.35854681067056,157.61995257,147.72057673,15.7082259,-33.70414829,-28.0356877,-25.78565739
-5.36902516161218,157.68863154,147.59130148,15.73506263,-33.68766556,-27.84879075,-26.06159801
-4.40211798750685,157.76829763,147.47195918,15.70364088,-33.65495799,-27.63987057,-26.38417245
-3.46995792519823,157.83952617,147.32913984,15.64182025,-33.611089,-27.41986828,-26.73330303
-2.58365131567817,157.90589239,147.17502754,15.53347746,-33.55245089,-27.17213019,-27.12938469
-1.7530198803386,157.95891017,146.9850044,15.42822306,-33.48422399,-26.91007665,-27.55536661
-1.75634488437343,184.26819096,146.60755012,42.34655288,25.58103487,4.55640219999998,21.47511536
-1.49771890694727,183.61479155,144.68500426,42.47923986,24.72691433,2.52428365999998,21.17291988
-1.19960776534753,182.96205037,142.75963148,42.59724523,23.84263275,0.431301189999999,20.89712407
-0.862720568824544,182.28594334,140.79963933,42.72960473,22.92819411,-1.72207629000002,20.65850989
-0.488824492070341,181.58511874,138.80699283,42.87960409,21.99297261,-3.90773199,20.42954155
-0.0807954131488279,180.87029612,136.79913094,43.04332766,21.03409072,-6.13549984000002,20.24133201
0.35735346342884,180.14407411,134.78326703,43.21968248,20.05598742,-8.39256204000003,20.08214151
0.820492539165686,179.41031016,132.77417186,43.39454925,19.08182008,-10.61110499,19.88296105
1.30245378234325,178.67388203,130.76909655,43.61996317,18.06445556,-12.9263276,19.82564385
1.79616294930109,177.92640952,128.77730472,43.83935694,17.06587862,-15.16192484,19.71386006
2.29382056605962,177.18816108,126.8170487,44.10753705,16.04498581,-17.43129559,19.68934543
2.78712352397804,176.45578736,124.89574952,44.39616939,15.01633341,-19.69793423,19.73067072
3.2675167701671,175.71540102,122.99893823,44.73359391,13.98884768,-21.93340704,19.8228293
3.72646268239603,175.00864941,121.17655101,45.12857972,12.93760644,-24.20345473,20.05009516
4.15571451563378,174.28201272,119.37347814,45.57737456,11.91712989,-26.35944957,20.26144461
4.54757996334056,173.57009136,117.63140373,46.09767133,10.88554535,-28.51169255,20.5948348
4.89516148815012,172.881488,115.9636971,46.6922593,9.85208188999999,-30.64373886,21.04921764
5.19256164009743,172.19456104,114.34647491,47.35996433,8.81736936999999,-32.74435595,21.60338342
5.43504398515388,171.51564949,112.79106986,48.10075847,7.78612554,-34.80004251,22.25212144
5.61914330732241,170.8458616,111.30019256,48.91078878,6.75934803999999,-36.80807422,22.99055826
5.74272232390736,170.18404294,109.87482517,49.77857513,5.73623246000002,-38.76840545,23.80952057
5.80497618175935,169.52675264,108.51208052,50.68826877,4.71899387000002,-40.67405277,24.68959208
5.80638917237743,168.88900967,107.22955939,51.64384453,3.69888215,-42.54415543,25.64638627
5.74864900127843,168.27497459,106.02468088,52.63954387,2.68129166,-44.37507733,26.68231446
5.63452444607052,167.61903147,104.84770026,53.60182715,1.68019049,-46.10359799,27.6446096
5.46771439490526,167.00963823,103.77230039,54.59042192,0.668612560000014,-47.82726714,28.7090481
5.25267817178829,166.38482838,102.74197454,55.56460362,-0.314323820000027,-49.42536166,29.69836236
4.9944569691285,165.80414499,101.81950117,56.52374261,-1.29852148000001,-50.99153835,30.72538652
4.69849494941151,165.21269863,100.94327025,57.44252491,-2.27687198999999,-52.49663429,31.71906491
4.37046697927962,164.60513193,100.10080563,58.33789863,-3.25553288,-53.95849662,32.70549552
4.01611824157451,164.02906667,99.35404972,59.18870519,-4.21039233000002,-55.31881021,33.62447871
3.6411193195546,163.46475525,98.67639045,59.99176452,-5.15369122000001,-56.60952451,34.49714512
3.25093889730088,162.91289942,98.06751113,60.74710857,-6.08352786999998,-57.8275303,35.32168993
2.850735052601,162.3736759,97.52631218,61.45129669,-6.99948234000001,-58.97268101,36.0912189
2.44526526346092,161.84886461,97.05423082,62.10295035,-7.90035501,-60.04381934,36.80644697
2.03881468923447,161.33634708,96.64721165,62.69996917,-8.78538473,-61.03899148,37.45498037
1.63514196632466,160.8408827,96.31216527,63.2502422,-9.64043461999998,-61.92207048,38.03099729
1.2374416011648,160.35637952,96.03421704,63.72707234,-10.50533648,-62.80369997,38.56903618
0.848321976540108,159.89095479,95.82847776,64.15170653,-11.33939882,-63.57230855,39.02280773
0.469797953285667,159.44113939,95.68783735,64.51490789,-12.15481708,-64.26282677,39.40399881
0.103297006317254,159.00418072,95.60801764,64.81190303,-12.95157347,-64.8751433,39.69816466
-0.250322245879017,158.58220872,95.59116811,65.04471416,-13.72221963,-65.39029952,39.90337542
-0.590740386952261,158.18271849,95.64304301,65.19872467,-14.4889952,-65.87234482,40.04678301
-0.918137860212656,157.80104428,95.75986654,65.28191147,-15.22887033,-66.25743112,40.0965022
-1.23314756221289,157.42947382,95.93130642,65.283454,-15.94808832,-66.56211297,40.03594992
-1.53680118219311,157.07641551,96.16561823,65.20762598,-16.64871724,-66.79505552,39.89014268
-1.83047126541951,156.73385379,96.45390874,65.04665419,-17.32636968,-66.94479106,39.62872231
-2.11581082989316,156.39568076,96.7845876,64.82114117,-17.98049016,-67.01131656,39.28484515
-2.39469143844691,156.10144279,97.21126383,64.4875415,-18.62376559,-67.03119926,38.84461288
-2.66913978835491,155.81193225,97.67922982,64.09001724,-19.24332553,-66.97078627,38.31915004
-2.94127361319736,155.53222067,98.19415274,63.62909947,-19.83790399,-66.82732777,37.70323514
-3.21323903196548,155.27548183,98.77592802,63.0826285,-20.41732342,-66.62870523,37.00727731
-3.48715160580624,155.04227202,99.42300134,62.45219572,-20.9861286,-66.38864571,36.24440348
-3.76504274224568,154.81816043,100.1134812,61.76605146,-21.53074312,-66.07215671,35.40135336
-4.04881271132406,154.57515736,100.81567097,61.04524352,-22.05036975,-65.67594001,34.50936019
-4.34019130338955,154.41264085,101.64992268,60.21362406,-22.55357402,-65.23175092,33.50020804
-4.64070683943055,154.23498316,102.49831752,59.34210345,-23.03837231,-64.72612581,32.46479839
-4.95166383633672,154.09071654,103.41445402,58.39862916,-23.51499091,-64.19598861,31.36106446
-5.27412913864509,153.97283402,104.38287801,57.41087742,-23.98751659,-63.65451916,30.24647358
-5.60892577620253,153.85254038,105.38348112,56.35900662,-24.42776463,-63.01983867,29.03592927
-5.95663322619565,153.74865775,106.42975661,55.24799706,-24.85163045,-62.34041106,27.76910111
-6.31759218753312,153.66594303,107.52405235,54.08068062,-25.26184297,-61.62602984,26.460149
-6.69191145958817,153.5895964,108.64698051,52.85448243,-25.65316882,-60.86344258,25.07583382
-7.07947410390024,153.53114503,109.80849764,51.57529091,-26.02988038,-60.06698135,23.64315529
-7.47993980610374,153.48549141,110.99785251,50.24793824,-26.39239332,-59.24018463,22.16435906
-7.89274029146186,153.45297073,112.21459433,48.87485458,-26.74103262,-58.38648431,20.64322245
-8.31706512758983,153.42592568,113.44326568,47.4650813,-27.0735192,-57.50111892,19.07002397
-8.7518453432091,153.41737705,114.69372843,46.0272422,-27.40228361,-56.62154436,17.5007726
-9.19576097323139,153.41133694,115.9457415,44.56986114,-27.71307744,-55.71104356,15.88405954
-9.64728957077199,153.41306671,117.19948423,43.10312324,-28.0136986,-54.79322762,14.25569141
-10.10477640985,153.42080048,118.44839147,41.63675615,-28.30496619,-53.87281495,12.62472421
-10.5664974217259,153.43028635,119.68324052,40.18258395,-28.58442296,-52.94584323,10.98904297
-11.0307035095643,153.44610119,120.90429868,38.74669932,-28.86104318,-52.03818505,9.3836969
-11.4956445658287,153.46930667,122.10875739,37.3394697,-29.1317573,-51.14369536,7.81105438
-11.9595727507678,153.49111693,123.28446672,35.96843052,-29.39648187,-50.26494402,6.26615955
-12.4207261197547,153.50500266,124.42061984,34.64146406,-29.65119062,-49.3935562,4.74449308
-12.8772954400742,153.5298405,125.53454637,33.36430946,-29.90598962,-48.55712764,3.28755905
-13.3273777959081,153.55264398,126.6105822,32.14306978,-30.15426421,-47.74025598,1.87842614
-13.7689202234793,153.57792555,127.65085984,30.98212112,-30.39911537,-46.95188519,0.532948670000003
-14.1996570543103,153.59819236,128.6476162,29.88507328,-30.63578603,-46.18177883,-0.76467796
-14.6170461140546,153.61776302,129.60448187,28.85320733,-30.8661108,-45.43544019,-2.00313787
-15.0182098836341,153.63636399,130.52036955,27.88977172,-31.08964149,-44.71259372,-3.17969661
-15.3998877790246,153.65297143,131.39478874,26.9952424,-31.30752695,-44.01781432,-4.292748
-15.7584052578305,153.67296038,132.23301533,26.16697279,-31.51554748,-43.33947432,-5.34568102
-16.0896646644411,153.67716918,133.01075532,25.41375009,-31.70625742,-42.65629276,-6.35832149
-16.3891596635433,153.6820876,133.77519461,24.65201019,-31.88381039,-41.98152873,-7.35945447
-16.6520047456397,153.72770702,134.50530258,24.07587506,-32.07627353,-41.39531787,-8.16567401000001
-16.8729643724873,153.74005339,135.1972153,23.44504458,-32.23235973,-40.75436344,-9.06130535
-17.0464858896704,153.78228428,135.84274024,22.98195481,-32.40424993,-40.20431384,-9.77056077
-17.1667654708059,153.84018255,136.49318857,22.4968303,-32.55453844,-39.63999474,-10.50066848
-17.2278682410225,153.86260706,137.07410428,22.03613652,-32.67680452,-39.04769221,-11.2511786
-17.2239001568938,153.9484021,137.65971712,21.67850209,-32.82229883,-38.5683526,-11.82090101
-17.1492196753953,153.99023608,138.15665692,21.36323496,-32.93643762,-38.05149283,-12.43886899
-16.9986763547164,154.04710562,138.64076084,21.04562645,-33.03093637,-37.53012079,-13.04676998
-16.7678630135776,154.13454774,139.12365826,20.73749367,-33.12603114,-37.0624246,-13.60350932
-16.4533679300945,154.21729472,139.54250433,20.5003688,-33.2144001,-36.6284778,-14.11428229
-16.0530137898888,154.3041284,139.9264783,20.26682756,-33.28513782,-36.19826363,-14.62734688
-15.5660706945116,154.37255728,140.24957498,20.03753423,-33.34559259,-35.79490353,-15.12412047
-14.9934315168703,154.48846774,140.5729304,19.83543123,-33.38755456,-35.3892276,-15.6308432
-14.3377392510982,154.56255178,140.791743,19.65528912,-33.43985894,-35.0698449,-16.07923742
-13.603457761131,154.70383492,141.05505124,19.45944273,-33.47982189,-34.76774742,-16.51661045
-12.7968794832767,154.8060212,141.22650821,19.26863548,-33.49737034,-34.45667615,-16.99283105
-11.9260661588812,154.900671,141.32799312,19.09853891,-33.51566925,-34.19644506,-17.45785995
-11.0007215055295,154.9957509,141.38611732,18.92886703,-33.52432554,-33.95875941,-17.91199606
-10.031997780266,155.09070657,141.39490352,18.76812399,-33.52693615,-33.75025493,-18.36156958
-9.03224131563585,155.15891366,141.30401113,18.66661745,-33.54164059,-33.62211519,-18.7339388
-1.69432180452275,184.2099891,148.59516309,40.02004966,24.62052731,7.16248078000001,15.6810556
-1.37572598113435,183.63357664,146.78056947,40.23457964,23.82023293,5.21781387999999,15.4598201
-1.01755531977028,183.0345429,144.92564434,40.46476549,22.99637979,3.22626828999998,15.25689523
-0.621529981117609,182.41554791,143.03517391,40.71634284,22.1496345,1.19001028999998,15.0741266
-0.19023257502764,181.77998558,141.11848297,40.97902094,21.28436757,-0.875967539999976,14.90357426
0.272920770561153,181.12857615,139.17808704,41.26060176,20.40119178,-2.96975357000002,14.75088842
0.763695989040819,180.46419023,137.22080693,41.56126091,19.50195135,-5.08432242999999,14.61329452
1.27705078064776,179.78726696,135.25062138,41.88857258,18.58761518,-7.21674087,14.51024937
1.80716783943589,179.1000702,133.27546567,42.23786773,17.66062989,-9.35731719,14.42981937
2.34753060433223,178.40477839,131.30697971,42.59823538,16.73484473,-11.46618094,14.33396611
2.89104325694138,177.70734615,129.34255282,43.02303544,15.77808798,-13.6310472,14.35499861
3.43018988471825,176.99769397,127.3886508,43.47124476,14.82242625,-15.76225065,14.38898116
3.95722535624582,176.28240133,125.45292067,43.96636981,13.8781418,-17.83174819,14.42827941
4.46438841417049,175.58497955,123.56789391,44.51022604,12.90050682,-19.95469367,14.59899113
4.94412596305972,174.87190126,121.69899852,45.11497922,11.93370765,-22.01603001,14.80822518
5.38931667461573,174.17146716,119.88043107,45.77827802,10.96519033,-24.04265512,15.08356739
5.79348196481159,173.46137486,118.09431924,46.51830634,10.01071396,-25.99589243,15.40419746
6.15097316328022,172.78053872,116.38920077,47.32630361,9.04234577000003,-27.94618904,15.85012889
6.45712526132344,172.10037659,114.73393078,48.18962121,8.07903782,-29.84114802,16.35536259
6.70836987445082,171.43806543,113.15383324,49.09459477,7.10974934999999,-31.705384,16.92899852
6.9023027985597,170.78226057,111.63721287,50.05570465,6.14522783000001,-33.51415191,17.57560343
7.03770453360925,170.15173893,110.20293265,51.05686997,5.18696165,-35.26675443,18.29875554
7.11451554103969,169.49027855,108.8029124,52.07858859,4.25316036999999,-36.88989472,18.94360915
7.13377134545867,168.87951099,107.52015847,53.10595768,3.29747370000001,-38.5295496,19.71177464
7.09750374287953,168.26549223,106.29495535,54.13391858,2.35424927,-40.08584446,20.46656422
7.00861373218738,167.66435267,105.14782279,55.15113108,1.41177858,-41.58970751,21.2312654
6.87072270381525,167.06907048,104.07223923,56.14570523,0.478447020000004,-43.0171119,21.97532304
6.68801049096045,166.4884987,103.07698283,57.11116675,-0.455399400000005,-44.39708075,22.71366737
6.46504939353805,165.91527115,102.15552792,58.04150556,-1.38217377000001,-45.70879384,23.43076475
6.2066422355195,165.371876,101.33108708,58.93956146,-2.30541860000002,-46.96701783,24.14519345
5.91767096226796,164.82949107,100.57781884,59.76499684,-3.23074207000002,-48.18222804,24.83232446
5.60296058930712,164.2731053,99.85963405,60.5815089,-4.14452627,-49.31984783,25.46884312
5.26716164659731,163.74859656,99.24763677,61.31464313,-5.05076151,-50.39480413,26.05881044
4.91465275243364,163.23431412,98.70491339,62.02313901,-5.96257939,-51.44738742,26.67703487
4.54946368514614,162.72526365,98.23147486,62.65649115,-6.86568252000001,-52.43214662,27.21333652
4.17521834297645,162.22853554,97.83000616,63.23911048,-7.76386037,-53.3677296,27.73032406
3.79509629470801,161.74037842,97.49726336,63.76032922,-8.65621123,-54.25088768,28.20385475
3.41181119010716,161.2646548,97.23514517,64.22355492,-9.54332141,-55.08737853,28.64931677
3.02760406014688,160.80213106,97.04720825,64.6165921,-10.42174329,-55.8674544,29.04470335
2.64424942551106,160.34050315,96.91788578,64.93245506,-11.29450354,-56.59638964,29.37184565
2.26307208672026,159.89659185,96.86324706,65.18057296,-12.15755598,-57.27231252,29.65882643
1.88497244152272,159.45599916,96.86921139,65.34043246,-13.0138213,-57.89672709,29.86517271
1.5104581336613,159.05320779,96.97528567,65.41933249,-13.85020183,-58.44256498,29.9992499
1.13967977079382,158.62731247,97.1063903,65.4175779,-14.68628849,-58.96044858,30.0894054
0.772468364663518,158.234427,97.33006345,65.3275811,-15.5062713,-59.41172645,30.10328929
0.40837206151178,157.85869882,97.62686827,65.1461065,-16.31225999,-59.80085265,30.03719428
0.0466901232619594,157.50134231,97.99741767,64.8736059,-17.10167861,-60.12342604,29.88883847
-0.313496431597674,157.16254946,98.44096048,64.51110964,-17.8740826,-60.3792856,29.65866213
-0.673296971538609,156.84722796,98.96355519,64.05749389,-18.62335868,-60.55338891,29.33270504
-1.03398645148787,156.53589257,99.53577035,63.5138823,-19.37041387,-60.69983136,28.9493781
-1.39698513323148,156.25561788,100.19319548,62.88802442,-20.0918172,-60.76286911,28.48207956
-1.76384389229516,155.99076426,100.91575116,62.18700187,-20.79256011,-60.75519015,27.95384163
-2.13623502147738,155.75843406,101.71921331,61.38781772,-21.47503827,-60.68370126,27.30912916
-2.51594755624792,155.54329201,102.58655466,60.51923874,-22.13609963,-60.54238518,26.60861708
-2.90488539885085,155.35047304,103.52094241,59.57728522,-22.7746396,-60.32998182,25.8318638
-3.30506574622065,155.16262252,104.5075784,58.55424045,-23.38697865,-60.0375295,24.99484136
-3.71861457003092,155.02972371,105.58067201,57.47995516,-23.98550507,-59.70242592,24.0620002
-4.14775520103651,154.88257082,106.68426988,56.31903766,-24.5552398,-59.28273582,23.06677902
-4.59478549210386,154.79364989,107.8777343,55.11096725,-25.10178681,-58.79757408,21.99556324
-5.06203864746152,154.7075509,109.10854154,53.84062197,-25.62631758,-58.25532067,20.86984974
-5.55182269429793,154.64231991,110.39028831,52.50645036,-26.1248235,-57.64278093,19.66851691
-6.06633382445239,154.59495815,111.71635782,51.1138396,-26.59874001,-56.96692503,18.39604302
-6.60753952763799,154.56756147,113.08537695,49.66911144,-27.0488396,-56.23359606,17.0616042
-7.17702863597536,154.55796173,114.49133725,48.1748227,-27.47432468,-55.44254481,15.66498342
-7.77584164820994,154.56598765,115.92996715,46.63760636,-27.87623809,-54.59918161,14.21229729
-8.40432743515311,154.5909766,117.39678714,45.06361505,-28.25485936,-53.70679957,12.70774165
-9.06206426492189,154.63237859,118.88643581,43.46208747,-28.61107072,-52.7703312,11.15889608
-9.74782821171193,154.68724957,120.39154737,41.84051224,-28.94526005,-51.79316467,9.57253087
-10.4595737234471,154.75603854,121.9075279,40.21012541,-29.25881735,-50.78195588,7.96114938
-11.1944159690181,154.83580952,123.42681544,38.5809445,-29.55233603,-49.74047932,6.33043709
-11.9486188720883,154.92561529,124.94319639,36.96401793,-29.82800272,-48.67754916,4.69636066
-12.7175943152624,155.02340959,126.45146695,35.36605603,-30.08387901,-47.5896008,3.05642068
-13.495919285491,155.12729256,127.94432735,33.79853105,-30.32321388,-46.48831674,1.42895576
-14.2773759805215,155.23563242,129.41598008,32.26984205,-30.54654185,-45.37731868,-0.179229249999999
-15.0550161293882,155.34774643,130.86384871,30.78249893,-30.75201973,-44.25356124,-1.77143099
-15.8212498288229,155.46143271,132.28003219,29.3467482,-30.94263803,-43.1279596,-3.33249744
-16.5679601446868,155.57264414,133.65228562,27.97341334,-31.12156368,-42.00900094,-4.84726294
-17.2866441108691,155.68056791,134.98512116,26.65678354,-31.27163095,-40.8549687,-6.37234136
-17.9685636219312,155.79979685,136.29787661,25.37716043,-31.41167044,-39.72217829,-7.83575435
-18.6048461863933,155.90391076,137.52633121,24.20422994,-31.54739353,-38.62118175,-9.23914116
-19.1864763759162,156.01155048,138.71747771,23.07955032,-31.66629493,-37.52773501,-10.60458994
-19.7042173093439,156.12744345,139.86664733,22.01760891,-31.77889157,-36.47306237,-11.89633169
-20.1485771300273,156.21669541,140.91307661,21.06260209,-31.87704789,-35.43321298,-13.142517
-20.5098932986254,156.3174677,141.91650972,20.16714974,-31.96733204,-34.43266338,-14.32512071
-20.7785369364057,156.41334617,142.84619176,19.35272416,-32.05229193,-33.48059257,-15.43441535
-20.9452137463353,156.50768229,143.71604393,18.58910202,-32.12978216,-32.57856839,-16.47611238
-21.0013338468063,156.59758362,144.47780209,17.96504141,-32.20922441,-31.73991915,-17.43046285
-20.9394202883773,156.6860002,145.17439755,17.39335184,-32.27956777,-30.95169585,-18.32871603
-20.7535251559441,156.78091629,145.80046028,16.89683484,-32.35449941,-30.24716852,-19.14223662
-20.4396229951363,156.85599281,146.31487541,16.49456544,-32.41606191,-29.57966786,-19.8924463
-19.9959537681943,156.93710315,146.76513851,16.13261563,-32.47874217,-28.98701575,-20.59079742
-19.4232914679407,157.00390503,147.11376982,15.85152264,-32.53824167,-28.46314348,-21.21304651
-18.7251196780835,157.06722768,147.3716583,15.63797198,-32.59726501,-28.00983454,-21.77454768
-17.9077013317191,157.14980861,147.57330866,15.46053241,-32.64415101,-27.58808905,-22.34454978
-16.9800360989875,157.18644147,147.63394959,15.37941329,-32.70452412,-27.28360066,-22.76976671
-15.9537052906425,157.2607822,147.70272691,15.24218499,-32.72192507,-26.91754826,-23.31653497
-14.8426109405521,157.3076988,147.65296327,15.17272819,-32.7515738,-26.65151075,-23.77201125
-13.6626215519187,157.35287993,147.51558852,15.1704493,-32.79385898,-26.48220165,-24.14179789
-12.4311409242162,157.38529049,147.35318394,15.0714184,-32.79236939,-26.23370956,-24.66323723
-11.1666193584754,157.44595631,147.155127,15.01583222,-32.79946786,-26.06358705,-25.09685164
-0.767007325879921,155.33111817,101.82725526,59.91047235,-19.71109358,-57.6968831,26.18086678
-1.09768228467063,155.12701949,102.72646107,58.97744616,-20.42204156,-57.68630446,25.5020267
-1.45758319374279,154.94536622,103.69737485,57.97792077,-21.11266584,-57.60988,24.76312808
-1.85016928376804,154.78270211,104.73345164,56.91441203,-21.78366528,-57.4696148,23.95952993
-2.2787010685101,154.64050753,105.83538168,55.78911208,-22.43347,-57.26382502,23.0974506
-2.74618819251506,154.51858081,107.00068382,54.60446006,-23.06155771,-56.9920426,22.17552606
-3.25532618097786,154.41736854,108.22763098,53.36393821,-23.66531526,-56.64932915,21.19137144
-3.80841728082439,154.33411153,109.50922391,52.06708257,-24.2495025,-56.25013232,20.15322772
-4.40727078081573,154.27530906,110.85210168,50.71835284,-24.80369541,-55.76745393,19.0435249
-5.05307892188382,154.23618454,112.24625545,49.31369912,-25.33262909,-55.21583656,17.87130651
-5.74626581541174,154.21212284,113.67940299,47.8742686,-25.84143436,-54.61588943,16.65209514
-6.48632056509476,154.20951533,115.15797645,46.38617652,-26.32244838,-53.94455913,15.3666436
-7.27165781814085,154.22669547,116.67401504,44.86024034,-26.77871869,-53.2143174,14.02380199
-8.09955270522028,154.26203946,118.22123031,43.30217023,-27.20942626,-52.42624412,12.62868699
-8.96614933483882,154.31643021,119.79464786,41.72112904,-27.61643518,-51.58857391,11.18892676
-9.86650876862663,154.38718445,121.385814,40.12386675,-28.00025419,-50.70574029,9.71073187
-10.794675602379,154.4726759,122.98684444,38.51965595,-28.362333,-49.78467272,8.20104684
-11.7437603554739,154.57196726,124.590892,36.91943195,-28.70393331,-48.8325101,6.67192703
-12.7060395279269,154.6719528,126.17176308,35.34528707,-29.02936448,-47.86498783,5.14823693
-13.6730757205047,154.80012111,127.77070529,33.76936045,-29.33002956,-46.85951837,3.58799841
-14.6358576181361,154.92914718,129.33610757,32.23685806,-29.61678163,-45.85080145,2.0495366
-15.5849552286087,155.05995563,130.8682141,30.74504052,-29.88772445,-44.83604637,0.524757440000002
-16.5106850238964,155.19535709,132.36445623,29.30398967,-30.14523774,-43.82477586,-0.973102860000001
-17.403281509979,155.31094071,133.78816628,27.92176332,-30.39303536,-42.8282044,-2.43438334
-18.2530723510923,155.44056636,135.18665279,26.58677771,-30.61911461,-41.81866348,-3.89211409
-19.0506289325601,155.56833833,136.52984196,25.30740045,-30.83480997,-40.82648705,-5.31707728
-19.786813904408,155.68525955,137.80061385,24.10270095,-31.03351669,-39.83988796,-6.71961911
-20.4526819344071,155.81733967,139.03798023,22.94111425,-31.21625123,-38.86253054,-8.10305231
-21.0393209406844,155.90141408,140.13409098,21.90040815,-31.39648316,-37.93242857,-9.40684283
-21.5377659024133,156.00717858,141.1991611,20.90475425,-31.55982749,-37.01458142,-10.68785402
-21.9390415474326,156.10254626,142.18001386,19.98639885,-31.71215347,-36.12812074,-11.93086636
-22.2343266689324,156.17142968,143.04929659,19.15978009,-31.84967627,-35.26546539,-13.1481622
-22.4152165754392,156.24881611,143.85705269,18.40379653,-31.97782208,-34.44176886,-14.3036816
-22.4740564401551,156.35862359,144.63233682,17.72114043,-32.09879666,-33.67017963,-15.37439156
-22.404316199091,156.39849763,145.2325536,17.13262066,-32.20793266,-32.9279037,-16.42727935
-22.2009771231933,156.45659061,145.78044463,16.62324004,-32.30471113,-32.22551755,-17.42024855
-21.8609011804355,156.5173412,146.25329251,16.19553142,-32.39252985,-31.57054452,-18.34033879
-21.3831566856186,156.56845055,146.66232292,15.79672605,-32.47149205,-30.96807976,-19.19312644
-20.7692776555255,156.68674628,147.0361123,15.53377225,-32.55000785,-30.42831847,-19.94774102
-20.023439059966,156.70769518,147.2472441,15.30942448,-32.6116366,-29.92073268,-20.6654515
-19.1525339700744,156.80439163,147.47158958,15.14127774,-32.64410788,-29.38451925,-21.41613812
-18.1661429581627,156.83979698,147.56237179,15.0424613,-32.68869893,-28.96749185,-21.98959375
-17.0763937257577,156.93945748,147.69582734,14.91514686,-32.67906467,-28.44582416,-22.69458574
-15.8977169940287,157.00836482,147.73628901,14.82140673,-32.67602176,-28.01251274,-23.2888965
-14.6465098397258,157.09703652,147.74329641,14.76289176,-32.66275331,-27.60807835,-23.86015692
-13.3407209502998,157.18419814,147.72236046,14.67394053,-32.62688774,-27.19180711,-24.43963654
-11.9993750347531,157.28166815,147.67909796,14.57533896,-32.57425882,-26.77716257,-25.02436232
-10.6420558581424,157.38417918,147.61175984,14.46267088,-32.50509631,-26.35973178,-25.61345765
-9.28836890051128,157.49096545,147.53222417,14.31825264,-32.41268879,-25.91475706,-26.22039739
-7.95740532940971,157.60257274,147.4424124,14.11733982,-32.30771462,-25.46223655,-26.86880278
-1.88672766062388,179.87051665,137.69982165,40.90767316,18.91040537,-7.06322899999998,18.77500483
-1.5908636883328,179.18256529,135.63593824,41.04335075,17.92375886,-9.41886873999997,18.56031307
-1.24420607943573,178.46891878,133.5277923,41.24180939,16.91965105,-11.80136786,18.39791183
-0.850325421391909,177.73607626,131.3860139,41.51961185,15.88429167,-14.25262198,18.33720722
-0.414435644531234,176.99227791,129.22313317,41.88758292,14.8281149,-16.74098064,18.36283062
0.0567562267567106,176.2306884,127.03943574,42.33161371,13.74583202,-19.28254473,18.52054296
0.555275042268577,175.45985983,124.85106425,42.87172613,12.63931691,-21.87051934,18.80245185
1.07216330272063,174.67689172,122.65789754,43.49420514,11.55769052,-24.35992114,19.07148939
1.59781080442749,173.90976352,120.50212953,44.20893573,10.44068027,-26.9279778,19.54204832
2.12230924022162,173.12237137,118.34830109,45.02409652,9.33172887999999,-29.44766962,20.08189781
2.63581207849723,172.34166966,116.23080353,45.93429427,8.22079873000001,-31.9395521,20.72070472
3.12888054581871,171.57733999,114.16861591,46.94868132,7.10485876000001,-34.42229151,21.50678868
3.59279827884925,170.81212753,112.14428475,48.0445617,5.99205296,-36.85625029,22.37055974
4.01984005306396,170.06994602,110.19350324,49.23527222,4.87966885,-39.25972404,23.36331891
4.40348532382692,169.32199145,108.28383399,50.50737534,3.77207276000001,-41.61293662,24.44900818
4.73857458150268,168.58861306,106.44289116,51.84967005,2.66779136,-43.9180659,25.6232363
5.02140811693127,167.86161782,104.66371449,53.24836744,1.56698932999998,-46.17175019,26.87349026
5.24978261176549,167.14337718,102.95273155,54.69159435,0.473932919999982,-48.3622088,28.17671848
5.42296290541245,166.43210499,101.30852474,56.16119026,-0.615842289999989,-50.49785494,29.52309131
5.54159485422837,165.73586644,99.74060149,57.64051881,-1.70904682,-52.59715965,30.91540397
5.60757093879109,165.03511356,98.23162233,59.12456418,-2.78228113999998,-54.59304597,32.28601217
5.62386161519701,164.35613724,96.80649015,60.58642686,-3.86216408999999,-56.55966874,33.66949937
5.59432504112117,163.70355325,95.47728299,62.02467819,-4.91901620000002,-58.41683087,35.00326076
5.52350659327102,163.00522783,94.15670402,63.42360339,-5.98777625,-60.25323201,36.34343892
5.41643780206225,162.34437932,92.94399576,64.77497233,-7.03673825999999,-61.99099769,37.61781928
5.27844225418672,161.69566862,91.80839214,66.07189694,-8.07691629000001,-63.65855171,38.84506733
5.1149539271103,161.06068766,90.75155761,67.30603893,-9.10563685000002,-65.24772258,39.9988685
4.93135153837541,160.43872693,89.77424768,68.46871044,-10.12517631,-66.76995257,41.10439793
4.73281095453269,159.83350522,88.87948145,69.55892857,-11.12995142,-68.20801681,42.12876239
4.52417657248952,159.24563007,88.06848091,70.5699603,-12.12050192,-69.56632328,43.07720054
4.30985185589663,158.6756745,87.34226071,71.49481475,-13.09490823,-70.83946303,43.93650558
4.09370881143249,158.12610486,86.70311237,72.33150226,-14.05232794,-72.02805034,44.71065618
3.87901601899676,157.5984698,86.15267591,73.07526484,-14.99272209,-73.13354234,45.39867884
3.66838478237866,157.09778669,85.69613991,73.72820555,-15.91469226,-74.15501513,46.00724632
3.46373295671798,156.6243232,85.33673616,74.26418668,-16.82201357,-75.09850142,46.50225193
3.26626597242153,156.14673762,85.03703562,74.70277029,-17.69542604,-75.91509732,46.86553522
3.07647447423005,155.69970092,84.83718036,75.02547235,-18.54970002,-76.64344111,47.10716598
2.89414781771464,155.28169899,84.73193828,75.25201559,-19.38405613,-77.28946123,47.27038279
2.71840242850782,154.88548112,84.71447121,75.37229106,-20.19570311,-77.84368534,47.32827435
2.54772376553851,154.52090525,84.79684252,75.38712755,-20.99025474,-78.32425764,47.31030826
2.38002037572983,154.15160023,84.93636705,75.29157712,-21.7482066,-78.67100344,47.12176634
2.21268830577358,153.82285782,85.18337678,75.10042214,-22.48498315,-78.93759599,46.86434845
2.04268394386831,153.50045359,85.50127161,74.79697041,-23.19342971,-79.09680194,46.46537474
1.86660318657905,153.19897072,85.90292189,74.40782328,-23.87289244,-79.15449264,45.97924042
1.68076464879094,152.91327798,86.38331529,73.92006182,-24.52708618,-79.12042831,45.39372011
1.48129444259341,152.64804502,86.94723329,73.34133498,-25.15376196,-78.98968443,44.70926127
1.26420983640918,152.40656564,87.59885979,72.66655629,-25.75290312,-78.76318682,43.92381941
1.02549887723504,152.19505289,88.3424824,71.89140985,-26.33139606,-78.46099345,43.04977948
0.761192838856191,151.9802486,89.14508357,71.05014937,-26.86571943,-78.01917724,42.06315908
0.467428186888106,151.79960621,90.04445301,70.10779583,-27.37884951,-77.50331944,40.99444476
0.140494688235374,151.64022366,91.02548578,69.07958679,-27.86368668,-76.89427041,39.83293995
-0.223131955084349,151.49807849,92.08353239,67.96989225,-28.32060135,-76.19480746,38.58917742
-0.626768546255676,151.38284685,93.23029878,66.77180764,-28.74633268,-75.39727987,37.25536543
-1.07350433146908,151.30002589,94.46372333,65.49260561,-29.14850654,-74.52295831,35.84199552
-1.56617650162764,151.24117997,95.78057929,64.1379114,-29.52598589,-73.57459853,34.37131965
-2.10734177598322,151.20239402,97.17223111,62.68993922,-29.87138042,-72.52905916,32.79739839
-2.6992439766044,151.19617025,98.64934747,61.16530211,-30.19639887,-71.42357727,31.17370958
-3.34377320225222,151.21607301,100.20097932,59.56457743,-30.49778149,-70.25028975,29.48601654
-4.04241002355246,151.26724782,101.83036342,57.89021867,-30.77516105,-69.01077406,27.73820576
-4.79614758110678,151.34722413,103.52976631,56.15154942,-31.0327559,-67.71869409,25.94587274
-5.6053845455287,151.45571148,105.29435258,54.35468124,-31.26697875,-66.36762641,24.10385076
-6.46978275827096,151.58977499,107.11824973,52.50352268,-31.47959695,-64.96390946,22.22006974
-7.38808514646491,151.75622372,108.99949038,50.61684501,-31.67381177,-63.52053302,20.31478356
-8.35789226915111,151.93978774,110.9174282,48.69805519,-31.84898839,-62.03769367,18.38348041
-9.37541195841493,152.15669279,112.87910636,46.76882194,-32.01186208,-60.53714686,16.46930853
-10.4352402514751,152.38527714,114.86371523,44.82131867,-32.14705049,-58.98169067,14.49807945
-11.530253881873,152.63730619,116.86726971,42.88569601,-32.27551948,-57.42921449,12.56860267
-12.6516359313393,152.8925074,118.85856995,40.97057248,-32.3900705,-55.8609055,10.63872872
-13.7889861674479,153.17094656,120.87135794,39.06486176,-32.48026937,-54.26107601,8.71106369
-14.9304718504385,153.449219,122.84410904,37.21691429,-32.575383,-52.70125632,6.85148463
-16.0630112829306,153.73898094,124.81265465,35.3991177,-32.64181757,-51.10339345,4.98191707
-17.1724965424908,154.02303149,126.71870631,33.66568814,-32.71713271,-49.56314614,3.21467636
-18.2440597989418,154.29386445,128.57137527,31.9877596,-32.76580109,-47.99330142,1.42307604
-19.2623816162065,154.58112384,130.39752563,30.37938937,-32.80881844,-46.45417595,-0.27968606
-20.2120357046133,154.85439068,132.14914938,28.85970013,-32.84026974,-44.93285585,-1.93937756
-21.0778643333082,155.0914483,133.79556299,27.43944516,-32.85088489,-43.40619817,-3.57539494
-21.845377635689,155.36583296,135.42795727,26.09266058,-32.8666406,-41.94895169,-5.09689287
-22.5011283145573,155.58006395,136.91192071,24.86336399,-32.85419206,-40.47417141,-6.61441301
-23.0329459712804,155.82741295,138.36997882,23.71608343,-32.85029885,-39.08598203,-8.00337632
-23.429992610186,156.02713446,139.6840922,22.69477335,-32.81422821,-37.67696547,-9.37715047
-23.6827817101699,156.2338159,140.93031218,21.75794476,-32.77667664,-36.33309269,-10.67110779
-23.7833086234325,156.43198977,142.08226612,20.92178923,-32.73018827,-35.03789428,-11.89183898
-23.7253084883039,156.62088949,143.13739194,20.1806035,-32.67266645,-33.78817591,-13.05133382
-23.5045937244543,156.83433988,144.14050053,19.51395344,-32.60700231,-32.59714479,-14.13050856
-23.1194192613542,156.99504611,144.97772895,18.96443896,-32.532587,-31.45480589,-15.17497946
-22.5708255424693,157.16420374,145.74221224,18.47850193,-32.44050924,-30.34828084,-16.16689973
-21.8629147387665,157.29271945,146.37215386,18.05746482,-32.33911435,-29.29491614,-17.11279293
-21.0030238079427,157.49005062,146.98236457,17.72594638,-32.22931151,-28.29994216,-17.99870576
-20.0017682345133,157.61245126,147.42042133,17.44424538,-32.1106749,-27.36237245,-18.83589034
-18.8729416007133,157.74521274,147.76334747,17.24607303,-31.99364644,-26.49889735,-19.62892075
-17.6332677212772,157.88190377,148.0357723,17.07487187,-31.85885582,-25.66142759,-20.41109476
-16.3020130803326,158.03283463,148.30301804,16.83542798,-31.66651016,-24.71662319,-21.32293321
-14.9004769721521,158.15847962,148.39250203,16.7567715,-31.5274231,-23.99448118,-22.02671359
-13.4513847497084,158.26272632,148.45200865,16.57543652,-31.3320555,-23.16157501,-22.86322485
-11.9782155655729,158.38190467,148.44308628,16.45281918,-31.1442832,-22.40312291,-23.63319187
-10.5044991528539,158.48072527,148.35251367,16.34270799,-30.94836967,-21.66175429,-24.39720754
-9.05311653341927,158.57744842,148.21649783,16.23017804,-30.73594128,-20.90736667,-25.16796805
-7.6456378631073,158.66359267,148.03178645,16.13742773,-30.50180373,-20.1236205599999,-25.91466799
0.164301041558922,180.16231249,140.15309776,44.03793536,18.30439192,-8.27661272,26.28683747
0.491636163268933,179.50968,138.18026167,44.22444347,17.36014385,-10.56931494,26.21144079
0.8442485075584,178.83441784,136.17389297,44.45872681,16.37874799,-12.93760748,26.22014891
1.21988778413536,178.14108116,134.14728921,44.73184455,15.38336498,-15.3186756,26.25178708
1.61550022248656,177.43306672,132.10493281,45.06379215,14.36625812,-17.73214373,26.35938262
2.02723951353368,176.7130019,130.05416606,45.45759294,13.33301106,-20.1624167,26.53802234
2.45052531122655,175.98056897,128.00203103,45.92036048,12.28779824,-22.59831699,26.79360842
2.88014322001067,175.24172568,125.9575237,46.45219462,11.23146089,-25.03439781,27.12246296
3.31037851063375,174.49829319,123.92781084,47.05756826,10.16912347,-27.4569077,27.52869283
3.73517472737991,173.75185345,121.92125357,47.73594144,9.10178991999999,-29.86033763,28.0165528
4.1483078798113,173.00973203,119.94998082,48.48330043,8.03142614000001,-32.23924616,28.57938635
4.54356701368455,172.26779827,118.01558137,49.29603779,6.96274424000001,-34.57861471,29.208721
4.91493255148038,171.52932423,116.12639789,50.16593619,5.89726934999999,-36.87204086,29.89845385
5.25674477672047,170.79987106,114.29341382,51.08071448,4.83435065999998,-39.11926807,30.63968778
5.56385608653516,170.07907071,112.5204344,52.03039143,3.77806286000001,-41.30851897,31.41869166
5.83176202984543,169.3683087,110.81288655,53.00054482,2.7285559,-43.43708506,32.22195165
6.05670757019778,168.66707889,109.17365218,53.97725454,1.68810439999999,-45.4973966,33.03332118
6.23576661516546,167.9799067,107.61030092,54.9504368,0.656477580000001,-47.48960746,33.84651955
6.36689494976786,167.30980411,106.12764971,55.90555675,-0.372571300000004,-49.43065168,34.6685039
6.44895786833608,166.63881285,104.70999557,56.8384116,-1.37291533000001,-51.24655681,35.41797866
6.48173218501074,165.99556713,103.38624356,57.73766153,-2.37646545999999,-53.02656617,36.18101775
6.46588082954129,165.35401386,102.1319628,58.60129272,-3.35715843,-54.69980479,36.88579611
6.40290029486764,164.73187752,100.96477214,59.42624148,-4.32543901,-56.2944174,37.5559964
6.29504417011599,164.12094387,99.87681985,60.21251849,-5.27764216,-57.80193691,38.18735378
6.14522705487343,163.56747022,98.93024581,60.91996795,-6.20759778000001,-59.20543145,38.73606822
5.95691322604516,162.95139941,97.95738611,61.65753325,-7.13619994000001,-60.56368946,39.32502485
5.73399444977352,162.38963303,97.1215727,62.31735036,-8.04091937999999,-61.81641598,39.8341416
5.48066131410981,161.85078077,96.37623934,62.93457701,-8.92168552000001,-62.96141138,40.26834099
5.20127239876445,161.31836849,95.70241735,63.5045809,-9.7993477,-64.06190156,40.71340594
4.90022547655011,160.81314958,95.11978878,64.04446989,-10.65767061,-65.07357772,41.12223079
4.58183473216324,160.3184206,94.61625173,64.51631866,-11.49032005,-65.973946,41.42711993
4.25021766690756,159.84541489,94.20000361,64.95379922,-12.29435801,-66.7573863,41.66403643
3.90919492145941,159.40389288,93.87361346,65.33971758,-13.11835222,-67.57239707,41.98388731
3.56220569168352,158.95011195,93.60342197,65.66185846,-13.87844109,-68.16356134,42.08237831
3.21224074267389,158.53044986,93.41788681,65.94209371,-14.65940006,-68.79143995,42.26477882
2.86179426147049,158.13339503,93.32592429,66.14250421,-15.41049809,-69.30296682,42.33531507
2.51283496019508,157.73372661,93.28824196,66.28302252,-16.13172985,-69.69713474,42.30976105
2.16679599099416,157.36321055,93.34120399,66.34965772,-16.8378792,-70.02105769,42.22154364
1.82458240791426,156.9963363,93.46107841,66.32527681,-17.51137731,-70.22188903,41.99874284
1.48659415107958,156.6779447,93.67897593,66.24473797,-18.20274508,-70.45553481,41.82871326
1.15276187257814,156.34607499,93.94628483,66.06351105,-18.84783369,-70.53328451,41.49273306
0.822592400611259,156.03155614,94.28634111,65.80718017,-19.47128369,-70.52350129,41.06886867
0.495220265132587,155.75847158,94.72533304,65.45445126,-20.09032174,-70.48366477,40.59385651
0.169461489020466,155.48248792,95.21343554,65.03283073,-20.67865732,-70.33567732,40.02622815
-0.156133585701021,155.24445924,95.79736403,64.51356452,-21.25483051,-70.13669426,39.38299207
-0.483229558193427,155.02499683,96.45197866,63.90815453,-21.81894651,-69.88649328,38.67446189
-0.813656757911101,154.8140835,97.16656878,63.24144569,-22.3495694,-69.52715504,37.87516259
-1.1493641569514,154.63558117,97.9684575,62.48505149,-22.86738099,-69.11815356,37.01058869
-1.49237668405055,154.47700008,98.83853189,61.65290918,-23.36817283,-68.65088059,36.07722757
-1.84475863616422,154.33716326,99.77669803,60.75229967,-23.85000008,-68.11853327,35.08090198
-2.20858329111963,154.21702911,100.78552601,59.78644599,-24.30520781,-67.50356982,34.01748924
-2.58590773706488,154.1210545,101.86265965,58.74909349,-24.74882545,-66.84945315,32.89835134
-2.97875113209762,154.04063633,103.0008244,57.64954134,-25.16692451,-66.11833679,31.71953757
-3.38907382821641,153.98645887,104.20529836,56.48585308,-25.57008413,-65.34225479,30.48439729
-3.81875407715209,153.94604808,105.46640092,55.2615897,-25.94965475,-64.50009116,29.19760988
-4.26955843034224,153.93622568,106.78791844,53.99288434,-26.3245729,-63.64576104,27.87967396
-4.74310151123379,153.94113095,108.16473702,52.65849061,-26.67156457,-62.71537543,26.50487957
-5.24079064677688,153.9631821,109.58981406,51.2662329,-26.99975381,-61.73617255,25.07518146
-5.76375097541099,153.99464556,111.05768466,49.79694541,-27.29531127,-60.66930207,23.56020816
-6.31272717773937,154.07008522,112.58340705,48.32749438,-27.60483172,-59.65465831,22.08723614
-6.88795977090687,154.15171577,114.13968578,46.79096622,-27.88477224,-58.56496338,20.53879663
-7.4890526561693,154.25445004,115.73218179,45.21681243,-28.15073571,-57.44839475,18.96039491
-8.11488228091253,154.37227108,117.34934933,43.61309191,-28.40491598,-56.31342858,17.36467848
-8.76358526869278,154.49438399,118.96777558,42.00888726,-28.66499419,-55.21627134,15.82995996
-9.43260042416459,154.65021431,120.63241588,40.35484843,-28.88786877,-54.0290925,14.16166263
-10.1187230576223,154.8101347,122.28913353,38.71715987,-29.10483721,-52.84845421,12.52414288
-10.8181570881879,154.97720584,123.93966899,37.09159869,-29.31346235,-51.66979778,10.90058708
-11.5265654091498,155.12714463,125.54364784,35.502178,-29.52626821,-50.53013185,9.33425152
-12.2391206272462,155.30232053,127.16417171,33.91724567,-29.71773832,-49.361278,7.7525
-12.9505591292013,155.48036419,128.76161229,32.36526643,-29.8947684,-48.18390206,6.17480926
-13.6552396123596,155.64757136,130.31296269,30.85885101,-30.06277476,-47.0152387,4.6207544
-14.3472052328804,155.8217926,131.8463033,29.38243854,-30.21255084,-45.83308363,3.06029903
-15.0202496487344,155.98378535,133.31847938,27.97239857,-30.35985747,-44.68183142,1.56136957
-15.6679894429929,156.14656308,134.75790949,26.59505523,-30.48041714,-43.49553266,0.0468634400000028
-16.2839461081667,156.29499034,136.12995228,25.29650708,-30.60591834,-42.36755242,-1.38763618
-16.8616145713412,156.39798208,137.38726717,24.08165558,-30.73425215,-41.28881675,-2.75635943
-17.3944457318074,156.53563714,138.65003194,22.88790197,-30.83481923,-40.18159601,-4.16030217
-17.8757105970139,156.62094463,139.78588933,21.79488375,-30.92430871,-39.09185216,-5.50429311
-18.2983407684372,156.72437337,140.89001663,20.75640758,-31.00706821,-38.03408703,-6.80461375
-18.6548696888441,156.81501684,141.9164933,19.78873779,-31.0829608,-37.01034866,-8.06418272
-18.9375199904788,156.91237342,142.88966145,18.88796715,-31.16182178,-36.04970982,-9.25536342
-19.1384275438653,156.9855096,143.76301919,18.07835076,-31.22456678,-35.10176911,-10.41127716
-19.2499804913956,157.04655721,144.5528885,17.35012265,-31.27585101,-34.17992338,-11.52335925
-19.2652467571783,157.12543206,145.29500667,16.70990181,-31.32460205,-33.31364789,-12.55540522
-19.1784597077873,157.16388977,145.91824782,16.13578378,-31.37226736,-32.49956266,-13.5521129
-18.9855287993013,157.22463294,146.49706072,15.65379072,-31.40696578,-31.71523112,-14.47747693
-18.6845401830326,157.2811815,147.00133083,15.24791314,-31.43424211,-30.97303712,-15.34130808
-18.2762113385445,157.3349076,147.43589923,14.90764495,-31.45501454,-30.27456382,-16.16420247
-17.7642642415136,157.377453,147.79813147,14.65092463,-31.47848044,-29.6531555,-16.8836448
-17.1556828660029,157.46043228,148.10692482,14.51324565,-31.48838466,-29.04864827,-17.56562593
-16.4608209152211,157.51052536,148.33451746,14.40170674,-31.50107358,-28.52179484,-18.15200872
-15.6933262206941,157.5841533,148.54826609,14.33743094,-31.49854347,-28.01522169,-18.70039438
-14.8698530940024,157.70685628,148.73684015,14.33671558,-31.45279282,-27.43609579,-19.33071645
-14.0095408342745,157.77741135,148.81360252,14.39844308,-31.43965807,-27.01821529,-19.76608967
-13.1332419013353,157.90994876,148.95301753,14.4144365,-31.3596329,-26.45858025,-20.34831471
-12.2624880332184,158.00300766,148.95239109,14.56213784,-31.32910747,-26.10052131,-20.70474622
-11.4181887075967,158.14903543,149.03032296,14.60338912,-31.22819947,-25.58314941,-21.24655946
-10.6190643379609,158.28438,149.0457711,14.69589224,-31.13258965,-25.12931605,-21.70498368
-9.87982674323996,158.41866887,149.0139306,14.8028895,-31.04077317,-24.72790624,-22.13317133
-9.20913207567838,158.57939416,149.03999117,14.83207174,-30.89665738,-24.20728537,-22.6525901
-8.60734694336675,158.73634355,149.029993,14.85164466,-30.75063364,-23.71113062,-23.17609125
-8.06418737382029,158.89518339,149.01976101,14.82358932,-30.58521985,-23.18138163,-23.74770879
-7.55631298983711,159.04695306,149.00488723,14.73020797,-30.39866341,-22.60296705,-24.40060093
-7.04498572722333,159.20487737,148.9948884,14.60274699,-30.20073332,-22.00875127,-25.05479518
-6.47393402781529,159.34421511,148.97289758,14.42821563,-29.97460124,-21.33447746,-25.8024164
-5.76883895150275,159.48660815,148.96702387,14.17949821,-29.73445983,-20.62074943,-26.59859706
-4.84206455952277,159.63156035,148.99100225,13.82240151,-29.4779609,-19.85037335,-27.49191803
-3.6050256479601,159.76595377,149.0024335,13.47661619,-29.20006583,-19.01686056,-28.39755533
-1.98912357904292,159.85070631,148.95759514,13.117843,-28.91047095,-18.14218277,-29.31740594
0.0250216184216463,159.95753677,148.94909722,12.75105333,-28.59642296,-17.1951725,-30.2486743
2.38491312675171,160.06529359,148.94533196,12.39100377,-28.26426325,-16.19355801,-31.1688833
4.97268644876814,160.17008899,148.93753168,12.05613646,-27.91294394,-15.13839312,-32.05889786
7.63697709698126,160.27800779,148.92571929,11.77052782,-27.54206227,-14.03300492,-32.89140542
10.2284134564786,160.38179534,148.88022246,11.57417806,-27.16169356,-12.91113323,-33.61844463
12.6297206886075,160.49704703,148.86417354,11.39175802,-26.74631904,-11.69404853,-34.33114678
14.7751151725428,160.61313934,148.81695582,11.32175434,-26.31877471,-10.45939555,-34.91335532
16.6520523823509,160.73466917,148.7696838,11.31391939,-25.86476401,-9.16061266,-35.42346369
18.2866765685595,160.86353161,148.71776051,11.38562939,-25.38708248,-7.8105516,-35.84190501
19.7186355547558,161.01105778,148.68028897,11.53902322,-24.87635336,-6.39159604000002,-36.16791204
20.9768483236118,161.1304466,148.59377478,11.75943531,-24.34802458,-4.93020103000001,-36.40994878
22.0717367360919,161.29069489,148.56935097,12.0155929,-23.77827079,-3.37456449999999,-36.60289237
23.004861807734,161.46596129,148.57569821,12.28968112,-23.16949039,-1.72781180000001,-36.76750037
23.7808093798223,161.63078278,148.55618762,12.63888683,-22.5321045,-0.0298788100000138,-36.84320488
24.4120225718269,161.81835058,148.58149896,12.99316663,-21.85303863,1.76020179,-36.90394827
24.9191437560447,162.00420992,148.61743665,13.36527279,-21.13508327,3.6325075,-36.93683058
25.3280987476948,162.20561049,148.69058474,13.73080319,-20.37733755,5.58700687000001,-36.96421829
25.6649373932281,162.41826696,148.79479122,14.08752218,-19.57832025,7.62496493,-37.00256055
25.9528334660661,162.64232264,148.93186493,14.43361992,-18.74056723,9.73855263000002,-37.04855107
26.2120438831208,162.86994694,149.0960433,14.76190471,-17.86810426,11.91751055,-37.10588184
26.4602912427029,163.11068177,149.2910551,15.07532999,-16.95986359,14.15936068,-37.18949677
26.7115082373861,163.35978239,149.51446552,15.36920397,-16.02000531,16.45327061,-37.30117195
26.9738873158227,163.61855102,149.76669148,15.64265459,-15.05228215,18.78898044,-37.44603197
27.2512234530403,163.88433094,150.04207273,15.89530947,-14.06093139,21.15368766,-37.62979497
27.546804709322,164.16795057,150.35301913,16.1335733,-13.0450598,23.54549585,-37.85178053
27.8633408354289,164.45225185,150.67880111,16.34796148,-12.01575447,25.94199744,-38.12464468
28.1979119456428,164.74627974,151.0300626,16.54535345,-10.97121625,28.34209266,-38.44848259
28.5393770089207,165.05244656,151.40736699,16.72192586,-9.91544834000001,30.7364101,-38.83741345
28.8722878004449,165.35768953,151.79045867,16.88984111,-8.85648,33.10339929,-39.28034939
29.1820824256439,165.67549062,152.19794423,17.04116429,-7.79242353999999,35.44772014,-39.79739062
29.4560159498317,165.99388823,152.61253023,17.17979977,-6.72994831,37.75233463,-40.38973151
29.6808404668059,166.33519176,153.06403549,17.30567948,-5.66307918000001,40.02558264,-41.04629269
29.8415835549056,166.69908134,153.56102079,17.37808052,-4.59217484000001,42.27839885,-41.84129367
29.923437160785,167.01703012,153.97787911,17.52638841,-3.55189385000003,44.40379947,-42.58700867
29.91475548419,167.36442353,154.44866693,17.6239157,-2.50812223,46.50196723,-43.45101132
29.8087174659437,167.71382453,154.92506181,17.71446645,-1.47462813999999,48.53196288,-44.36240627
29.603361789216,168.0870026,155.441461,17.77532776,-0.443340149999983,50.51580493,-45.3333081
29.300572995249,168.41313657,155.88305869,17.88434977,0.55551988000002,52.36652134,-46.26511804
28.9046997670446,168.7794922,156.38882911,17.95393794,1.55569512,54.18006302,-47.24336712
28.4217467218637,169.10952811,156.83923134,18.0467783,2.52840344999998,55.87340047,-48.18324791
27.8596700224609,169.46577309,157.32792224,18.12665019,3.49388612999999,57.50422173,-49.1076685
27.2284385358086,169.8065045,157.79350549,18.21292589,4.43900073999998,59.03462152,-49.99020769
26.5382774195792,170.14214703,158.25063847,18.30331019,5.36598058999999,60.4719243,-50.82155783
25.7980617214296,170.47793607,158.69492794,18.41183666,6.26458973000001,61.78960813,-51.57922164
25.0162416180042,170.80013585,159.13754765,18.49832741,7.16171711000001,63.05954026,-52.30718494
24.2023812163821,171.12461885,159.56886346,18.60471174,8.02796151999999,64.20502334,-52.94824125
23.3664434204953,171.44708365,159.99344307,18.71412866,8.87284226,65.25298717,-53.51717894
22.5165545815919,171.76766399,160.41150429,18.82675905,9.69656849999998,66.20401168,-54.01067767
21.6583827011076,172.08493335,160.8199834,18.94863142,10.49859212,67.05701426,-54.41946242
20.7967286331427,172.40117957,161.22404757,19.06830424,11.27955476,67.81662598,-54.7566436
19.9364651286644,172.71220227,161.61405145,19.20222834,12.0365211,68.4733467,-54.99767246
19.0814275396947,173.02427822,162.00389037,19.32887171,12.77442687,69.04490217,-55.17328124
18.2332524439644,173.34220715,162.39893711,19.44409779,13.49418478,69.53471429,-55.29084122
17.3922053547897,173.65135072,162.77561154,19.58047454,14.18902743,69.9214316,-55.29316261
16.559104602694,173.95668793,163.14319473,19.72109953,14.8615658,70.21572624,-55.20589356
15.7361179540282,174.25193957,163.49250683,19.87883664,15.50989996,70.41102459,-55.00109477
14.9264150194401,174.53872114,163.81818272,20.04487596,16.13223133,70.50562106,-54.71610387
14.1336107139743,174.86504164,164.21253118,20.16586799,16.75302935,70.57266703,-54.40159149
13.3609233860938,175.15385678,164.5446367,20.32922476,17.33950042,70.51386248,-53.93043662
12.6106307813512,175.43709391,164.86173295,20.50053517,17.9026959,70.36614885,-53.37447225
11.8845248256582,175.72240396,165.17828078,20.67134415,18.44574072,70.13963255,-52.73420591
11.1845669228193,176.02665842,165.52796067,20.82494043,18.97796601,69.86087217,-52.02022284
10.5125648863401,176.31617655,165.85091293,20.99359008,19.48430149,69.49056685,-51.2101575
9.86890445631562,176.59234629,166.1477832,21.17758598,19.96444298,69.02966419,-50.30462203
9.25200411858522,176.86689889,166.44366074,21.35886125,20.42691516,68.50293271,-49.32598201
8.65935779581395,177.16543759,166.78180508,21.52134369,20.88182691,67.93756428,-48.27410916
8.0885990880692,177.42181726,167.04813768,21.71342408,21.30075306,67.26303754,-47.13984678
7.53746391721103,177.69207714,167.34029339,21.89394388,21.70776599,66.54292172,-45.93605853
7.00344347909182,177.98111138,167.66377194,22.06307052,22.10604695,65.78698493,-44.6729211
6.48395477925117,178.22905697,167.9265831,22.24605847,22.47257559,64.93938833,-43.34093118
5.97665247626715,178.47242784,168.18258939,22.41648729,22.81931672,64.02949032,-41.95763079
5.47930573435907,178.72731061,168.46612027,22.58585897,23.15744576,63.09424022,-40.50913101
4.98974162312483,179.02781468,168.80899965,22.75673707,23.48684664,62.13427436,-39.00565682
4.50625464450786,179.27864271,169.08653772,22.92188585,23.7886873,61.09790542,-37.44549787
4.02796325429133,179.51039229,169.33469149,23.08525625,24.06594469,59.99454104,-35.81561764
3.55466189522556,179.79384489,169.67304045,23.22795751,24.34745516,58.91447061,-34.174626
3.08628728500923,180.041997,169.95874508,23.37500465,24.60326153,57.7665209,-32.45868136
2.62282646500835,180.29776764,170.25745626,23.51315048,24.84554528,56.59242773,-30.70311973
2.16488623341399,180.54655031,170.54986027,23.6488909,25.07274229,55.38809376,-28.89963559
1.71384571918199,180.7949797,170.84587843,23.77617332,25.28832542,54.16509584,-27.06361172
1.27141065551083,181.06960521,171.17881556,23.87807882,25.50033686,52.94917029,-25.23807145
0.839342261160726,181.3207486,171.48208587,23.99911831,25.69525921,51.70358817,-23.36142225
0.41939066994134,181.57295861,171.79056002,24.10912799,25.88195025,50.45565579,-21.48033046
0.0131790497942482,181.82779531,172.10481278,24.21421837,26.06260861,49.21312287,-19.60776399
-0.377898503762097,182.08383123,172.42249689,24.31375152,26.23694762,47.97749696,-17.75033807
-0.75253951460756,182.33026394,172.73007444,24.42111452,26.40229498,46.74419211,-15.89488645
-1.10920045372049,182.60156016,173.06763061,24.50208827,26.57251018,45.55161023,-14.12352837
-1.4460534089679,182.82662103,173.33276839,24.6247657,26.71207592,44.30432907,-12.29479096
-1.76120633521397,183.12037946,173.71140472,24.68293626,26.89092029,43.20110183,-10.6603998
-2.05266650751895,183.35778382,173.99660827,24.80110288,27.04259585,42.05703938,-8.98004732
-2.31810442804689,183.6266214,174.32837002,24.88156272,27.19637907,40.95300199,-7.38552551
-2.55487379531595,183.87275471,174.63198346,24.98515465,27.34362049,39.87201459,-5.81226634
-2.76051661077372,184.12567045,174.93532017,25.08301515,27.495285,38.84120404,-4.32317458
-2.93358440228151,184.37040357,175.20777674,25.19285744,27.64813503,37.85298906,-2.90567102
-3.07418867893088,184.6058431,175.47527794,25.31022831,27.79898084,36.9041218,-1.517827
-3.18356143494357,184.80623085,175.68209547,25.4604864,27.94505439,35.98916097,-0.165387709999997
-3.26243227736428,185.0527109,175.94842529,25.58012108,28.09879128,35.13724004,1.11163856
-3.30930780710158,185.26397879,176.15749882,25.7289771,28.2532275,34.34084746,2.33326651
-3.32038557275855,185.47831862,176.3623296,25.8874081,28.41126646,33.6030214,3.50919513
-3.29149218437133,185.68060973,176.53937865,26.06185623,28.57056903,32.92145275,4.63048746
-3.2200374836196,185.88476875,176.70345156,26.26390479,28.73035091,32.29455337,5.71654041
-3.10473304291256,186.07662502,176.84017896,26.46999178,28.89524155,31.73830231,6.71540603
-2.94383255638113,186.24853084,176.94144835,26.67945362,29.06079261,31.24128243,7.63972802000001
-2.73425448612934,186.40051654,176.99486911,26.93459688,29.22444044,30.79720795,8.52511327
-2.4722765035804,186.59969411,177.10245543,27.17485381,29.39122562,30.41710549,9.33417148
-2.15487336117083,186.75708112,177.13544655,27.44858549,29.55482598,30.09219825,10.06839402
-1.78045174863707,186.88108427,177.12429206,27.71353137,29.70201783,29.77283948,10.79090128
-1.34836826642661,187.03478329,177.10935232,28.03619383,29.86830738,29.58000626,11.33786276
-0.857615106737434,187.18821102,177.095117,28.32515238,30.00807929,29.36310452,11.8910143
-0.306011593770676,187.31669986,177.04054118,28.64908134,30.14823407,29.20810843,12.36806912
0.308921742183688,187.45977787,176.96173498,29.01285042,30.28209769,29.09647813,12.77558023
0.988152493870252,187.58049375,176.86244355,29.350895,30.40161794,28.99648284,13.14052697
1.73017781766959,187.70183294,176.73598267,29.72662292,30.49684739,28.88247431,13.5268764
2.53164831290823,187.82337587,176.60231523,30.08875981,30.59899386,28.83956344,13.78704971
3.38851189224389,187.91178001,176.3881762,30.5257722,30.6480778,28.69165974,14.20690041
4.29612048073687,188.02563508,176.21103994,30.91171738,30.7217499,28.66089114,14.43359231
5.24854107216049,188.0821723,175.91653534,31.38421307,30.72577436,28.46252159,14.88556079
6.23850497330559,188.18002999,175.68810244,31.80224234,30.76214161,28.39956565,15.18878802
7.25841144815744,188.19392835,175.31579398,32.28529882,30.73104487,28.16399377,15.72531664
8.3014955483829,188.24936533,174.98099132,32.74381827,30.6999047,27.96574536,16.15606638
9.36224718835831,188.26284949,174.57597935,33.25897512,30.64422077,27.69537764,16.75097932
10.4361166798119,188.26539994,174.14102037,33.76059899,30.56915412,27.39400224,17.36878512
11.5188898500544,188.24052671,173.65888705,34.27005114,30.479893,27.05903001,18.04425523
12.6060295814754,188.20855293,173.1395268,34.79558211,30.35718425,26.63228544,18.80044575
13.6921008542888,188.15237142,172.57961941,35.3262721,30.22778455,26.19177114,19.58252812
14.7698484476566,188.09970025,171.99710019,35.85423366,30.06397694,25.6469202,20.43900266
15.8295509416288,187.99917285,171.34313253,36.39244362,29.90305041,25.11644773,21.26089731
16.8611312958509,187.8897942,170.64544066,36.92841315,29.69459421,24.44286088,22.15269237
17.8583170800388,187.77655791,169.93023789,37.46504264,29.49307834,23.79772039,22.98054858
18.8185893130334,187.64057214,169.15806391,37.99255019,29.25047117,23.03363962,23.8173264
19.7367771814515,187.49446698,168.35412818,38.51466349,29.00318752,22.2657119,24.58015907
20.5998955670691,187.33653517,167.51294354,39.02742477,28.73858998,21.45559144,25.28610164
21.3898989844047,187.17179333,166.64054203,39.52395915,28.45804296,20.61062774,25.91613729
22.0908629682467,186.97499614,165.70382285,40.01402616,28.15778475,19.7209405,26.45823434
22.6918555338001,186.77344513,164.737954,40.48280461,27.83793655,18.78894429,26.91984692
23.1831906974127,186.55774736,163.73107252,40.93153066,27.4977132,17.81253404,27.29519698
23.5531482357928,186.31649519,162.67276342,41.35563186,27.13638088,16.79583114,27.59589796
23.7902333052564,186.07192634,161.57551129,41.76763711,26.74217041,15.69551221,27.80417956
23.8869076878218,185.78977716,160.41411319,42.1448997,26.32150463,14.53954388,27.95869798
23.839914997363,185.48411685,159.19417506,42.51646706,25.87646437,13.33036936,28.03760137
23.6490260924408,185.15624472,157.92427675,42.85107223,25.39354516,12.0322994,28.07654638
23.3175522172249,184.7994125,156.59317458,43.1646648,24.87658378,10.65442511,28.07522105
22.8532243352087,184.40402195,155.19254744,43.44953561,24.3293008,9.21235253,28.01315987
22.2670460791807,183.99039548,153.74099107,43.71958986,23.738869,7.66200832999999,27.957965
21.5713256374056,183.5556258,152.2410782,43.9652761,23.11048896,6.02298543000001,27.89019522
20.7792289905461,183.09440744,150.68636212,44.1908518,22.44397235,4.29477894000001,27.81916016
19.9053690908786,182.60649027,149.07835035,44.39783253,21.73917941,2.47586183999999,27.74905452
18.9656296494011,182.09131786,147.4175067,44.59384238,20.99863612,0.575892500000009,27.68677115
17.9780786739792,181.55125874,145.70779632,44.78272324,20.22452156,-1.39963683000002,27.63515142
16.9657379444376,180.9867256,143.95264912,44.97066723,19.41824391,-3.44601882000001,27.59962159
15.9554376566353,180.39848129,142.15384631,45.16275027,18.58693985,-5.54357183999997,27.57481104
14.9707399286212,179.78654107,140.31473536,45.36770279,17.7183058,-7.72687184000003,27.6067974
14.0252302728324,179.14963804,138.43437383,45.5916856,16.83140539,-9.94125208999998,27.65323619
13.120995967426,178.49903089,136.53259595,45.82481322,15.94060174,-12.14522538,27.67322186
12.2509052711212,177.83330848,134.60207147,46.10251479,15.00891098,-14.44487813,27.79954969
11.4015666601671,177.14882039,132.64937604,46.40548697,14.06809631,-16.75030948,27.94672635
10.5581855054813,176.45192804,130.67963387,46.74993316,13.10757098,-19.08845641,28.15139079
9.71277083795592,175.74559159,128.70596157,47.12805008,12.14529969,-21.41060156,28.37315079
8.87049642667669,175.04091976,126.74249066,47.54994306,11.17523377,-23.72760525,28.62979457
8.04932984086603,174.31661059,124.7666046,48.01794736,10.18048357,-26.09301192,28.9883859
7.27509507180821,173.5883688,122.80342517,48.53068286,9.18660416,-28.42973891,29.38214336
6.57549501182267,172.85828472,120.86299704,49.08721186,8.19737434000001,-30.72884425,29.80548346
5.97377274190916,172.13790678,118.96002501,49.68896599,7.19612939000001,-33.02719639,30.30170466
5.48364691699524,171.42881144,117.1027137,50.32842866,6.19067285,-35.30548444,30.84698765
5.10816701700214,170.72998818,115.29313474,51.0150269,5.17239708,-37.58997798,31.49723189
4.84173988790712,170.01805336,113.51207449,51.73252936,4.19064266000001,-39.73801334,32.0844939
4.67274151985526,169.33124782,111.80578992,52.48310073,3.19449442999999,-41.89083403,32.7672109
4.58572594207779,168.6667252,110.17389336,53.26402151,2.18997369000002,-44.03320594,33.53789473
4.56323962341979,167.99199685,108.58543411,54.05430851,1.2224003,-46.03243633,34.23269518
4.58726462340609,167.34316265,107.08130137,54.85584907,0.247726690000007,-48.0134152,34.99427602
4.64032420666075,166.71381404,105.65760952,55.65384386,-0.726078569999999,-49.9522048,35.78764383
4.70629080996577,166.08860946,104.29879434,56.44503744,-1.67290167000002,-51.77584008,36.52899729
4.77093671904912,165.48296497,103.02305515,57.21767808,-2.61697346,-53.55029665,37.28249062
4.82226539932428,164.89126929,101.82488025,57.96513709,-3.54819731000001,-55.24809765,38.01477881
4.8506608072033,164.31961874,100.71069152,58.68484907,-4.47232120999999,-56.88492959,38.73765502
4.84889171234771,163.75786042,99.67157737,59.3726691,-5.37331844000002,-58.41726084,39.40560529
4.81200531422186,163.22515981,98.72344549,60.04666908,-6.24910663999998,-59.84362363,40.03226792
4.7371403048535,162.68873341,97.84002314,60.66234731,-7.11800991000001,-61.20464241,40.62211311
4.62328528332719,162.15004118,97.01534138,61.23498863,-7.971767,-62.48635398,41.18064052
4.47100429183772,161.66153581,96.30858116,61.78922507,-8.78909712999999,-63.63454041,41.6654759
4.28214737755892,161.16580629,95.64805386,62.32196931,-9.59939538,-64.72266684,42.14538357
4.05956058903613,160.68967271,95.07417909,62.80939434,-10.38930273,-65.72338374,42.58692499
3.80680673607339,160.23966705,94.58553351,63.26479438,-11.17142912,-66.67006984,43.02300879
3.52790557713431,159.78824052,94.15957777,63.68031389,-11.90385999,-67.44092366,43.32587257
3.22709981286954,159.35595311,93.80841433,64.06241261,-12.62378654,-68.14524894,43.60658042
2.90865130508065,158.93838065,93.52893162,64.40754509,-13.32440234,-68.76538387,43.84426282
2.57667024905099,158.53514918,93.32495329,64.70765282,-13.99328115,-69.26549621,43.99852812
2.2349785500827,158.14348408,93.18751788,64.95998494,-14.65029198,-69.70537647,44.12113964
1.88700735075952,157.78386517,93.13332092,65.15957806,-15.324516,-70.17417963,44.30258609
1.53572749903329,157.4060537,93.11714789,65.29252261,-15.93897293,-70.43880295,44.26687778
1.18361072839563,157.05762951,93.18557883,65.36989783,-16.53936674,-70.64157566,44.19348744
0.832618439217743,156.72602567,93.32570394,65.37553483,-17.12065828,-70.76719515,44.0427016
0.484214231677557,156.41139357,93.53604642,65.30952862,-17.68379016,-70.81984059,43.81853477
0.139395760026375,156.12596333,93.82575032,65.18560738,-18.23694637,-70.82786173,43.5768807
-0.201258927665838,155.82925677,94.16110042,64.94814612,-18.75294069,-70.70242079,43.13658132
-0.537535618536699,155.56715569,94.5787808,64.64839757,-19.25900922,-70.53702601,42.66398388
-0.869523813941188,155.32521753,95.06622241,64.26595476,-19.74997446,-70.31224321,42.11426739
-1.19755662788347,155.10712856,95.62717949,63.79852039,-20.22437425,-70.02601563,41.48095855
-1.52215304623704,154.90679261,96.25361423,63.25255041,-20.68021885,-69.67334532,40.76549747
-1.84396335708644,154.72388519,96.94314907,62.63234023,-21.11525931,-69.2499693,39.96773541
-2.16371945250582,154.56143247,97.69847857,61.92964791,-21.53880347,-68.78370543,39.09629334
-2.48219287421465,154.41843942,98.51595249,61.16128077,-21.93982585,-68.2445608,38.14623553
-2.80016272227945,154.29349509,99.39280436,60.32480025,-22.3248272,-67.6535876,37.12873292
-3.11839408466907,154.18919941,100.33001613,59.42293908,-22.693453,-67.00969425,36.04540769
-3.43762667222371,154.10745744,101.32826452,58.46391756,-23.04543935,-66.3131737,34.90899383
-3.75857261907399,154.02286162,102.35878816,57.47438338,-23.36092491,-65.51329952,33.69899002
-4.08192170460109,153.98760425,103.47213137,56.40812774,-23.6883682,-64.74215694,32.46315538
-4.40835157553239,153.94153117,104.61074744,55.31095345,-23.96879287,-63.84072055,31.1469686
-4.73853990968381,153.94368302,105.82332969,54.17585042,-24.25866964,-62.96619416,29.83929003
-5.07317489326694,153.94808331,107.06932382,53.00119816,-24.51797463,-62.00861437,28.47082354
-5.41295992258325,153.96797169,108.3566226,51.78990119,-24.76042917,-61.0080402,27.06567698
-5.75860813999884,154.00926953,109.68888789,50.54769318,-24.98895045,-59.97390026,25.64042094
-6.11082233117959,154.06636364,111.05595444,49.27650134,-25.2036684,-58.9084131,24.1887227
-6.47025590536114,154.12730681,112.44828086,47.95596644,-25.38952014,-57.76860296,22.66487828
-6.83745121031825,154.22771797,113.88263443,46.65768997,-25.5940199,-56.69622937,21.22043822
-7.21276143923159,154.3299951,115.33206172,45.32108214,-25.77374442,-55.56496027,19.72140375
-7.59628551360384,154.4463755,116.80080318,43.96916328,-25.94307938,-54.41906259,18.21149346
-7.98784562964098,154.57267824,118.28121631,42.60644746,-26.10189808,-53.25936552,16.68964645
-8.38700009770024,154.70793284,119.76690579,41.23821138,-26.25070942,-52.09031035,15.15851398
-8.79306188965414,154.8473313,121.25537434,39.84459771,-26.3749722,-50.86891154,13.56710956
-9.20510644671432,155.00063913,122.73841853,38.50331126,-26.51943763,-49.73112706,12.08254115
-9.62196720393773,155.1512358,124.20902752,37.14749715,-26.64060212,-48.54837133,10.54428612
-10.0422214283704,155.30482034,125.66429401,35.80837591,-26.75542007,-47.372578,9.0196031
-10.4641705970535,155.45780013,127.0955588,34.49063767,-26.86396297,-46.20499692,7.51079456
-10.885820565877,155.60902443,128.50676954,33.18726488,-26.95990687,-45.03194562,5.98994456
-11.3048656865826,155.76096336,129.88912792,31.91489801,-27.05110893,-43.87441005,4.49748281
-11.7186794184746,155.90658739,131.23667611,30.66867385,-27.13380185,-42.72439702,3.01604017
-12.1243143773486,156.0495752,132.55330535,29.43600189,-27.19955144,-41.55712761,1.51704601
-12.5185158492677,156.18927459,133.83098998,28.25593263,-27.27009748,-40.44085423,0.0851496099999984
-12.8977526427588,156.31451183,135.05739897,27.10968092,-27.33577715,-39.3460164,-1.3242295
-13.2582681300677,156.43146975,136.23487595,26.00005749,-27.39557723,-38.26870051,-2.71030309
-13.5961338694086,156.5467113,137.38987827,24.8938956,-27.42142878,-37.13827381,-4.14511198
-13.9072508695171,156.65223352,138.47233347,23.86643499,-27.47432676,-36.11722656,-5.46977213
-14.1872718488358,156.75585259,139.52374875,22.8469316,-27.50243346,-35.07212887,-6.83520438
-14.431507606224,156.85267107,140.52312485,21.8751674,-27.5241594,-34.05131631,-8.16077657
-14.63489896541,156.94139015,141.46304383,20.95819208,-27.54713314,-33.07645967,-9.43667748
-14.7920797242978,157.01744487,142.33338291,20.10295019,-27.56957863,-32.1436392,-10.66514497
-14.8975204328115,157.09459691,143.16347491,19.27888116,-27.57843476,-31.22336227,-11.88601497
-14.9457360887455,157.14980871,143.92293917,18.4979916,-27.58443972,-30.34228887,-13.05943635
-14.9315381765932,157.24156329,144.64431138,17.8149782,-27.60043692,-29.53681494,-14.1594488
-14.8503094881374,157.28801358,145.26334639,17.18184451,-27.6083846,-28.75746963,-15.23318609
-14.6982789018778,157.32654254,145.82538653,16.58358945,-27.61169801,-28.01768238,-16.26545757
-14.472772827432,157.37754652,146.33913417,16.0623227,-27.6148144,-27.33238249,-17.22470763
-14.1724204133014,157.45852748,146.80976779,15.64575636,-27.61140005,-26.68451873,-18.10878099
-13.7972909285037,157.48087473,147.16275596,15.26846542,-27.61609789,-26.10661607,-18.95375355
-13.3489439963837,157.51898579,147.47446387,14.95314649,-27.61600059,-25.5729086,-19.72659497
-12.8303766090164,157.56696743,147.73741536,14.69204261,-27.58591968,-25.00389207,-20.53723503
-12.2458551534944,157.59947717,147.91001375,14.52489004,-27.59651399,-24.60183571,-21.1663069
-11.6006258632425,157.63989372,148.06207867,14.35208228,-27.58452961,-24.1907135,-21.79174632
-10.9005028306493,157.67712078,148.16623884,14.21053581,-27.54976374,-23.75544062,-22.48263111
-10.1513395045362,157.72637444,148.21491207,14.14509009,-27.54989456,-23.46973818,-22.99485418
-9.35839792035674,157.7657479,148.24039089,14.02543539,-27.51282294,-23.11623697,-23.61464787
-8.52563881211219,157.82187231,148.2088684,14.00649694,-27.51103422,-22.90588783,-24.07649824
-7.65496458970303,157.86474136,148.17722312,13.87493758,-27.46270394,-22.59097895,-24.69554563
-6.74545642740342,157.93137305,148.10056849,13.84381652,-27.45077987,-22.41514725,-25.1653225
-5.79265666715259,157.97665925,148.02691061,13.68483745,-27.39104907,-22.12393987,-25.79718771
-4.78795822866219,158.05301894,147.92970166,13.59115654,-27.36588424,-21.95550967,-26.31069221
-3.71817352650344,158.10271305,147.83597201,13.38268739,-27.2925641,-21.66096026,-26.98594136
-2.56554167220492,158.18246052,147.7532761,13.17549625,-27.22934968,-21.4078013,-27.63406338
-1.30905506315904,158.23992811,147.63919336,12.93937898,-27.16223756,-21.15012789,-28.29663945
0.0714165592529535,158.30452299,147.54059163,12.66024251,-27.08298735,-20.861526,-28.99051245
1.58823440003055,158.36874364,147.44271072,12.36732078,-26.99283288,-20.54442347,-29.69365987
3.24105654973559,158.4291871,147.3424396,12.06488935,-26.89258799,-20.19881268,-30.41482296
5.01897509838324,158.49288754,147.24982456,11.76161536,-26.77812911,-19.8140085,-31.13691811
6.90440286632293,158.5538696,147.15550273,11.47012083,-26.64919083,-19.3893422,-31.85501265
8.86893434886817,158.62059056,147.07338926,11.18162268,-26.50473621,-18.9204909,-32.58255722
10.8664130684256,158.68668493,146.98777263,10.92348597,-26.34403108,-18.41018125,-33.28953823
12.8375344926927,158.75219015,146.90101316,10.69919044,-26.16201627,-17.84413588,-33.97395948
14.7257521514492,158.81216044,146.80216178,10.52018699,-25.9609676,-17.23129071,-34.62894684
16.4912874587531,158.87814593,146.71136113,10.37806374,-25.73450258,-16.55415296,-35.26135838
18.1164705106937,158.94235332,146.61371102,10.3022537,-25.47991287,-15.81218085,-35.83586976
19.6047074737276,159.04041683,146.5488423,10.25397011,-25.20831417,-15.02215652,-36.42057998
20.9739249365637,159.07415318,146.42823004,10.22872941,-24.8951432,-14.12427095,-36.9753561
22.2449988697684,159.15180047,146.35597238,10.25457295,-24.55069085,-13.15323905,-37.49893165
23.432444908662,159.26499316,146.32079531,10.3329511,-24.1786432,-12.11539342,-37.98350085
24.5442209913178,159.29584496,146.20282874,10.43850787,-23.7673823,-10.97976854,-38.42817362
25.5874125107999,159.41681494,146.18836647,10.57117357,-23.32590188,-9.76201875999999,-38.89812634
