knee_moment,thigh,shank,foot,thigh_,shank_,foot_,shank_new,shank_new_second derivative
13.3602327669859,185.29421727,152.76204654,40.52232863,37.09815121,23.2248153,27.5971354,-0.4753919693819816,-38.94221213083249
13.042027375768,184.68431965,150.63579977,40.30549828,36.3356215,21.47508637,26.49405166,-0.5125019762283761,-57.938162779374025
12.7127678980653,184.01905367,148.39799178,40.1100128,35.48063663,19.51558225,25.42262306,-0.5515590936813123,-72.28327697425989
12.3634378447088,183.29322848,146.05134501,39.94248653,34.53558118,17.35642675,24.40628337,-0.5925158061991026,-65.44061939403267
11.9764204213792,182.52873887,143.61978435,39.86027616,33.50134962,14.99406505,23.50045353,-0.634954545678069,-62.02557902521324
11.5360266827102,181.70490021,141.09194312,39.84479725,32.38326616,12.4536236,22.70545153,-0.6790736981092323,-56.98235764912578
11.0407282023076,180.835462,138.48619653,39.94553544,31.18302248,9.73676691,22.06734037,-0.724552555577347,-51.351072016189114
10.5064454327998,179.915653,135.80605637,40.17079221,29.90551122,6.86232834999998,21.60094269,-0.7713298257842747,-44.603030480044836
9.96105372864806,178.94253888,133.05838874,40.53885646,28.55337384,3.84486534999999,21.33472278,-0.8192856726782439,-37.340551401547906
9.43718639612764,177.92354942,130.26461308,41.06112597,27.13834036,0.713037390000011,21.26973531,-0.8680462565073215,-53.362675680187444
8.96504357342091,176.84967058,127.41663535,41.75249093,25.65787404,-2.52702085999996,21.42834922,-0.9177528449192957,-15.849464091725096
8.56634306430333,175.61088386,124.41742418,42.57085447,24.14309433,-5.80117002999998,21.94196053,-0.970098954798387,49.06582865074949
8.25214857200476,174.57364701,121.68407122,43.64404086,22.57792965,-9.12644384000001,22.42560256,-1.0178049635695199,12.16600081059731
8.02397872461328,173.43593824,118.85136177,44.8677666,20.97094971,-12.5051174,23.19032099,-1.0672450702243776,-5.892823221348387
7.87597258850259,172.24778126,116.02121314,46.23764768,19.32813511,-15.90256119,24.18886156,-1.1166404821386844,28.74377334588729
7.79704527347428,171.05617735,113.25153597,47.73787537,17.66647213,-19.26938944,25.35068225,-1.164980467972503,37.10251816217305
7.7728001806161,169.84101908,110.52304475,49.33479131,15.98920761,-22.59058229,26.63131497,-1.2126016233732602,47.70767974936021
7.78717786679587,168.62003167,107.86429194,50.99392358,14.30293835,-25.85375794,28.00023949,-1.2590056139044112,26.423445371823817
7.82383547896237,167.40703119,105.29822123,52.69849151,12.60625787,-29.07080762,29.43922028,-1.3037919966329,51.93081977915348
7.86726004856782,166.05752653,102.6284431,54.33154156,10.98082192,-31.9810309,30.73195963,-1.350388415299137,122.37606608352482
7.90361941338714,164.91971287,100.37093939,56.00327594,9.21103957000003,-35.22153098,32.28815651,-1.3897892879146243,62.19181465515033
7.92135570110745,163.74584121,98.09375747,57.7766315,7.51555622000001,-38.19331111,33.78698466,-1.4295336100855103,48.79294293153924
7.91153698558927,162.49078769,95.7999904,59.41718235,5.89547833,-40.85051296,35.08267245,-1.4695673977308337,104.02618047354206
7.8679946535973,161.36966179,93.83863481,60.89680143,4.16787722000001,-43.75512325,36.50399144,-1.5037995105787296,80.2420918097524
7.78727948335653,160.1908035,91.82506752,62.4760347,2.5430293,-46.27363875,37.76213994,-1.5389428894996888,91.74362832081728
7.66847091079585,159.08205146,90.04326547,63.83704401,0.880077879999988,-48.85517185,39.00036347,-1.5700412018909737,117.58198173151379
7.51287392016464,157.99938703,88.37579691,65.14308571,-0.746414249999987,-51.256403,40.13329689,-1.5991440184364623,105.7236632694214
7.32363664954578,156.97796012,86.92159126,66.21488343,-2.38823865999998,-53.62870818,41.16049997,-1.6245246950300665,83.3126164015252
7.10531936576907,155.96764028,85.53227827,67.32274228,-3.99441339999998,-55.85787659,42.15778352,-1.6487727810462935,80.8480107848486
6.86344218035235,154.99649197,84.27726318,68.28282433,-5.56481456,-57.9392654,43.01140277,-1.6706769265290067,97.90261774376141
6.60403501662813,154.04795983,83.15198461,69.20199402,-7.08416767,-59.79910161,43.74711086,-1.69031674257764,105.46097376370022
6.33320918436907,153.1438747,82.19387578,69.83309107,-8.61423343000001,-61.65711923,44.3449852,-1.7070388962535707,101.64667711118457
6.05676575248431,152.29069054,81.37593782,70.45368873,-10.10232476,-63.34599811,44.88373187,-1.7213146067326164,100.65239445225194
5.77985196052374,151.46663155,80.69288094,70.84983875,-11.58022374,-64.97227451,45.27423292,-1.7332361982670164,108.80783633595125
5.50667332528748,150.70317913,80.17658677,71.19437493,-13.02200709,-66.45029304,45.59812421,-1.7422472314423676,108.73680492605287
5.24026595797864,149.99930496,79.81530908,71.38564916,-14.4328325,-67.80803297,45.7889436,-1.7485527166468668,85.1814084994773
4.98233093439117,149.35783139,79.60025172,71.45241915,-15.82298755,-69.08245514,45.88953149,-1.7523061756595135,106.14160853874344
4.73313034384736,148.70191292,79.42579074,71.39567127,-17.2284234,-70.35134312,45.91595978,-1.7553510941767696,104.81498202897565
4.49144284452019,148.21216814,79.63206329,71.10407196,-18.51721684,-71.28409794,45.69430631,-1.751750959022785,35.125407440188546
4.2545751159489,147.56139136,79.63681801,70.78175648,-19.88973096,-72.37710479,45.49352993,-1.7516679735037748,127.32599262978094
4.01842446029544,146.99170862,79.86512862,70.3284134,-21.18366395,-73.23967521,45.14958145,-1.7476832016420378,178.81916760833062
3.77758689913002,146.71893439,80.57736948,69.65614549,-22.35437137,-73.77427874,44.57087923,-1.7352522535678019,53.8070399983992
3.52550437468315,146.27461117,81.12275231,68.90298925,-23.58129706,-74.40285537,43.94880527,-1.7257335275004575,-2.2151701412997937
3.25464403958353,145.89499248,81.82621258,68.05475397,-24.75354811,-74.86367384,43.20980381,-1.713455829631989,28.477811347820126
2.95670210048868,145.35271825,82.36768401,67.18765682,-25.95418729,-75.35448157,42.43691458,-1.7040053703730071,72.17228799645925
2.62282431731724,144.98199275,83.23822152,66.18894679,-27.08425946,-75.66067954,41.57826238,-1.6888116245613942,188.3075610750118
2.24383512984729,144.51114918,84.02613246,65.02370295,-28.01324475,-75.32127657,40.22637819,-1.6750599844459109,160.82052078367104
1.81046995142001,144.65440394,85.72915331,63.73033157,-29.06149017,-75.47146358,39.21510188,-1.6453366633832982,25.226135542320005
1.31361293077222,144.16669613,86.60601462,62.45824922,-29.99592096,-75.09962212,37.77413229,-1.6300325464404475,40.57407229216769
0.744547669759578,144.25723337,88.36462021,61.01694415,-30.99753596,-75.08006894,36.59426497,-1.5993390886509702,69.95075962069829
0.0952231749946904,143.81110984,89.41836909,59.60581116,-31.87373981,-74.52888227,35.01016721,-1.5809477012057673,68.52777522825093
-0.641468985466006,143.97688138,91.40087544,58.01653183,-32.77576995,-74.21890216,33.65342772,-1.5463464379565723,60.142223899983804
-1.47140895069851,143.57353861,92.62335879,56.47382306,-33.59870623,-73.50369694,31.93364211,-1.525010078448262,136.64236470004587
-2.39895327322362,143.7902063,94.78172023,54.75393458,-34.42465651,-72.97939643,30.44607865,-1.4873395648721761,43.86299342390654
-3.42662818922142,143.75754323,96.61125157,53.05813471,-35.20864649,-72.2387795,28.75617465,-1.4554082192207523,-116.73409554490365
-4.55481058339612,143.63806768,98.41388146,51.21138836,-35.91615977,-71.25283946,26.89076953,-1.4239463924453892,114.47340896204582
-5.78139797916744,143.33680453,99.93030725,49.48362995,-36.63726331,-70.28640938,24.99128429,-1.3974797695477328,276.4147662287008
-7.1014723972149,143.8647526,102.70192701,47.44970984,-37.23352906,-69.15628356,23.18540879,-1.3491058791223978,12.179502677684972
-8.50698804198553,143.97582845,104.83310288,45.60745755,-37.89024252,-68.09920163,21.37341227,-1.3119098432518432,-128.04419387164137
-9.98657069922084,144.11890446,107.05975597,43.67085275,-38.47080997,-66.841362,19.43209179,-1.2730474155316378,47.619657559196945
-11.5255257160013,144.02150454,109.00225932,41.64445778,-39.01197316,-65.46241518,17.29159602,-1.2391443363431178,150.77168464088234
-13.1060623686708,144.47502637,111.69042547,39.51571733,-39.55822604,-64.20108578,15.37599755,-1.1922269861849581,4.796192709750535
-14.7076706410935,144.74109894,114.03527388,37.61874894,-40.10555165,-62.93914345,13.52372042,-1.1513016609703042,-67.01989103967243
-16.3076025972263,144.97007106,116.34857513,35.61776412,-40.61361834,-61.60333452,11.57765382,-1.1109269375673034,-5.47980676183446
-17.8814430014657,145.257392,118.68429275,33.67291246,-41.10826089,-60.28576434,9.6852149,-1.0701609747014578,-20.26209800907166
-19.4037559470043,145.53835791,120.97532781,31.70920705,-41.59217365,-58.98956984,7.78854804,-1.0301748696258322,-46.27067861768577
-20.848783906547,145.85119925,123.21721835,29.86705755,-42.06946532,-57.75042097,6.00308028,-0.9910464982335185,-61.559439979246285
-22.19117118872,146.14773483,125.33696903,28.16663269,-42.55083863,-56.59978052,4.35717516,-0.9540498695461295,-62.23629960713133
-23.406663318501,146.43066627,127.39743434,26.35554793,-42.99523829,-55.42315917,2.57017126,-0.9180879657635039,-85.16006661339226
-24.4726754694617,146.74820322,129.34202252,24.8121605,-43.44623696,-54.38509116,1.04153914,-0.8841484994271399,-147.77961085365217
-25.3686376915035,147.00623882,131.08971909,23.35381182,-43.8891099,-53.42056682,-0.444545030000004,-0.8536454399548286,-108.36714768113325
-26.0761979060188,147.04513084,132.50036121,22.08824735,-44.24862257,-52.30385262,-1.84746137,-0.8290250903935156,-100.3951957523575
-26.5794860667733,147.50545308,134.16110582,20.85526898,-44.70472257,-51.70942706,-3.10446533,-0.8000396289142665,-149.5149707849563
-26.8655472174145,147.42645799,135.0834778,20.00687756,-45.08832985,-50.95388638,-4.11036584,-0.783941200935127,-158.09984220446543
-26.9249060889706,147.76352066,136.37583487,18.97285525,-45.33584892,-49.99838072,-5.41461929,-0.7613853149522001,-339.17358774328443
-26.7521749399027,147.58908146,136.76074902,18.54850379,-45.84986145,-49.89351503,-5.96940905,-0.7546672956971849,-39.474294951922225
-26.346615348043,147.3352294,136.64724241,18.40701225,-46.43274638,-50.14813059,-6.28368812,-0.7566483597644621,208.10948208283997
-25.7125727617887,148.20046527,138.21184919,17.98164227,-46.41156468,-49.14680406,-7.06894561,-0.7293408199544351,-302.90821675682975
-24.8597182342372,148.02664982,138.11102945,17.89963413,-46.87041066,-49.35909998,-7.30942929,-0.7311004563684401,-298.85848042420446
-23.8030527321356,148.01498416,137.92741312,17.98224469,-47.10641181,-49.1563768,-7.61803055,-0.7343051658873683,-42.49705686339866
-22.5626532170144,147.92947874,137.86248353,17.9485998,-47.43726924,-49.30582864,-7.79689638,-0.7354384010148386,-106.66321414834034
-21.1631636796679,147.98610711,137.39948685,18.30820723,-47.57967123,-49.20348517,-7.8894301,-0.7435192175066413,-51.21438481048401
-19.6330559819466,148.02971719,137.00280241,18.64193205,-47.70657618,-49.12672018,-7.96964554,-0.7504426670760711,1275.025195936462
-18.0037028278631,147.97925607,136.57812377,18.79015241,-47.48117961,-48.32166854,-8.92601827,-0.7578547076069627,864.2924787975513
4.25596449621507,184.47726356,143.44847754,39.49083333,33.37127337,10.1161427,25.49620427,-0.6379444135436574,-2094.073525478518
4.47937617496299,183.5541581,140.70879182,39.61029783,32.38293407,7.86146199999999,24.81902558,-0.685760949827529,-1717.7278978729646
4.70272115509186,182.58640213,137.89599517,39.85106557,31.32112973,5.46205136,24.24076558,-0.7348535125590955,-47.41951716320845
4.92898675567777,181.55847385,134.99760398,40.24590871,30.17342396,2.88727797999999,23.85045965,-0.7854399818353918,-27.493215266243354
5.16068823169923,180.51271258,132.07181898,40.82580381,28.95622777,0.193728099999987,23.61917704,-0.8365045632908544,-53.43717680463378
5.39949846746246,179.43349634,129.12889162,41.57134846,27.67341608,-2.61956323000001,23.58584892,-0.8878683353698789,-57.93029832575787
5.6459474157263,178.12260749,125.94147032,42.4500328,26.23045995,-5.78658517,24.08063449,-0.9434993317030768,55.467389169118064
5.89921393742716,176.93102662,122.9282631,43.5042921,24.83775222,-8.71621671999998,24.50521471,-0.9960897187369417,45.80094942945312
6.15702584715824,175.89142144,120.12892639,44.88229041,23.35391293,-11.82151336,25.03419537,-1.0449473611983873,-9.102248096320942
6.41567566814425,174.53483571,116.99005469,46.26153578,21.78640327,-15.05586908,26.00441303,-1.0997310071610593,66.33823873767994
6.67015068376139,173.45493319,114.26423042,47.96265681,20.18251921,-18.29771129,27.01342177,-1.1473056155033299,41.73236703157066
6.91436855099223,172.25852814,111.43193639,49.79944642,18.53001988,-21.58485622,28.27292202,-1.196738471711409,-37.0953640575733
7.14150597735867,171.01662136,108.6386433,51.67904726,16.82317622,-24.90036306,29.70525111,-1.2454906331051154,35.88493458808397
7.34440131188439,169.55551945,105.66127731,53.46780306,15.11586303,-28.07784001,31.11904056,-1.2974554726675158,146.50341912327605
7.51599670028819,168.42932482,103.21866171,55.40013852,13.33036182,-31.40590102,32.75282425,-1.3400871572480926,91.90505382333569
7.64977550378879,167.22639198,100.73002099,57.43309774,11.5635517,-34.58850928,34.38604268,-1.3835221317112951,41.99404075566857
7.74015778863626,166.01037317,98.32525729,59.40057208,9.77375683,-37.74215119,36.05003367,-1.4254931760087362,76.42492234528619
7.78282940212476,164.79721253,96.0393728,61.27695573,7.97425726999998,-40.79460368,37.66288598,-1.4653893866795076,83.54316043308154
7.77498808742058,163.60139393,93.86973542,63.09803479,6.18064537000001,-43.75859149,39.24582264,-1.503256702534851,83.64459198789476
7.71549600020594,162.4246528,91.82739166,64.84223341,4.40561767,-46.60030655,40.76619265,-1.5389023256044119,77.37218757950303
7.60493425873578,161.25730989,89.89346176,66.51073003,2.61865010999998,-49.38563342,42.24597332,-1.5726557698621766,96.24551663078407
7.44556121773027,160.09798949,88.0587205,68.08998574,0.906806240000009,-51.86834049,43.53275867,-1.6046780457713659,130.94930139290418
7.24118156307351,159.02055003,86.46863429,69.42083192,-0.87668395999998,-54.52201592,44.84657911,-1.6324302855264237,117.2407838253764
6.99693779318889,157.98345299,85.04033357,70.61639119,-2.62597421000001,-56.97785655,46.00366718,-1.6573588357990294,90.02553842246242
6.71903898723599,156.97896132,83.71554703,71.79280058,-4.32935882000001,-59.28218527,47.0987372,-1.680480722808133,92.72571810960528
6.41444383961937,156.00517802,82.53775498,72.79371381,-6.01239381000002,-61.47114345,48.05292235,-1.7010370719844468,100.14462755830067
6.09051578981966,155.06821054,81.493739,73.69919423,-7.66384787999999,-63.53584426,48.9179208,-1.719258588278882,103.17569549167516
5.75466785671913,154.18233966,80.60896284,74.45483084,-9.27122989,-65.43037863,49.63138505,-1.734700845414034,94.65817109201468
5.41401371726658,153.32333627,79.86308416,75.02318373,-10.86650725,-67.24077439,50.21232959,-1.7477188842004634,102.21179028837346
5.07503987751213,152.49123658,79.22252207,75.46160519,-12.44124012,-68.97640511,50.6970182,-1.7588988017344198,126.91789450809176
4.7433116735203,151.75278804,78.81805974,75.80712045,-13.95020351,-70.46758495,51.04949486,-1.7659580010932074,82.48849461801821
4.42322347592573,151.11595074,78.56326727,76.04143386,-15.42595933,-71.87239676,51.29167191,-1.7704049686039964,37.94378606025717
4.11780098410277,150.32953487,78.24565958,75.97290435,-16.93007057,-73.29692076,51.33908748,-1.7759482685241497,130.09900141594198
3.8285609853063,149.65446386,78.12141435,75.9779229,-18.40830703,-74.61419485,51.46522993,-1.7781167568675473,168.6881474017321
3.55543149860572,149.18213073,78.41867179,75.67773186,-19.74126811,-75.54010167,51.23315256,-1.7729286358134977,20.933386545967103
3.29673287784206,148.63105187,78.64607332,75.2629721,-21.11340463,-76.52597657,50.94020881,-1.768959730390925,27.623425555081127
3.04921825224072,147.92091682,78.71162347,74.78774985,-22.50901991,-77.5303992,50.58672486,-1.767815664448249,151.4729300090667
2.80816966512506,147.53290351,79.32900286,74.16677925,-23.75778035,-78.15841879,50.0930217,-1.7570403613587946,84.50165511570073
2.56754442982426,147.05137847,79.87245111,73.40682637,-25.03718139,-78.8221414,49.45941823,-1.7475554000820936,-3.4553784184887526
2.32016456370083,146.5780961,80.49609122,72.56530464,-26.27122596,-79.34510833,48.73698897,-1.736670826815094,75.46123181748632
2.05794075705903,145.98438168,81.01348089,71.56604644,-27.36168106,-79.37277834,47.60105293,-1.7276406735577872,109.63762520354247
1.77212127276471,145.73311067,82.09554059,70.58218334,-28.59447584,-79.9512683,46.93398916,-1.708755169089645,-16.22412170494858
1.45355549094022,145.17645517,82.78268799,69.43106816,-29.63414449,-79.80312126,45.62940261,-1.6967621845131264,86.28388760940186
1.09296151796285,144.64817627,83.60203259,68.34444062,-30.92938182,-80.48449546,44.88332636,-1.6824619235346907,168.6912104545746
0.681188960201373,144.5187159,85.04626535,66.95969249,-31.91963507,-80.28776591,43.58470927,-1.6572553067075255,118.3664478890889
0.209475317780206,144.083453,86.07505403,65.55572347,-32.8094268,-79.71160133,41.95969337,-1.639299556934279,99.38757703260804
-0.330296924843309,144.22038681,87.9880325,63.96364599,-33.72727481,-79.37198725,40.47464643,-1.6059117841130157,23.752805382279973
-0.945338165882495,143.77653569,89.11752434,62.45290698,-34.61626088,-78.76880493,38.78529575,-1.5861984326306064,35.75432636416353
-1.64169010838944,143.85874766,91.0658932,60.73861541,-35.50931441,-78.34230107,37.22712577,-1.552192980980278,57.983686202245366
-2.42397164533302,143.46780894,92.36485185,59.09794028,-36.33444974,-77.5624436,35.39293775,-1.5295218756905176,58.37204290477516
-3.29513382516418,143.60133184,94.47597595,57.21567524,-37.15775869,-76.9369221,33.64567815,-1.4926758092273156,22.84357785378388
-4.25622319287325,143.27616381,95.94662653,55.45985266,-37.91211336,-75.9655806,31.67318292,-1.4670081144599512,132.58685307292905
-5.30615339347568,143.29338914,98.01694276,53.31152698,-38.59928067,-74.90435052,29.55973959,-1.4308742796889748,180.7747723832742
-6.44148649979054,143.47667229,100.28806792,51.2394212,-39.22167156,-73.70787756,27.42039503,-1.3912356679220919,-68.67148389353427
-7.65622812579151,143.75272478,102.59367272,49.40409829,-39.92184853,-72.73410122,25.518424,-1.3509952729123067,-35.257471268692605
-8.94166210708874,143.4888374,104.23605069,47.53947301,-40.61660091,-71.64491742,23.45666225,-1.322330369773586,149.6829465081605
-10.2863022290868,143.98022893,106.96839225,45.16089179,-41.15266848,-70.30952067,21.17442651,-1.2746420132625078,-4.026567086801158
-11.6760460569685,143.98985901,109.04165357,43.09321313,-41.66778403,-68.79367038,18.88239811,-1.238456776974264,25.616185214214582
-13.0945310844172,144.1470834,111.32004125,40.86627027,-42.1860644,-67.35480659,16.55721402,-1.198691410321389,53.83172419000983
-14.5236225307024,144.74996412,113.99402638,38.90727174,-42.80752931,-66.37102247,14.71998748,-1.1520215656535207,-70.63619928717068
-15.9439767938212,144.75576689,115.98012331,36.92402513,-43.30862789,-64.93208881,12.54611563,-1.1173576349612693,-38.37417901780595
-17.3356584224103,145.33270046,118.54168358,34.95589339,-43.88968956,-63.92762202,10.70088242,-1.0726499742614943,-38.23282829234724
-18.678793860781,145.33734439,120.42033752,33.10405573,-44.37173769,-62.55269101,8.66039754,-1.0398612775029301,-51.2036248556547
-19.9542376331993,145.95637678,122.87028281,31.28326587,-44.93644359,-61.65598033,6.95727276,-0.9971016656987027,-67.41238591785654
-21.1442228821193,145.94408953,124.56717657,29.6226342,-45.40762349,-60.40737278,5.11255497,-0.9674852825301564,-142.27983403452322
-22.2329692244301,146.56840983,126.81263752,27.99309789,-45.9552616,-59.64544119,3.56248073,-0.9282945957276968,-92.32934336449449
-23.2071894295199,146.3416124,127.89881222,26.82763438,-46.57561306,-59.03353941,2.26699663,-0.909337270960835,21.323385603317924
-24.0563857081304,147.09177872,130.22598406,25.06413792,-46.90206739,-57.81499777,0.379407360000002,-0.8687204600931403,-117.76124798964726
-24.7729036066962,147.00387118,131.35262187,24.03090838,-47.3665342,-57.0088846,-0.799832649999999,-0.8490569208311819,-204.67170007386736
-25.3518728550862,147.56339089,132.96460835,22.98609474,-47.82528832,-56.50432714,-1.96154615,-0.8209224492575485,-154.07004102255485
-25.7911578771397,147.37662508,133.63374906,22.26402672,-48.32866198,-56.07993841,-2.83292026,-0.8092437407089155,-212.0989679043572
-26.0913033656142,147.80711258,134.82047633,21.74572819,-48.66497807,-55.51644219,-3.54679354,-0.7885314425242123,-101.66681995608218
-26.2553877065199,147.50649095,134.69963868,21.56460007,-49.32656002,-55.79600243,-3.92002847,-0.7906404573770848,39.76259018310779
-26.2886910513929,147.94742687,136.09383634,20.39303104,-49.32130058,-54.50467113,-5.64694626,-0.7663071177864842,-193.14239013840995
-26.1980927949768,147.72682211,135.99335116,20.26893701,-49.8622836,-54.73608619,-5.9450544,-0.7680609150269433,-190.24365655957885
-25.9911292142448,147.79536908,136.26057197,20.01843802,-50.02051656,-54.17570616,-6.52177751,-0.7633970320625971,-47.29996560010496
-25.6746648323573,147.66083379,136.19704778,19.93695385,-50.43614525,-54.3456878,-6.76433398,-0.7645057383327597,47.50504004188749
-25.2531592080079,147.77289567,136.15629876,19.91341159,-50.54535532,-53.91600528,-7.21506832,-0.7652169428987206,32.30783167156748
-24.7265429730219,148.23056853,136.67292823,19.61094253,-50.17378804,-52.577912,-8.77781979,-0.7562000576343874,-247.41669317481228
-24.0877521633762,148.18868745,136.23713579,19.84460212,-50.4249849,-52.73114008,-8.77118981,-0.7638060705676872,-218.01142957044382
-23.3200079169382,148.17794581,135.73121545,20.12749412,-50.6017615,-52.8080217,-8.75871333,-0.7726360462534962,-57.72208403665879
-22.3939695888083,148.10012998,135.06885934,20.32021711,-50.5607941,-52.49269015,-8.9175809,-0.7841963411936983,-40.81237780290348
-21.2649334854978,148.10622923,134.45877949,20.62303874,-50.67846374,-52.56027184,-8.94411594,-0.794844243276271,-43.75483187950335
-19.8702967598759,147.756906,133.66674519,20.12807746,-49.95211582,-50.51207861,-11.21990025,-0.8086678495999997,-46.34022300706641
-18.1275562394864,147.81652668,132.93564681,20.55368372,-50.04188948,-50.61967003,-11.08237192,-0.8214279234869961,-69.7740258353141
-15.9352162775824,147.76335158,131.99912112,20.82391095,-49.94161793,-50.36223834,-10.91549435,-0.8377733803070078,-62.92870139199324
-13.1888046686225,147.55286614,131.01273841,20.87009615,-49.75421968,-49.80610044,-11.03684881,-0.8549890062812526,-63.03058847772602
-9.82423893031314,147.37389643,129.97094215,21.09249115,-49.53656459,-49.2099858,-11.11728791,-0.8731717811532151,-15.455367001298015
-5.86341835883821,146.89225211,128.72869134,20.89545456,-48.99258542,-47.7278644,-12.38878784,-0.8948531479232817,72.07325277871045
-1.41525078895563,146.97294423,127.85421045,21.56224752,-48.77954094,-47.25703012,-11.63688717,-0.9101157186995523,-32.347979480349395
3.36687154430545,146.91015132,126.85759359,22.08984532,-48.44699411,-46.46189636,-11.10411249,-0.9275099642874398,-52.0385694258485
8.33080114587821,146.47646867,125.55213848,22.27550966,-47.86793449,-44.99307955,-11.40887173,-0.9502944541939244,91.6477015344752
13.3539380972891,146.60654469,124.6883368,23.27073761,-47.42136443,-43.99799854,-10.42933837,-0.9653706375941827,20.216867801496896
18.3536711124485,146.62419407,123.77516916,24.13091923,-46.85329218,-42.69213328,-9.54655866,-0.981308419534849,-10.016168815174531
23.2798412041543,146.39443642,122.63491413,24.91528476,-46.22852039,-41.27703828,-8.60529525,-1.001209624120776,101.99243032666838
28.093202155323,146.56193163,121.94081142,25.94133959,-45.40603391,-39.34797524,-7.92305679999999,-1.013324001757291,58.018627693875445
32.7441493071574,146.61144589,121.16586504,26.9869069,-44.54228236,-37.37935997,-6.95172539,-1.0268493676147024,31.189236191331293
37.1656800975047,146.64838772,120.43887593,28.00827762,-43.57726404,-35.19144994,-6.05480163,-1.0395377212103456,77.77589794345285
41.2808346203878,146.76839154,119.87551711,29.04216376,-42.50856923,-32.75934875,-5.31190697,-1.0493701874894956,73.68535057693082
45.0194965948999,146.89860516,119.38256351,30.06933712,-41.34592271,-30.13706392,-4.64088243,-1.0579738508690548,70.63251664245263
48.3354981804327,147.06729935,119.00735514,31.08279144,-40.08829001,-27.3087394,-4.12517542,-1.0645224723065958,74.22811481304414
51.2089203191242,147.26457816,118.7309456,32.04841995,-38.74118761,-24.29931406,-3.81642881999999,-1.0693467288635188,74.6975438046471
53.6357734497735,147.48617596,118.56448894,32.94233652,-37.30309125,-21.10518803,-3.75389936000001,-1.0722519456423916,87.76215006991883
55.6215712415378,147.75507361,118.50731309,33.82051728,-35.79455237,-17.7873343,-3.90352745000001,-1.073249852477518,67.29850667481773
57.1808575956449,147.93910432,118.62446282,34.14600335,-34.08442094,-13.99600785,-4.76670997,-1.0712052039711955,41.02932571958817
58.3361490212776,148.35291066,118.66927262,35.29519606,-32.56141481,-10.81375202,-5.01401008,-1.0704231254240355,71.5673481510759
59.1146227788414,148.7409121,118.91951742,36.07859598,-30.86873548,-7.2342428,-5.76694945,-1.0660555297280405,75.08726709996915
59.5436026782792,149.13775283,119.24128285,36.72418293,-29.11340337,-3.58510783,-6.80518716,-1.0604396635554454,17.847075451107308
59.6484051206893,149.54569798,119.64479037,37.26627296,-27.30301813,0.106767419999997,-8.0362279,-1.0533971287748887,37.75288369200602
59.452343051246,149.76609758,119.91554929,37.38234962,-25.43064863,3.85132962000002,-9.55728258,-1.0486714941417445,110.79153742119097
58.9756612682052,150.39288899,120.58637141,38.10174358,-23.61566433,7.36839868999998,-10.76811389,-1.0369634394525362,62.69635094465986
58.2348797537957,150.92924619,121.22460448,38.58197776,-21.73931447,10.95639652,-12.24529975,-1.0258241709859246,7.5310451078069995
57.2436232223365,151.44544995,121.88717608,38.92055509,-19.82834191,14.51143588,-13.76244973,-1.0142601150357178,24.6127011794639
56.0140093751735,151.9703009,122.57680938,39.20777306,-17.92012844,17.96485483,-15.24937481,-1.002223743319324,-39.14694797874096
54.55824647805,152.52758891,123.32900114,39.44623145,-16.00877896,21.33490073,-16.70733534,-0.989095520500953,16.333936076149413
52.8897712139073,152.86634195,123.70471879,39.70836405,-14.14509199,24.44919038,-17.95196843,-0.9825380104505974,169.06543173547783
51.0242078496752,153.63207879,124.86441276,39.74098486,-12.21431433,27.71879521,-19.36378162,-0.9622975323585732,-7.533439699535238
48.9799601114036,154.29568113,125.80130177,39.91951786,-10.32504238,30.78356573,-20.67995689,-0.9459457344083231,-55.05473224741708
46.777914318907,154.7488221,126.35666095,40.17740408,-8.50218433999999,33.55455481,-21.73918812,-0.9362528881861469,134.53164029716524
44.4408484644459,155.52196967,127.58244437,40.0487162,-6.61133512000001,36.49489003,-22.9310553,-0.9148589315907905,22.79400003104004
41.9925741351027,156.22179199,128.61971866,40.07918692,-4.77648767000002,39.20625501,-24.00490479,-0.8967550799840042,-28.694806388391836
39.4570837116058,156.84817143,129.49418697,40.17972542,-3.0021581,41.67291186,-24.90590891,-0.8814927287701538,69.88742685813283
36.8580851948044,157.60942365,130.71836724,39.96923465,-1.18517568000001,44.19617092,-25.75769119,-0.8601267524207006,27.88639256815051
34.2185224087311,158.30635393,131.80635503,39.91447948,0.560221280000007,46.52165538,-26.57411327,-0.8411377832637039,6.18823590521016
31.5599876816053,159.04072855,132.97679308,39.73250902,2.29898769000002,48.7471746,-27.22774002,-0.8207097856005819,16.482493266096697
28.9020741980532,159.77254625,134.15397907,39.55037296,4.00218927,50.83865385,-27.81505475,-0.800164014166733,3.5807140027343642
26.2622404201685,160.50293615,135.32965665,39.35654878,5.66298541,52.78358564,-28.28213423,-0.7796445694538536,9.49338161767237
23.6566439310055,161.24178648,136.52211909,39.1506068,7.29269199000001,54.59861374,-28.65643978,-0.7588321736694886,11.209811707918504
21.1009604953423,161.98446818,137.73691329,38.9227318,8.8784254,56.2679117,-28.90870587,-0.7376300151453581,-13.823772130000567
18.6105367358321,162.77234641,138.9544866,38.73254254,10.38600941,57.67027646,-28.99712963,-0.7163793520014524,-26.054364085564828
16.2001794104203,163.47650672,140.06496555,38.5261249,11.93389848,59.12317202,-28.96621459,-0.6969978380498626,42.64393504658903
13.8837256116652,164.14974534,141.2375736,38.25835594,13.3474855,60.25372743,-28.76438211,-0.6765319667419727,117.93978470014949
11.6736213014713,164.95124587,142.63734956,37.88430409,14.86759562,61.66061819,-28.8033068,-0.6521012674497082,19.24732343938862
9.58063313588578,166.06708089,144.19640579,37.6799652,16.15863768,62.39498454,-28.39637644,-0.624890603012478,-99.11650121983806
7.61348811488748,166.7178489,145.32001261,37.44596878,17.54646925,63.34534833,-27.9303673,-0.6052799645056149,-6.612136237946764
5.77855778707082,167.46113684,146.58734226,37.11902046,18.90738312,64.20130179,-27.49333094,-0.5831608894049671,13.244963354175354
4.07976788906472,168.40473469,147.96479091,36.8978275,20.0779272,64.55707192,-26.7154157,-0.5591198751853164,-72.6858703274846
2.51871004367203,169.04173187,149.05416678,36.69748303,21.34971851,65.11841122,-25.95501118,-0.5401066794620387,-34.56637848077033
1.0950780301503,169.72203085,150.19310985,36.45460273,22.53607444,65.45448959,-25.09408308,-0.5202283728977662,-117.34654554207026
-0.192737555131685,170.42725992,151.32294054,36.25800734,23.65458754,65.58952188,-24.06860603,-0.5005091073671873,-15.374654250033837
-1.34731677514903,170.86724488,151.74908261,36.46065428,24.55993091,65.06303388,-22.55115524,-0.49307152516442315,205.84354031359888
-2.37222506252583,171.97263362,153.50362402,36.09067852,25.5880757,65.01567508,-21.38372421,-0.46244900069733935,-141.65891744516213
-3.27224977836986,172.5619676,154.48445198,36.00540658,26.61457619,64.83944878,-20.02065049,-0.4453303233997202,-145.52401365088508
-4.05353449718921,172.95824545,154.87266169,36.24042628,27.40563739,63.96862209,-18.22456459,-0.43855478577200757,96.75015764004534
-4.72354449783811,173.94922098,156.38603017,35.97401433,28.24698738,63.3829861,-16.62790491,-0.4121415230001057,-54.42018463660272
-5.29123177625405,174.32444063,156.79603693,36.22846576,28.9980147,62.38403719,-14.69488001,-0.40498555508267126,37.88401551468814
-5.76716544972605,174.94911449,157.97580367,35.93400135,29.84016949,61.78697071,-13.02543135,-0.3843947410641515,-46.26762254617609
-6.16311738513672,175.69882866,158.93647159,35.96830518,30.46560201,60.51214353,-10.89839991,-0.36762792284186613,-58.015466902596735
-6.4912765758013,176.066935,159.30048322,36.30313668,31.07849369,59.16458804,-8.71799559,-0.3612747213828149,125.94514921212773
-6.76341732029613,177.11539476,160.74450211,36.2227408,31.6395519,57.82327008,-6.50773244000001,-0.3360718372913207,-25.357319724892413
-6.99009934416311,177.61681252,161.34677532,36.41080021,32.14297978,56.22205287,-4.13551234999999,-0.32556018678026555,-23.15126194761543
-7.18003030256972,178.43840134,162.40724589,36.49777506,32.64809905,54.72223464,-1.83162117000001,-0.30705148371326446,-60.917102963981584
-7.33974463897527,179.11658257,163.26042046,36.62887378,33.10486935,53.07073763,0.588839379999996,-0.2921607783724777,-135.792164206851
-7.47363173567067,179.54831922,163.72096038,36.86773847,33.4779988,51.20123146,3.15837413,-0.2841228404316064,156.54130507033517
-7.58405720733369,180.09055105,164.39603381,36.99872412,33.862919,49.42986831,5.70220918,-0.272340586385375,147.50669197319016
-7.67125775220831,181.26880212,165.93159048,36.92327527,34.31346589,47.8895811,8.08315954,-0.24554006664291483,-46.351438492843755
-7.7332883059296,181.72065457,166.37679825,37.20544082,34.62008912,45.96144223,10.65523642,-0.23776972520095327,-4.6027299434822755
-7.76623992753657,182.8566211,167.8766464,37.08344995,35.07558497,44.54824871,12.95573082,-0.21159243670350764,14.408488845353018
-7.76427266251107,183.33360813,168.33119099,37.3657879,35.36187808,42.68681334,15.44054179,-0.20365913701087976,20.150691897582718
-7.71942468980753,184.60430177,169.90425688,37.34239595,35.79367573,41.3605528,17.42011287,-0.17620395787956514,-13.851493194516351
-7.62162964376258,185.06291481,170.40103869,37.51928218,36.14888966,39.84612932,19.75360377,-0.16753347963104798,-35.682940652428385
-7.45903725465128,186.19739385,171.85250415,37.37014519,36.61589813,38.79632287,21.75187885,-0.14220062837507427,0.9660135610409348
-7.21877359368253,186.67157554,172.2664382,37.63545523,36.91489075,37.34043036,23.77256901,-0.13497611631645903,-3.517941490858023
-6.88819251065878,187.91356521,173.80628627,37.52486076,37.42674235,36.65986216,25.27129122,-0.10810069751447932,-74.38987890943646
-6.45609930621185,188.33240528,174.11168139,37.78496879,37.73912905,35.46433082,26.99929251,-0.10277054715095589,-56.28072656317662
-5.91366321287659,189.42269768,175.33384578,37.86211758,38.23057005,35.01781583,27.89760612,-0.081439754544828,-78.78156363976623
-5.25523899901157,189.74836993,175.63445977,38.0190338,38.73651685,34.6002792,28.92600333,-0.07619305064177041,-96.8947983111504
-4.47914683693684,190.63424683,176.41002018,38.2793508,39.06281127,33.99657794,30.10594689,-0.06265696793915332,-138.83281574315438
-3.58849280883333,190.90844147,176.60207185,38.37410505,39.48490984,33.66080592,30.84108722,-0.059305033963699974,-129.31563132513034
-2.59226923231218,191.21632766,176.69074114,38.5229451,39.66789203,32.88528551,31.88853222,-0.05775746290779407,74.10216836356487
-1.50571332362065,191.53006216,176.82875994,38.68635912,40.20883761,33.13176179,32.1759479,-0.05534858041814257,78.5989288961799
-0.347936453313095,192.42639351,177.39603625,39.12442495,40.26641528,32.49801016,32.96106553,-0.045447741040078336,-143.2174318900165
0.86218220973615,192.69556995,177.50578672,39.26974828,40.68836098,32.69235472,33.18210889,-0.043532233982967176,-143.50062552378216
2.10814064047683,192.8821872,177.28075592,39.42322521,40.92991146,32.63022928,33.32628523,-0.047459762361364254,-45.64193771728946
3.37516074357245,193.11254855,177.36061548,39.55595086,41.23369798,32.762357,33.4918384,-0.04606595010017,-127.09235762012037
4.64902654311124,193.27073872,176.90396655,39.75307257,41.37843484,32.68906875,33.44390856,-0.05403597745437912,-78.12031598205446
5.91563692913306,193.38662222,176.48725867,39.93652084,41.45676413,32.54634951,33.41009734,-0.06130890197938486,5.488627655872658
7.16068195481743,193.50198473,176.07958074,40.13213969,41.54509274,32.49599623,33.35103657,-0.06842422414559943,-156.16876105083875
8.36905424755621,193.61098114,175.64534938,40.31213866,41.63497007,32.52983763,33.21862039,-0.07600299109301245,-150.94228359394884
9.52443593578505,193.27123523,174.36041384,41.0013994,41.2779317,31.5134937,34.12078504,-0.09842934694190361,130.2486529273253
10.6094991729625,193.4378211,173.93860451,41.14432023,41.4253741,31.74607918,33.80333421,-0.10579130856603493,-156.55073159362794
11.6067595935231,193.53669573,173.38751675,41.20634507,41.52590233,31.94050114,33.36786899,-0.11540960444547527,-320.9957549456286
12.4997564149659,192.72845026,171.33489002,41.64314299,41.07259869,30.66178378,34.00752676,-0.1512346991984202,215.39324719689574
13.2741717971914,192.72403918,170.57544946,41.48216037,41.06191698,30.60388152,33.50859593,-0.16448943744360978,117.82530506385504
13.9187523940406,192.82646249,169.96528793,41.60000784,41.14623805,30.74653073,33.17345938,-0.1751387651111159,-285.1119094429955
14.4267581146773,192.34928505,168.43847144,41.13572726,40.88043786,30.10706616,32.43570336,-0.20178673993535878,-152.8581856190725
14.7984033130325,191.93961599,166.96211493,41.01288663,40.64967776,29.52930581,32.00539786,-0.22755402196811114,-30.321530045745693
15.04214126371,191.5224436,165.42568053,40.87178446,40.39153401,28.8904077,31.42034148,-0.25436986098901504,-69.98553530604026
15.1731294012476,191.06743883,163.78521236,40.6997603,40.07826407,28.13187753,30.71282847,-0.28300143182968096,-86.37387853096419
15.2099911281683,190.55600955,162.01190204,40.49811527,39.69858359,27.22939153,29.88221148,-0.3139515355732753,-88.83792738761214
15.1710981810796,189.99712088,160.11342392,40.28561135,39.24815621,26.17244134,28.94471263,-0.3470862295443472,-87.28280935349169
15.0715572306328,189.39132992,158.08911972,40.06662552,38.72158096,24.94849501,27.91104083,-0.3824170028962968,-86.3043585762064
14.9210748240549,188.73568693,155.94154182,39.84711045,38.11220647,23.53904425,26.80915621,-0.4198993081943626,-84.40704779827061
14.7215149820053,188.03002479,153.67184985,39.64174086,37.41474213,21.93290922,25.67290483,-0.45951290607693895,-81.08538428976573
14.4643482997457,187.27338056,151.28604296,39.46442758,36.62562409,20.12171007,24.54134548,-0.5011530916242051,-75.83023630925769
14.1306091606,186.46635541,148.78999495,39.33388982,35.74099164,18.09504232,23.45451714,-0.5447173476865577,-70.08126137951986
13.6982610792396,185.61236483,146.19606885,39.27301438,34.76064402,15.85257128,22.45514302,-0.5899898986849733,-67.33287395311436
13.1558108093724,184.70968243,143.506604,39.30664519,33.68335805,13.39642273,21.58793421,-0.6369299154341284,-59.50164443127903
12.5111562342786,183.74847011,140.72030579,39.4482261,32.50659888,10.72307418,20.89452662,-0.685559993141053,-74.81763816514774
11.7910933824951,182.75752736,137.88229374,39.74438115,31.24348103,7.86631185000005,20.39831841,-0.735092647624827,-43.7393281197517
11.0356843914492,181.56408752,134.81586924,40.1278737,29.8396349,4.68674958999998,20.44158565,-0.7886118514136474,22.94869554396186
10.2895500849298,180.59374177,132.00737559,40.80063747,28.45399956,1.63436154999999,20.17220013,-0.8376293126275007,-35.167996964598025
9.5934459439421,179.49247449,129.04291903,41.60929437,26.9451844,-1.69444555999999,20.34707757,-0.8893688401318457,-34.645443641213625
8.97900116205732,178.20491723,125.93095966,42.48091806,25.34663345,-5.17745810999998,20.96788873,-0.9436827773266343,41.54318206730743
8.46575870871592,177.11933238,123.07146505,43.72350655,23.73594968,-8.61863027000001,21.5905816,-0.9935903732141653,10.006756254515814
8.06085324588753,175.91195202,120.09256863,45.11615026,22.05120336,-12.19863127,22.53376703,-1.0455819238190371,4.614559785147598
7.76114482276227,174.675262,117.15734556,46.64197359,20.31812231,-15.80312774,23.7462741,-1.0968112306710334,38.6874760905199
7.55593689720822,173.42931089,114.28061708,48.29429421,18.56201125,-19.38450449,25.11894895,-1.1470196143329252,0.7115585187378315
7.42943788524568,172.17444444,111.46488898,50.05626669,16.77984891,-22.95289822,26.64049686,-1.1961633405188494,37.47543219147378
7.36293238085973,170.72381603,108.47274246,51.73689296,15.04111781,-26.27373734,28.04956234,-1.2483861489949395,89.94702478605898
7.33664332018134,169.57058247,105.98715081,53.59549476,13.18008918,-29.88825695,29.84236714,-1.291767907147518,62.76227552116218
7.33126962146296,168.16705669,103.18022633,55.56785067,11.41346324,-33.13181962,31.4554253,-1.3407579811783479,110.5509490197921
7.32918637595141,167.00514209,100.86901399,57.37870625,9.54149294999999,-36.60350827,33.29189994,-1.3810962462240706,87.6078472560792
7.3153101191914,165.78980978,98.52112048,59.3068119,7.71900341,-39.8602962,35.08110782,-1.422074718459777,7.692049985976723
7.27765064310782,164.55900444,96.25283316,61.12763089,5.9058297,-43.0075134,36.79925654,-1.461663800575015,59.92412930198698
7.20758190319081,163.21601241,93.90608683,62.94631526,4.15911739999999,-45.87439099,38.35934791,-1.5026222507426086,141.2410402436758
7.09987036667427,162.06341986,91.9799923,64.44402757,2.32285457,-48.94700895,39.95851192,-1.536238941995761,110.23373368290734
6.95250274341651,160.91049744,90.10030473,66.00740843,0.550832589999999,-51.77671167,41.48496305,-1.5690456790010725,60.51257578593816
6.76635645465341,159.77417469,88.33874421,67.43486669,-1.20364628000002,-54.492432,42.89526533,-1.599790710048216,87.9938198388408
6.54475556783815,158.61667582,86.64123415,68.82187007,-2.87397257999999,-56.8984021,44.11831767,-1.6294178496809426,125.80209504531314
6.29295255009881,157.56296857,85.20166357,69.89536174,-4.61296486999998,-59.46887493,45.31976399,-1.654543096116787,112.1098718716862
6.01757247422731,156.54691909,83.90295648,70.82143898,-6.32423328000002,-61.86950357,46.36084405,-1.6772098108562814,85.37619771597838
5.72605166092058,155.55756378,82.70692518,71.72761093,-7.996386,-64.13577571,47.36327416,-1.6980844949981895,97.3011441222682
5.42609753953539,154.61031997,81.65384839,72.48515867,-9.62464120999999,-66.2401552,48.21138619,-1.7164641522600224,101.41297403368776
5.12519110274902,153.73200236,80.76968128,73.26092944,-11.18481891,-68.16208943,49.03151434,-1.731895779467365,89.84628438163611
4.83014800354649,152.84441658,79.98579384,73.65816614,-12.77353743,-70.06101167,49.5724738,-1.7455771962603945,109.16174547501933
4.54674932873146,152.00905463,79.34721867,74.05937564,-14.32830338,-71.84036759,50.13602838,-1.756722435498377,121.76196675022011
4.2794485679028,151.31376581,78.94319002,74.40267736,-15.80414704,-73.39999537,50.59332487,-1.7637740657132648,52.27685050198216
4.03115739883909,150.5713071,78.62240074,74.42719922,-17.2767882,-74.8876378,50.79572054,-1.769372894854367,84.10104969249765
3.80310967609991,149.76546781,78.20011049,74.36577426,-18.76760392,-76.34199803,50.86614379,-1.7767432501159368,192.18378899070075
3.59480042950498,149.28690431,78.37944633,74.337384,-20.13310256,-77.5544247,51.12036255,-1.7736132492411072,64.89594227705675
3.40399469193871,148.77256674,78.55816296,74.02437839,-21.5037406,-78.69312469,50.99883492,-1.7704940556195388,-40.68312046383138
3.22679948523016,148.05342515,78.50831828,73.63158107,-22.88979006,-79.81049227,50.7733732,-1.7713640094001417,71.96400040353046
3.05779121720786,147.42514074,78.68311832,73.21002917,-24.27360849,-80.90025119,50.65243148,-1.7683131731695239,201.50175978256524
2.89019002938916,146.88069903,79.04951358,72.60569304,-25.55005634,-81.70595627,50.26777849,-1.7619183695188232,130.96616650946746
2.71607221138778,146.68826251,79.96259372,71.8380453,-26.68630216,-82.11663896,49.70068555,-1.7459821147412524,13.23274954007525
2.52661157595602,146.07383656,80.34108974,71.05612594,-27.94785215,-82.7865933,49.05665069,-1.739376112986558,52.80106014281527
2.31234060052809,145.81567111,81.31788719,70.12906933,-29.06015257,-83.09417149,48.38834925,-1.7223277813589735,-4.435504711859384
2.06342214969156,145.26712375,81.93519369,69.06271798,-30.09039551,-83.03339852,47.20204791,-1.7115537504400111,76.59744116053302
1.76992270442958,144.73700661,82.64776709,68.12776827,-31.39170382,-83.83969577,46.69356463,-1.6991169984478804,161.6721908440888
1.42207828453533,144.57698586,83.96816865,66.92138561,-32.38428538,-83.76236718,45.68814734,-1.676071643777411,122.18379014115044
1.01054702888545,144.1392082,84.90396041,65.62035022,-33.27581757,-83.27990438,44.19131642,-1.6597389964523785,101.28702060288708
0.526650755533289,144.25104814,86.70120516,64.27625539,-34.18768537,-83.03301181,43.05920656,-1.6283711581006959,-48.517257704216995
-0.0373855675298223,143.80201736,87.74048561,62.86772476,-35.08020937,-82.51911735,41.49032888,-1.610232292396588,96.19741884725919
-0.688192559914019,143.53454881,89.15625826,61.42073953,-36.10732496,-82.50865127,40.35599905,-1.5855223981944024,139.3237786070678
-1.43101763403083,143.65645373,91.12818142,59.80515209,-36.78286525,-81.50666699,38.64168452,-1.5511058464560714,-37.304210155866265
-2.26949231681197,143.28547838,92.40957781,58.2280287,-37.58594553,-80.74130613,36.87545702,-1.5287412604274022,147.09735117707456
-3.20540485846045,143.23248529,94.30213985,56.42599333,-38.33447629,-79.93281689,35.17214957,-1.4957098215311415,84.83999417252308
-4.23847577768784,143.42356303,96.5057031,54.65096037,-38.94307416,-78.7332475,33.27581748,-1.4572503875426945,-163.6433395213577
-5.36613469145231,143.10198893,97.96219564,52.95840213,-39.69677809,-77.83386963,31.39775399,-1.4318297971889593,175.03802697561798
-6.58329851900087,142.87651884,99.66422112,51.09745749,-40.36734897,-76.70608823,29.37246876,-1.4021238486101226,312.77239706474893
-7.88215408188982,143.48002641,102.62514545,48.9436046,-40.82454465,-75.24369785,27.31996871,-1.3504459701492153,-27.253459386891166
-9.25197638429962,143.46549285,104.61479297,47.01280145,-41.34894642,-73.75139339,25.14069094,-1.3157200699710758,-75.76964196828185
-10.6790741841113,143.82396439,107.13194444,45.08329626,-41.90816522,-72.49921376,23.22900502,-1.2717874890481604,17.25630069792974
-12.1469489381147,143.77499553,109.13123675,43.06904645,-42.41024481,-70.97742775,21.02006949,-1.2368932555288572,20.700870292358342
-13.6366497217327,144.18227437,111.73761475,40.97534121,-42.89663452,-69.58095776,18.95935797,-1.1914033778773125,6.915176010644508
-15.1272465143886,144.18131883,113.76628778,38.9897791,-43.36263531,-68.03282256,16.78336431,-1.1559963540574028,-11.39969131323193
-16.5963744283477,144.65680466,116.3829061,36.90774364,-43.82900969,-66.66779441,14.75736871,-1.1103277491054002,-24.838730044243107
-18.0208325663699,144.66293583,118.33602339,35.01762628,-44.27698373,-65.17639983,12.69105528,-1.0762394217172715,-38.01828543937402
-19.3772214023545,145.1871201,120.88588201,33.0033607,-44.73110498,-63.89002544,10.74278712,-1.0317359933379122,-56.24810635946336
-20.6425946955569,145.18745024,122.68793027,31.27822373,-45.16875147,-62.51276557,8.85041183,-1.0002843179210776,-24.004703517227544
-21.795100467734,145.72837045,125.06658001,29.41914226,-45.61625615,-61.3649779,7.04078741,-0.9587690482063705,-116.94897350109086
-22.8145738255731,145.98227942,126.90230033,27.99450174,-46.11379252,-60.39522303,5.60809279999999,-0.9267296844766065,-225.67750207583055
-23.68299881303,146.15926289,128.57720975,26.51334351,-46.55817906,-59.37362805,4.03574593,-0.897497000424938,-107.12006629735482
-24.3847598766327,146.08784309,129.82363355,25.294002,-47.00499133,-58.43711694,2.65145947,-0.8757428012397185,-55.50273906778873
-24.9067445242578,146.51911033,131.47408672,24.33197712,-47.44747108,-57.74849637,1.7042878,-0.8469369592732409,-156.60906747854364
-25.2384742934798,146.44848556,132.4269595,23.20704338,-47.87832716,-57.00082875,0.317931550000001,-0.8303061919096093,-65.74366963870033
-25.3723643707953,146.5005996,133.47365983,22.12880562,-48.20938798,-56.14845997,-1.02795801,-0.8120378248693981,-164.79884522461185
-25.3040803705967,146.90268689,134.65360197,21.18437059,-48.52139713,-55.5324739,-2.29411591,-0.7914439495433702,-218.0697078594984
-25.0329151022348,146.62035376,134.52900511,21.02682366,-49.14647495,-55.80306538,-2.63378625,-0.7936185749880166,-10.28132272579807
-24.5621111545473,146.85435604,135.63079705,20.09935102,-49.12747572,-54.44282811,-3.96208242,-0.7743886779630809,-65.34980991305007
-23.899065872334,146.65432709,135.52544275,19.99418921,-49.63322584,-54.67160977,-4.23554165,-0.7762274573792148,-105.05471172838176
-23.0553718838082,147.01194012,136.2335653,19.18392326,-49.54872296,-53.54811977,-5.75402358,-0.7638683873740966,-216.18492330960802
-22.0466662787047,146.90154022,135.91996123,19.26510364,-49.92110554,-53.72970846,-5.93270392,-0.7693418109432513,-193.8253549280111
-20.8922822420026,146.85155612,135.59768518,19.3400468,-50.20136912,-53.79940365,-6.16481043,-0.7749665891160731,-44.52180285666185
-19.6147161757325,146.83191093,135.20394223,19.43856819,-50.41913153,-53.83300316,-6.40655377,-0.7818387000000888,-67.86919617896126
-18.2389393836197,146.82156744,134.70671392,19.56618208,-50.5938128,-53.86993912,-6.64127464,-0.7905169711437158,1122.5735533507209
-16.7915950984546,146.80921384,134.09906138,19.71806426,-50.73029906,-53.90875243,-6.86802878,-0.8011225086748225,792.7923397853152
2.1064033014986,183.23118579,140.24761534,44.98533955,31.4806132,7.74536266000001,30.40033173,-0.6938099978362864,-1926.1188369869753
2.16318329002874,182.34080699,137.53654604,45.07638492,30.36486783,5.14298460000003,29.81480459,-0.7411270833710246,-1576.930857173694
2.24231238044979,181.38875057,134.75266874,45.24522104,29.16004678,2.35751594000001,29.36905616,-0.7897149082275545,-50.26032151883566
2.35074222585693,180.41061516,131.93888243,45.5242184,27.89489622,-0.535028540000013,29.01958509,-0.8388247437845961,-18.6603831745769
2.49375699698042,179.25154685,128.96975171,45.85012148,26.50316104,-3.70457831999997,29.17170145,-0.8906458507707062,11.029672785163314
2.67451734994742,178.31212128,126.2343027,46.43386457,25.1836027,-6.61653186999997,28.85129926,-0.9383884425156254,-5.353191851240524
2.89375183914503,177.09643697,123.25003005,46.96008675,23.69537335,-9.88749213999998,29.21388988,-0.9904738260353416,5.189537563265922
3.14961546317931,176.08619693,120.49905144,47.90928346,22.24253993,-13.02785275,29.3662897,-1.0384874604317786,15.664895523322997
3.43772231942737,174.83353073,117.56004225,48.68165151,20.69804319,-16.29889094,29.97615078,-1.0897828475436504,16.050459699044062
3.75134632618916,173.77736256,114.85355342,50.00428216,19.14689765,-19.55619847,30.61992304,-1.1370199887955996,26.1999629424281
4.08177269867596,172.47496803,111.96201681,50.99959014,17.55016437,-22.78139864,31.40287333,-1.1874868230820548,53.62794129188053
4.41877641975944,171.39163874,109.35817013,52.60099679,15.92825397,-26.07462416,32.51063566,-1.2329325208651778,3.680452588166183
4.75119840242392,170.19331849,106.67125684,54.17340771,14.28774717,-29.30516939,33.64749679,-1.279828004491271,-4669.470641182436
5.06757655636213,168.8068232,103.88387428,55.25287669,12.66892199,-32.31063653,34.48514284,-1.3284770076759393,-4236.966257603159
4.26290201131412,149.7214988,74.62640084,80.01193238,-14.35003519,-71.55369782,52.53875834,-1.839116250018731,5443.234650970928
4.06642711807993,148.93945874,74.13354998,80.36500079,-15.82925314,-73.08585087,52.93768567,-1.8477181202470168,5088.401290245681
3.89015119405182,148.21487317,73.76898208,80.55398126,-17.27453498,-74.51179435,53.18566855,-1.8540810304490982,55.694934725019074
3.7313877716503,147.54338172,73.53761752,80.59236311,-18.69714832,-75.8444821,53.31409666,-1.858119103793526,37.774661910408014
3.58598071491775,146.76929914,73.23067179,80.4484687,-20.15139151,-77.19788654,53.2909423,-1.8634763174069635,91.76990250737926
3.44846383659775,146.06281307,73.15811793,80.22940867,-21.55667892,-78.40249165,53.25391453,-1.8647426211489946,185.8774292017129
3.31225641183958,145.41877188,73.21816431,79.91509704,-22.92565139,-79.47888311,53.11398196,-1.8636946141140909,132.0121440755173
3.16988637162067,145.18262957,73.84361756,79.41545307,-24.21860649,-80.34125407,52.84355979,-1.8527783955842918,25.709392777590878
3.0132328338872,144.50605352,73.9620307,78.83427853,-25.60196276,-81.36363809,52.44145501,-1.8507116964136665,110.17442914025732
2.83377969621039,144.18714589,74.67642116,78.10270884,-26.87294598,-82.10895242,52.05419434,-1.83824323074183,98.1910403839703
2.62287226782403,143.80402679,75.33715007,77.27064428,-28.16820387,-82.8710412,51.52118178,-1.8267113357992164,-6.693531412944598
2.37196935871128,143.4368984,76.07181798,76.41200491,-29.43862699,-83.54339138,50.98295481,-1.813888961860971,92.68719345701726
2.07288379667942,142.93703319,76.67391833,75.53615543,-30.7132922,-84.19585497,50.35339479,-1.8033803283260608,134.6048586046189
1.71800495272289,142.93051021,77.9982733,74.4673795,-31.90672733,-84.6379949,49.76081226,-1.7802659736344104,72.84429386369196
1.30049752393597,142.46704065,78.78191562,73.4201448,-33.13135612,-85.1049237,48.9533859,-1.7665888349924432,82.30207774594156
0.814471516892035,142.57409491,80.34209568,72.23785895,-34.27712544,-85.39343567,48.30182424,-1.7393585560214806,11.256490538760211
0.255119031370999,142.20552084,81.36146908,71.04656458,-35.45264989,-85.70543207,47.39583901,-1.7215671338842315,75.02906036942036
-0.381183522536761,142.07626304,82.750413,69.75047497,-36.55579262,-85.84192512,46.51699475,-1.6973254893546748,141.5662736231371
-1.09680011427319,142.08429445,84.37090739,68.35185778,-37.59581729,-85.7852471,45.5013132,-1.6690425267390778,50.4107339937776
-1.89277160829137,142.01207405,85.96984532,66.85580235,-38.55738538,-85.50816733,44.2757851,-1.6411357953255552,-34.05775812081124
-2.76875519462448,141.97532818,87.66917793,65.27001773,-39.4443674,-85.03118812,42.90615214,-1.6114768461945463,-8.717909141737756
-3.72296865663321,141.63249516,88.99414106,63.65845082,-40.22832834,-84.19682526,41.11287547,-1.5883518771085168,191.1224472912476
-4.75214192715162,141.59850856,90.91749853,61.72982044,-41.007888,-83.47600108,39.50028612,-1.5547829565641886,76.55741377946335
-5.85147349664148,141.7702866,93.11348776,59.78015478,-41.64296093,-82.32962793,37.58754201,-1.5164557141623536,-22.15932326586234
-7.01458759488646,141.47669661,94.6044608,58.0416258,-42.36824111,-81.37321086,35.66497557,-1.4904333255558846,132.24008407582755
-8.23348885726901,141.74947836,97.10587089,55.75374464,-42.9016951,-80.02908117,33.52576091,-1.4467754835427766,22.52193810724279
-9.49851273457257,141.69375684,99.04910294,53.70047464,-43.42561581,-78.56704057,31.28558921,-1.4128596861399978,1.195471997801345
-10.798272355759,141.7516886,101.22729522,51.45573034,-43.93029266,-77.1080357,29.01441806,-1.3748430591124754,78.77919173731263
-12.1196343231475,141.89153811,103.50059463,49.20449115,-44.40405028,-75.60011527,26.7217537,-1.3351664995243309,75.21513341163022
-13.4478171204638,142.06457467,105.80009107,46.96893616,-44.86575612,-74.08588894,24.43985407,-1.295032715508443,54.247124769295496
-14.7666798303275,142.52768875,108.38303729,44.82410276,-45.37913394,-72.84578996,22.40600707,-1.249951799567501,-52.694239011281674
-16.0591487770823,142.780555,110.68370005,42.7193362,-45.83010667,-71.40997877,20.28671534,-1.2097976594274809,-63.28432968037756
-17.3076882216658,143.03272095,112.9635642,40.58988164,-46.23130455,-69.8990735,18.09885365,-1.1700065235117991,-56.045679582150676
-18.4947713407681,143.29159808,115.20471653,38.47690876,-46.60634272,-68.38440824,15.90086132,-1.1308910363145566,-33.21362613742495
-19.6033377588314,143.4262417,117.22297302,36.4825031,-46.93441667,-66.77511629,13.71807152,-1.0956658154143124,-15.469394212495047
-20.6172234753484,143.85857067,119.53543295,34.43871652,-47.28398238,-65.40481877,11.61392603,-1.0553057758153748,-94.50190303744499
-21.5215466361349,144.01079419,121.39374874,32.65992002,-47.59803631,-63.92886883,9.640052,-1.0228720467380752,-53.15599728082487
-22.3030363882712,144.29268019,123.32469335,30.85828131,-47.89384658,-62.55378503,7.69035839,-0.9891707056199375,-48.61679208612362
-22.9502994890629,144.7532195,125.25996303,29.33828644,-48.27052256,-61.58885485,6.09196233,-0.9553938777899205,-197.4231853747133
-23.453998330739,145.03403454,126.83540005,28.04302596,-48.62177938,-60.61208823,4.66499971,-0.9278973146331125,-189.42004441220737
-23.8068820258032,145.02781943,127.99502579,26.93178608,-48.96300174,-59.64373018,3.36293362,-0.9076580273792371,-7.597680033317733
-24.0036873026386,145.17641689,129.26080984,25.72494498,-49.22514468,-58.63143053,1.9576354,-0.8855659280875083,-34.98711976756326
-24.0410499340536,145.70762927,130.68655705,24.6276264,-49.48844789,-57.94251384,0.681026790000001,-0.8606819449718854,-193.05494041623624
-23.9175364546014,145.75556582,131.4857582,23.88483599,-49.73570842,-57.15097308,-0.288006710000001,-0.8467332535186605,-267.0313211552788
-23.6337848524432,145.91375997,132.27196498,23.10646611,-49.93610192,-56.42600606,-1.30591209,-0.8330113566061574,-130.9285249934944
-23.1926939437995,145.71183689,132.18072979,22.98519676,-50.45695271,-56.6528733,-1.59716289,-0.8346037110653405,86.0145047660099
-22.5996043562851,146.10205495,133.10720772,22.06386861,-50.3388204,-55.41220558,-2.85890716,-0.8184336207397789,-135.6225740540884
-21.8624227767095,146.35156158,133.36852819,21.97185363,-50.41844206,-54.98058021,-3.68205451,-0.8138727181354195,-283.95280487082954
-20.9916533334185,146.29960792,133.16539035,21.91636655,-50.70362547,-55.04295496,-3.92174149,-0.8174181422788092,-106.03731638929692
-20.0003139634328,146.30263963,132.92939686,21.82591632,-50.88317805,-54.92461895,-4.25420286,-0.8215370056925815,13.035656488969982
-18.9037298610786,146.32343767,132.61602391,21.71852958,-51.0029843,-54.79836553,-4.61235182,-0.8270063954567691,1743.9091823017418
-17.7192093294899,146.17941693,132.56495434,20.29965066,-50.33624691,-52.7012375,-7.4184547,-0.8278977276008465,1253.2735309693066
3.76973388927773,183.55419211,142.05852107,40.00543088,32.05875931,9.09504825000002,25.72551006,-0.6622037304045549,-2590.2921464941974
3.98253471093222,182.70597118,139.38124021,40.0863912,31.07019487,6.86201407999999,24.82612346,-0.7089310964121808,-2144.1511948004645
4.20545169105881,181.82489216,136.65973746,40.24252403,29.9983014,4.46488699999998,24.03091999,-0.7564302800017605,-45.96207299001236
4.44193236534821,180.91860491,133.91244467,40.49665127,28.85002912,1.91685151999999,23.36990075,-0.8043795847035615,-18.011590186406323
4.69431464393984,179.80561157,130.99761057,40.69085652,27.56458,-0.929562839999988,23.27587042,-0.8552530368979673,22.63610009361816
4.96343072166469,178.94809478,128.34045032,41.27204881,26.31042986,-3.61935342999999,22.65066465,-0.9016292320135829,2.8173576024570934
5.24833520772362,177.8384314,125.46517898,41.72269862,24.89461225,-6.65971661,22.74053652,-0.9518121837848122,0.6431136867856679
5.54617861249948,176.89181014,122.78459824,42.62845662,23.48769494,-9.60779638000002,22.61261527,-0.9985971435633586,11.199964560283249
5.8522356248701,175.72085941,119.93643216,43.37442115,21.96438922,-12.7684191,23.02005385,-1.0483070193029786,14.175037095264287
6.16008517421319,174.70198161,117.29291723,44.61104622,20.41971045,-15.89980296,23.46999287,-1.094445058657106,26.71027801708039
6.46192726538102,173.45846374,114.48890232,45.58958494,18.82804728,-19.0371099,24.1220861,-1.1433843511116186,57.47663140263324
6.7490115541683,172.39605813,111.95427484,47.12351505,17.16874321,-22.29876815,25.10818678,-1.1876219459491453,11.851996879546078
7.01214731607273,171.24522586,109.37068932,48.69444205,15.49440201,-25.51039318,26.20897484,-1.2327140197799953,28.569640101088112
7.24226140890627,169.90055753,106.68353939,49.90538672,13.8299942,-28.52960067,27.12600721,-1.27961363355323,120.47643227235606
7.43096210585499,168.82864816,104.4161683,51.61965479,12.0903274,-31.73659222,28.58404886,-1.3191867244382631,27.877294166764877
7.57105928197594,167.67885204,102.10308305,53.35509277,10.37064482,-34.78901664,29.97307826,-1.359557677930079,24.384598863536056
7.65699938025784,166.28680877,99.62137241,54.72653907,8.66590135999999,-37.64259815,31.03097419,-1.4028716996798545,153.76661553209158
7.68518947291623,165.2461788,97.66234017,56.40711051,6.92277075999999,-40.61904702,32.59416733,-1.4370632624205746,81.35262735950333
7.65419632145436,164.15289748,95.70759433,58.06970124,5.20338474000002,-43.435212,34.03994974,-1.4711800133682367,37.19743789354579
7.56481494940557,162.94178852,93.68771351,59.61331151,3.55000636999998,-45.94816028,35.21743208,-1.5064335841751197,115.01705284409746
7.42000946257012,161.87478522,92.00694187,61.00412602,1.82373146,-48.6576287,36.60493419,-1.5357685832672643,110.08881201379772
7.22473610390987,160.80869045,90.37208602,62.42527933,0.168971330000005,-51.08698488,37.84814303,-1.5643022006452552,91.21052797277818
6.98566440300268,159.78050158,88.93705184,63.58400054,-1.51330883,-53.53174305,39.00784562,-1.5893482719649121,84.39900706641356
6.71081653820132,158.77377685,87.57905636,64.76749278,-3.14457392,-55.79087675,40.12020046,-1.6130497643181128,79.60901900214922
6.40914761412442,157.79505491,86.3507325,65.81540959,-4.74163078999999,-57.9143603,41.10264823,-1.6344880599559186,91.00546923895614
6.0900905558797,156.8449394,85.24215278,66.75357817,-6.30827692000003,-59.90753554,41.98070664,-1.6538364260907554,93.46962281536086
5.76308891882582,155.92599031,84.28583609,67.6255722,-7.82988462,-61.70789895,42.75160813,-1.6705273010230295,97.28117231963651
5.43713936187526,155.04440672,83.44079069,68.26385412,-9.34623481,-63.49778469,43.39244459,-1.685276125581862,91.6224658188236
5.12036313122308,154.2535445,82.77831974,69.00776513,-10.76526936,-64.96973944,43.97833394,-1.6968384248581767,95.32202801696864
4.81962294407385,153.41859535,82.16438666,69.3113858,-12.25433377,-66.59275103,44.35957108,-1.7075535784910862,113.02820303755733
4.54019840344967,152.70199275,81.81695838,69.72343767,-13.64573628,-67.90811834,44.75526112,-1.713617345891627,86.70962577383978
4.28552971959527,152.00498338,81.53558653,69.94337368,-15.03519189,-69.19878325,44.99513297,-1.7185282110965547,57.10252705878771
4.05703621041499,151.35921856,81.35240658,70.10960146,-16.40732374,-70.42414609,45.19304442,-1.7217253043476934,66.27242411691103
3.85401291363975,150.66622936,81.23395978,69.92786565,-17.73728855,-71.49710645,45.06815188,-1.7237925909961445,141.37744645136064
3.67360576267673,150.0525213,81.2675678,69.87660364,-19.09592876,-72.5935001,45.12375067,-1.7232060203920687,123.68418512191059
3.51086322619238,149.69346001,81.74236613,69.64937788,-20.27730348,-73.23762249,44.91191179,-1.7149192262505981,-9.602660172798316
3.35886010814557,149.04576923,81.8913872,69.11081243,-21.51500836,-73.95993661,44.41467748,-1.712318317924253,48.845571589801736
3.20888733285654,148.46557789,82.19575329,68.67779539,-22.81966603,-74.83623739,44.17635515,-1.7070061275223316,137.2422378546112
3.05069996815645,148.03697637,82.79507111,68.06215015,-23.98831115,-75.3430362,43.67125114,-1.696546058297457,97.69651879371067
2.87281443059017,147.60127612,83.43548055,67.32099719,-25.12361331,-75.73322508,43.01585661,-1.685368805008604,48.25763474199718
2.66284473480738,147.25213503,84.25851484,66.51471997,-26.22590376,-76.02382728,42.33279136,-1.67100414679129,98.75500513450541
2.40786677430469,146.76503599,84.95170369,65.43249292,-27.15689778,-75.74276507,41.06459274,-1.6589057190206766,109.75983664841537
2.09479894757342,146.68043765,86.28778307,64.52315586,-28.21968682,-75.97969222,40.48479238,-1.6355867347716724,38.27860304264296
1.71078908999552,146.18749493,87.09680437,63.31676701,-29.1499017,-75.64311931,39.11217891,-1.6214666493679077,58.84422777127085
1.24360429636486,146.09390222,88.53637154,62.21220636,-30.17239922,-75.73025686,38.36218308,-1.5963414624477905,73.63381624010401
0.682025324653084,145.67479773,89.57905764,60.94907106,-31.19507335,-75.67687981,37.20917932,-1.5781431569380118,51.1361853333514
0.0162426360774317,145.65233866,91.2068507,59.62799298,-31.99853022,-75.08001315,35.94834027,-1.5497328084998983,-39.006480389880416
-0.761755516515382,145.23507119,92.35429967,58.13132124,-32.81317806,-74.38391064,34.28375462,-1.5297060459747807,132.75071156442664
-1.65781149261604,144.86046249,93.65383919,56.52455283,-33.6107044,-73.66666424,32.60157178,-1.507024802590994,251.1651106293855
-2.6752474167127,145.09305884,95.89014725,54.86606254,-34.40931754,-73.1223938,31.44846157,-1.4679938638551069,-69.29368329989582
-3.81453743256424,144.90555594,97.53989776,53.15392259,-35.1787823,-72.31364827,29.7690743,-1.4392002856191513,13.943205010717996
-5.07300534217906,144.60228941,99.02897127,51.43983264,-35.88347649,-71.31170384,27.88052184,-1.4132110500654227,251.9283954711593
-6.44455084871441,144.91262883,101.50584501,49.4977297,-36.50985812,-70.26542724,26.30187071,-1.3699814481462367,-1.9074877927960365
-7.91940971269057,145.00510539,103.61123867,47.71153656,-37.14041615,-69.12574423,24.54332335,-1.3332353967286226,-32.08724474339952
-9.48397703790699,144.8515743,105.46086316,45.73124072,-37.70611354,-67.77721191,22.44578459,-1.3009533594526017,100.97102350582476
-11.120781285985,145.16122325,108.0096597,43.62972165,-38.24355197,-66.44690404,20.57711246,-1.2564684678661624,58.57102789279311
-12.808706671501,145.08146259,109.99440266,41.6052128,-38.74300122,-64.95297494,18.40424282,-1.2218281684083843,106.79036662033737
-14.5234685310612,145.54899424,112.743668,39.47598853,-39.21724594,-63.50756197,16.49742956,-1.173844436214423,11.87298795445546
-16.2382661546535,145.79423999,115.13980589,37.48559135,-39.69125026,-62.0480566,14.54833465,-1.132023940702133,-94.56506301241507
-17.9245493013232,146.04338292,117.54570351,35.4219061,-40.11501021,-60.49306807,12.50150907,-1.0900331057672379,15.153810758468111
-19.5528671653006,146.13456852,119.74339122,33.35453308,-40.47407415,-58.75125126,10.30114081,-1.0516762192971234,76.06661323117052
-21.0937704014771,146.66917368,122.43456396,31.25209541,-40.87313009,-57.31209883,8.33572687,-1.004706394244206,-95.38483543543252
-22.5187264393768,147.02585515,124.78280614,29.40984452,-41.26068497,-55.85369564,6.47624274,-0.9637218365689967,-101.32548765960374
-23.801006217847,147.11548083,126.77690956,27.58936695,-41.56819522,-54.1929307,4.48719509,-0.9289181662647175,-60.4301962452447
-24.9164683105616,147.70276032,129.24166878,25.72336417,-41.92951056,-52.90744813,2.65308882,-0.8859000026068303,-92.76721331256236
-25.8440986630814,147.65140804,130.77301564,24.31288666,-42.30721399,-51.6802973,1.07735905,-0.8591729579097533,-62.4950795753243
-26.5662359442535,148.37283329,133.16901444,22.60122033,-42.56467626,-50.3162988,-0.739687589999999,-0.8173548899759202,-140.92494540818396
-27.0686408704658,148.31654619,134.41105129,21.49855223,-42.90298928,-49.24869828,-2.03162779,-0.7956772575123217,-137.3937097444034
-27.3406409703043,148.92139607,136.28891964,20.20841307,-43.16188062,-48.16637266,-3.59652626,-0.7629022718858285,-176.46134123528333
-27.375430272297,148.93050721,137.26187897,19.43295274,-43.41131326,-47.14812129,-4.65623479,-0.7459209280893303,-318.9794388926481
-27.1704677041142,149.26035153,138.39777583,18.67272799,-43.71467494,-46.5250888,-5.79510643,-0.7260957879192651,-195.98756130783212
-26.7278821550515,149.0025799,138.28508909,18.53118131,-44.3000237,-46.77441681,-6.1114158,-0.7280625425556038,-2.159216630818195
-26.0547937575654,149.20449685,139.38370601,17.78731114,-44.20067013,-45.28445234,-7.26143566,-0.7088880600834849,-172.23688697256435
-25.1634734326495,149.0397728,139.29592781,17.70100348,-44.65449134,-45.48526871,-7.51052704,-0.710420078684959,-153.9438694255979
-24.071283828007,149.12244687,139.38279152,17.58932094,-44.78783243,-44.97053332,-8.10447768,-0.7089040209449612,-14.090020362075295
-22.8003710900114,149.21463156,139.42473313,17.52109344,-44.91209227,-44.63446064,-8.61999023,-0.7081720017568741,-99.24810428142638
-21.3771046974875,149.28251667,139.30114716,17.57661684,-45.03711112,-44.37333158,-9.03067779,-0.710328983842645,-565.9273628103111
-19.8312884413821,149.34734132,138.9848887,17.75011748,-45.15353912,-44.2765346,-9.31151225,-0.7158487352569318,-905.8366295225874
3.01360827648444,179.1932327,135.97697786,45.39072671,26.72336153,0.273547589999993,32.88049701,-0.7683466830213599,-342.5911815287941
3.15827036246771,178.36806546,133.35498269,45.50714689,25.73900527,-1.97655079,32.05338331,-0.8141091317092483,46.36876088565902
3.31838893894628,177.50930157,130.68990568,45.66871243,24.67406603,-4.39777447,31.31667858,-0.8606235003529542,-16.4692950862932
3.49909595692735,176.61687469,127.99075011,45.9038962,23.52648834,-6.98838025000001,30.71682927,-0.9077326520729988,-3.4117207525742543
3.70422645117627,175.71984634,125.30847139,46.22642516,22.32145711,-9.67824883,30.22729783,-0.9545472471931779,-2.321406587536501
3.93588717465048,174.78672114,122.60696981,46.66047408,21.03458941,-12.52691393,29.93553006,-1.0016973445120068,1.3837965147478926
4.19415070800894,173.8300838,119.91373642,47.22367737,19.68342601,-15.48396374,29.84164312,-1.0487031346921551,9.966730618776687
4.4768993291521,172.84368914,117.23111808,47.92668632,18.26779185,-18.54497989,29.97260985,-1.09552365729954,18.08200549507042
4.7798307795859,171.83525772,114.57610661,48.78067152,16.79674302,-21.67679139,30.33025101,-1.1418623491292548,28.74842290302002
5.09662459365386,170.80565803,111.95886861,49.77626603,15.27954594,-24.85323801,30.90142639,-1.187541769537566,37.42007034760011
5.41925462129732,169.76878207,109.40319313,50.91366874,13.72692508,-28.0432864,31.67159151,-1.2321467212760524,44.13487732412236
5.73842448591201,168.71613891,106.90102035,52.14595349,12.14821372,-31.21362031,32.59097605,-1.2758178747408322,41.38676740506728
6.04409678499192,167.66651242,104.48315387,53.48925706,10.54132648,-34.37757644,33.66641494,-1.3180176056904378,45.761700465241084
6.32607463827149,166.51789342,102.0803008,54.38172722,8.97943951000002,-37.2575604,34.40078271,-1.3599553032035916,64.50208255140745
6.57458212234961,165.49578812,99.82530984,55.94735767,7.38267335999998,-40.22826712,35.60305734,-1.399312320058299,63.74433913000068
6.78079519044731,164.4350534,97.62915096,57.44119263,5.73392324999998,-43.23802052,36.88336094,-1.4376425234112102,56.808625830051525
6.93729018600338,163.37625197,95.53269397,58.9023489,4.08672204999999,-46.16118929,38.16541367,-1.4742326005131603,73.62520653090954
7.03838878020323,162.25696161,93.50349057,60.04291272,2.45883434999999,-48.92550279,39.14177622,-1.5096488810358237,108.52043296802228
7.08038698156935,161.25844178,91.66191946,61.50158945,0.843770839999991,-51.6189589,40.45877409,-1.5417903603149306,78.7349179701824
7.06166457342216,160.27704034,89.99960646,62.78921077,-0.81520544,-54.36603934,41.78507417,-1.570803195363635,38.121664781631814
6.98267915996702,159.24241727,88.2422628,64.1040328,-2.37316208999999,-56.74254029,42.82391905,-1.6014746283196826,93.90671434658326
6.84585540981507,158.24481309,86.7141434,65.2145489,-3.98987549999998,-59.24468627,43.95413393,-1.628145343213283,110.22496863941188
6.65538480602123,157.30404667,85.36065198,66.17698944,-5.56519738,-61.57781236,44.94909956,-1.6517682248897763,71.27495314148912
6.41695422369907,156.36636753,84.06022289,67.16014285,-7.11580585000002,-63.7837592,45.91577683,-1.67446499419899,74.46646744766916
6.13742310669025,155.45590411,82.88741656,67.99472237,-8.62750427999998,-65.83421364,46.73008052,-1.694934326145721,83.78889581044824
5.82446912988619,154.56803094,81.83296381,68.71566939,-10.11386955,-67.77055718,47.44725832,-1.71333799843993,84.69631517784349
5.48622129354697,153.70621709,80.89425615,69.33917628,-11.572351,-69.58814265,48.07247683,-1.729721537820621,87.21342902506146
5.13089769828518,152.88006814,80.09097887,69.86017917,-12.99302163,-71.25966952,48.59176606,-1.7437413711630856,83.74531493902104
4.76646305113724,152.08546609,79.40079188,70.26231295,-14.38860815,-72.84321976,49.01758089,-1.7557874065930148,98.02333169614651
4.4003184475576,151.32273086,78.82881924,70.59022779,-15.75590791,-74.31971055,49.37551297,-1.7657702123923391,94.35140853203406
4.03903330189766,150.70542594,78.46895993,71.07473382,-17.03024513,-75.5290139,49.74828957,-1.772050942195794,101.91473350435353
3.68812657134305,149.97397048,78.10725336,70.99331358,-18.33152877,-76.73198973,49.7117513,-1.7783639127683892,84.05237245965536
3.35190173476499,149.53317976,78.12105639,71.47184782,-19.54601098,-77.78099961,50.12097435,-1.7781230044481378,48.654304447739435
3.03333742885049,148.8130603,77.8672721,71.32105314,-20.8388956,-78.92811258,50.07047432,-1.7825523758984738,71.32542806345343
2.73403326006641,148.36237473,78.05192148,71.34679817,-21.97407725,-79.66933316,50.08404466,-1.7793296362557076,96.94115774673718
2.45420814541254,147.71919529,78.03595544,71.02864209,-23.18673617,-80.55384236,49.81216383,-1.779608296222213,105.62395086392895
2.19274665467281,147.43169427,78.53821849,70.96170497,-24.22966047,-81.02579976,49.6802094,-1.7708421522886038,43.340213207725405
1.9472873014455,146.87998267,78.80981944,70.2572311,-25.21648864,-81.19883004,48.84281342,-1.7661018214595594,27.774312759569764
1.71434558142353,146.45753201,79.27283663,70.02818222,-26.38431339,-81.99171501,48.79011,-1.7580206470007274,47.90372909358131
1.48946377531868,145.96814822,79.74281853,69.17913432,-27.29259768,-81.92175967,47.76685251,-1.7498179154209488,57.24810148103998
1.26737911757854,145.49285596,80.28192292,68.63731507,-28.43610959,-82.60298319,47.39764817,-1.7404087688034928,199.61173051827208
1.04220187287478,145.09914407,81.00382508,67.63323634,-29.23023649,-82.18459063,46.16710487,-1.7278091992342341,169.04761541447488
0.807595146132823,145.24444128,82.43470018,67.16045987,-30.04637824,-82.0532159,45.63664789,-1.702835717554431,-0.5917050136661217
0.556948864371272,144.82619821,83.23340312,66.03145475,-30.84985195,-81.64087388,44.3164879,-1.688895721506072,14.197572786562862
0.283541292107138,144.80850544,84.58408722,65.20233606,-31.68987822,-81.47912197,43.49181342,-1.665321836806736,-16.794816445078187
-0.0193143688791608,144.43617259,85.54432726,63.94055843,-32.43137615,-80.88935238,42.02869827,-1.6485624864992536,130.59421590191354
-0.358131661189438,144.09873729,86.63724705,62.59483638,-33.15409455,-80.23313873,40.51085247,-1.6294874377035486,195.7352408031898
-0.739110714024929,144.4107367,88.60350114,61.37339185,-33.78467086,-79.57002141,39.22482888,-1.5951698299022439,-88.17305468104442
-1.16799339170379,144.1048226,89.8118872,59.90527768,-34.44136081,-78.71883399,37.53367562,-1.5740795145200424,78.9165997640029
-1.64991542192597,143.84988344,91.15748063,58.33488312,-35.06676185,-77.7849099,35.75799465,-1.5505944787733386,203.9719417262109
-2.18925389515052,144.27522909,93.43868616,56.60181686,-35.57829187,-76.7716548,33.91172695,-1.5107799313601358,13.653712483676639
-2.78946580013282,144.05600239,94.88013326,54.95781573,-36.13598625,-75.65597764,32.00857125,-1.4856219334718122,17.015995039866283
-3.45291356392153,144.39746115,97.14371513,52.9087113,-36.57567567,-74.36914787,29.76783909,-1.4461149769518615,58.20712150776064
-4.18067507069931,144.21789079,98.70028036,51.19354765,-37.08785075,-73.13030473,27.77654101,-1.4189477886662991,49.853616169894806
-4.97233797015106,144.67746707,101.18224634,48.94543731,-37.41186046,-71.54796443,25.26024072,-1.3756293103928112,38.9843304163473
-5.82578117902591,144.53016514,102.80606764,47.17494039,-37.89599311,-70.26728524,23.21516413,-1.3472882822437966,32.7968816546198
-6.73695647986434,145.07059709,105.44414131,44.71914921,-38.1501863,-68.50921163,20.46351093,-1.3012452107921262,29.042889618420276
-7.69971735133159,144.95006358,107.09976721,42.95008072,-38.61116896,-67.20876833,18.41776529,-1.272349087655832,129.66476873403678
-8.70577533696196,145.59035308,109.87243978,40.42591378,-38.79865054,-65.31631578,15.56574366,-1.2239568222295991,4.241895337939727
-9.74482437854486,145.93759442,112.13639118,38.45691193,-39.11107265,-63.74648218,13.29625196,-1.184443416194464,-179.86286228372163
-10.8047938423416,146.23141687,114.32504252,36.42633783,-39.42342458,-62.19427036,10.98134933,-1.146244244133278,-13.174853478128412
-11.8721768295534,146.2417801,116.14247686,34.53643376,-39.77286841,-60.66393004,8.76364227,-1.114524030961468,73.19693065773514
-12.9324143835822,146.86680134,118.70215891,32.34485273,-39.99764511,-59.07204704,6.28813509,-1.0698491513847699,-35.12380697325845
-13.9703307895941,146.99976115,120.56795006,30.53490384,-40.28746512,-57.52424632,4.13919459,-1.0372849526626984,-75.92118890723425
-14.9706099640233,147.5540919,122.87803071,28.75873237,-40.59466551,-56.2229131,2.11777714999999,-0.9969664393335875,-63.0419348632028
-15.918295410647,147.6479905,124.55842689,27.14934772,-40.89644674,-54.82351142,0.183534179999999,-0.9676379932546523,-122.55313671745816
-16.7992934114548,148.17742243,126.69269883,25.58316086,-41.21691903,-53.67076861,-1.64534979,-0.9303879207687255,-63.12525164570255
-17.6008598812769,148.04081445,127.84672597,24.40885467,-41.66186736,-52.832326,-3.02056547,-0.910246347518352,72.33056492501059
-18.3120231903536,148.76535722,130.1456859,22.83288264,-41.83225012,-51.38433937,-5.02356415,-0.8701219273684336,-164.7537563887158
-18.9238469416781,149.00692016,131.54944866,22.01004252,-42.21821396,-50.59733303,-6.05406247000001,-0.8456216452895506,-171.48234448501665
-19.4294936723238,148.94168511,132.65470348,20.98100266,-42.54379913,-49.63547506,-7.32789818,-0.8263313096070134,1.2023171791241793
-19.8241921394558,149.44197544,134.26964989,19.99332379,-42.79663041,-48.72023514,-8.73584125,-0.798145177509251,-151.34532724212502
-20.1052259379664,149.37967816,135.17060983,19.22078146,-43.11615734,-47.94723077,-9.70974282,-0.7824204601276807,-107.64098075656254
-20.2719574428529,149.45044167,136.12270627,18.50267935,-43.39064527,-47.18345449,-10.74341925,-0.7658032424531638,25.836279959536856
-20.3258381593553,149.61433904,137.06977879,17.90755438,-43.63556433,-46.47538619,-11.68931617,-0.7492737087240043,-164.17799321243098
-20.2703481302671,150.17069869,138.12379363,17.68269437,-43.92213761,-46.11595092,-12.38681457,-0.7308776794011229,-210.6930458506695
-20.110810000816,149.93718038,138.02827714,17.54872272,-44.46079558,-46.34702749,-12.68057052,-0.732544756641571,-26.746973564611974
-19.8540303401194,150.0755538,138.91769876,17.07055554,-44.49504144,-45.403721,-13.42028725,-0.717021420934149,3.3642635048836134
-19.5077315121207,149.90554315,138.83352662,16.98097954,-44.94726524,-45.60568153,-13.66596151,-0.7184905019155989,3.5060226373984094
-19.079751321572,150.57510897,139.7308797,17.08545316,-44.93972585,-44.99924554,-14.18441108,-0.7028287361166867,-207.24245836097998
-18.5770042104752,150.46273151,139.65886413,17.03476942,-45.30402434,-45.16545013,-14.38278258,-0.704085644925887,-241.88518801521397
-18.0042163284863,150.46120943,139.35664882,17.23796638,-45.53584112,-45.24693209,-14.53074387,-0.7093602971353224,-32.136826056787804
-17.3624669346151,150.46822188,139.0983016,17.45315265,-45.7439324,-45.22358244,-14.72314328,-0.7138693067376964,-28.81619054721507
-16.6475900867495,150.49126914,138.79828749,17.6759276,-45.9314029,-45.30651896,-14.86652606,-0.719105540759637,-62.69674887973142
-15.8485132944227,150.5144216,138.37263446,17.95332072,-46.10605681,-45.39951129,-14.99672509,-0.7265345876042274,-37.425370912533836
-14.9456336655495,150.54068348,137.88070025,18.23228978,-46.25921826,-45.52754193,-15.11432917,-0.7351204592719246,-25.332787376921573
-13.9093570697784,150.31672596,137.43253574,17.53441474,-45.60845137,-43.53324962,-17.91885329,-0.7429424055620117,-88.62306339405768
-12.6989519360601,150.36838456,136.81796683,17.88628586,-45.76988371,-43.80920597,-17.80942541,-0.7536686565219044,-121.12794622883726
-11.2618961976425,150.30835331,135.98466427,18.05279175,-45.8157974,-43.76960565,-18.01154002,-0.7682125298592019,-68.30791784771084
-9.53392286346228,149.91947118,135.0612214,17.5705119,-45.52750193,-42.89339673,-19.34397224,-0.7843296483947679,-29.79384196370227
-7.44058574657372,149.92739753,134.14541726,18.02543845,-45.58931715,-42.93830447,-19.34376399,-0.800313445941163,-79.73249581073816
-4.90545745850332,149.77763565,133.13376983,18.22083838,-45.49581394,-42.60789966,-19.59596132,-0.8179700244640017,-90.09238802347714
-1.87510458635273,149.19298862,131.8493367,17.90657359,-45.10931861,-41.56911235,-20.6814167,-0.8403876116041981,30.523935879090967
1.64086798498982,148.88858975,130.6901269,18.16385681,-44.78785234,-40.65854116,-21.19904312,-0.8606196393355832,10.67343712219726
5.54669254573783,148.92439259,129.72814541,18.8223953,-44.5977298,-40.12286976,-21.13099949,-0.877409383679324,-51.84567738225287
9.68854711649415,148.38389018,128.30763826,19.05386619,-44.0789149,-38.75122721,-21.89430518,-0.9022019104949449,-5.880207981516783
13.9171733476137,148.38737891,127.30990027,20.06488384,-43.76761014,-38.01032664,-21.16649359,-0.9196157234926752,4.35087893241759
18.1308496043621,147.88474639,125.89145851,20.69058145,-43.17604333,-36.51702986,-21.28662734,-0.9443722024524583,31.34279374958022
22.2692120899132,147.92464623,124.91658383,21.97905837,-42.71043215,-35.4246148,-20.39183879,-0.9613869754127846,36.34350763173977
26.2755043402886,147.5838496,123.65485974,23.07248838,-42.07406826,-33.92002825,-19.7019442,-0.9834082150350137,86.03584839742773
30.0733553352143,147.55256459,122.73150035,24.33752706,-41.3384326,-32.16644635,-19.0518544,-0.9995238765697201,63.38649601879798
33.5818471893031,147.54838966,121.91121007,25.61105515,-40.50363273,-30.17791329,-18.40548332,-1.0138406427778264,23.612953894641684
36.7377491437761,147.20971758,120.90959474,26.4646404,-39.46409794,-27.67147119,-18.35620705,-1.0313221281247757,131.75059252446886
39.4944196288654,147.3489591,120.30285266,27.93583057,-38.53102544,-25.52291565,-17.51478592,-1.0419117751311748,132.9281068295973
41.8139286994715,147.47012639,119.84256442,29.16236548,-37.43212468,-22.95226134,-17.06873215,-1.0499453204273845,70.22397695246151
43.6711012772528,147.58572912,119.4561172,30.30388468,-36.24164221,-20.18498656,-16.81753771,-1.0566900968015636,62.84161120764464
45.0602643714672,147.56168841,119.17788785,30.87776436,-34.83050297,-16.85293525,-17.35491056,-1.0615461150347472,85.51946830361423
45.9943578988884,147.85676606,118.96943765,32.20634914,-33.61873945,-14.13166256,-17.13404893,-1.0651842573511878,110.67821493818685
46.4971928094859,148.11806728,119.00320174,33.1144107,-32.1850378,-10.8620701,-17.44656987,-1.0645949628117484,87.49468708869834
46.597057203048,148.39413825,119.11689756,33.857237,-30.69749818,-7.50399428999999,-18.06430041,-1.0626105964069934,77.93962029926548
46.3256837706796,148.70510104,119.32982326,34.51390945,-29.16487384,-4.09442055000002,-18.84279815,-1.0588943418798797,47.08879995923398
45.7149940191171,148.95461459,119.7109186,34.74910278,-27.50167417,-0.407003769999989,-19.99369104,-1.0522429734328724,7.6977938645428345
44.7937310876922,149.25236588,119.92624373,35.172496,-25.95711918,2.88462152000002,-20.93113941,-1.0484848409520877,72.66467853970893
43.592195864639,149.65651923,120.34904475,35.65441118,-24.36240075,6.23864689000003,-21.879541,-1.0411055710722972,96.8857959028635
42.1462961528362,150.19896357,120.93900214,36.30759631,-22.76124171,9.53964099999999,-22.84780625,-1.0308088721703248,5.488395527073475
40.4917609335023,150.68010595,121.54228562,36.67741728,-21.10227621,12.91760459,-24.00373912,-1.0202795891214356,17.915551698979293
38.6570856409614,151.01355821,121.98320674,36.69374771,-19.46548325,16.12280813,-25.01155161,-1.0125840638358545,50.99908099396422
36.6668266358903,151.65893516,122.83817504,37.0503401,-17.81718564,19.33723625,-26.19756994,-0.997662052000676,-14.217916344323456
34.5497249587863,152.0520287,123.31961455,37.23722564,-16.1909783,22.35794602,-27.09612894,-0.9892593474019878,77.04029925960309
32.3374468470909,152.58772647,124.0526018,37.42130858,-14.56292177,25.34862537,-28.06563506,-0.9764663065143488,121.5608367525478
30.0569358424087,153.27864467,125.09743076,37.36816321,-12.89981846,28.39007529,-29.29638408,-0.9582306010421608,-77.57738419432947
27.7306763035538,153.86646329,125.96352085,37.45658467,-11.25106213,31.29833629,-30.31753181,-0.9431144773527669,-53.31276799022233
25.3842968354389,154.25421699,126.4307613,37.57908435,-9.71380619999999,33.81461543,-30.88388431,-0.9349595931017668,138.0361514794326
23.0467512471491,154.96989096,127.56898024,37.3654199,-8.08337767,36.58550158,-31.96189698,-0.9150939249902071,-7.4898483561425255
20.741544408294,155.60989685,128.55498073,37.28404356,-6.4881445,39.18628748,-32.85400177,-0.8978849700134295,-73.5080635221741
18.484132474696,156.03585871,129.13152596,37.39020275,-4.99313638999999,41.41980321,-33.28586912,-0.8878223574632617,102.5680451499611
16.2888102635699,156.7283442,130.25802998,37.10600948,-3.41957976,43.87290621,-34.14350238,-0.8681611532773096,53.00945943682467
14.1724473869176,157.36766641,131.28174329,36.91501805,-1.88568230999999,46.15501092,-34.83720186,-0.8502939854213201,-34.24966928937678
12.1497827864395,157.98224236,132.26480106,36.72810533,-0.38271751000002,48.29825345,-35.42598398,-0.8331363905975072,-13.763085286584431
10.2291272307222,158.58515929,133.23572447,36.52783946,1.09305609,50.32715691,-35.93812134,-0.8161905803083161,-4.340548328575222
8.41457118946328,159.18725152,134.19271547,36.32077459,2.54887126999998,52.24071459,-36.37569895,-0.7994879364463633,-4.721154023890062
6.7096117603938,159.77377919,135.16483614,36.09394152,3.97811539,54.05898083,-36.74238797,-0.7825212300281698,-14.285917862644215
5.11679945752856,160.34585752,136.09357966,35.88829108,5.36437197000001,55.71366593,-37.00025956,-0.7663115976976084,-14.180456342588466
3.63676474085301,160.9108521,137.01209553,35.68207462,6.72904367000001,57.26449818,-37.18739518,-0.7502804715342878,-11.68763922388183
2.27084354856708,161.46300296,137.91319582,35.48213301,8.05575308000002,58.68428177,-37.28772445,-0.7345533045831123,-21.856726806800395
1.02233379902076,162.00159283,138.79238968,35.29444864,9.34072408999998,59.95542577,-37.28873706,-0.719208476962794,-16.88565559666122
-0.107119066769336,162.52307282,139.60758216,35.14393974,10.59036912,61.12204914,-37.20755876,-0.7049806841492963,-6.7129569275181655
-1.12017338716813,163.03874272,140.47593615,34.94958482,11.80369358,62.12543813,-37.02763603,-0.6898250479509663,-28.31193874636595
-2.02094153484884,163.54341456,141.26350609,34.82185382,12.97802546,62.99659604,-36.75807268,-0.676079359408232,-35.61434397683971
-2.81176365696479,164.02599758,141.99726716,34.72786841,14.09673689,63.68411157,-36.35536431,-0.6632728128137753,-1.8631337405217163
-3.49606978715338,164.49625549,142.71537486,34.64072893,15.18494515,64.26392236,-35.8725156,-0.6507394690648518,-60.41011623220349
-4.08148649678019,165.0024508,143.5079232,34.52461959,16.28415811,64.8257371,-35.39962209,-0.6369068910506364,-42.828161530455986
-4.576932710227,165.35911874,143.82111916,34.68311102,17.15683205,64.72207519,-34.40831797,-0.6314405903446919,77.54825464911352
-4.98909071814063,165.89723778,144.77319195,34.48235579,18.18637652,65.12860999,-33.86260101,-0.6148237854405431,-5.559098815077768
-5.32286332571267,166.30109123,145.37118223,34.49730183,19.12399402,65.17929069,-32.92654381,-0.6043868861596207,-60.574292373617446
-5.58442447405708,166.71596527,146.00660941,34.4539779,20.01670938,65.10768733,-31.94875849,-0.5932965897119575,-21.445974039320248
-5.78239134350553,167.1196857,146.57418017,34.47056492,20.82938237,64.80713875,-30.80232332,-0.5833906112119112,-24.84650374073416
-5.92531954460046,167.49819292,147.11715049,34.50188398,21.60308128,64.37310449,-29.52828646,-0.573913991387304,-14.184882497569884
-6.02057539813339,167.8709993,147.63481813,34.54641427,22.32043646,63.77962408,-28.13673843,-0.5648789866382751,-9.145347256870329
-6.07629305798235,168.24055668,148.14641818,34.60157607,22.99015268,63.04152628,-26.6234565,-0.5559498813124075,-6.91870506639547
-6.10129787715408,168.6069111,148.64305711,34.67084245,23.60913372,62.15788168,-24.99202803,-0.547281896790326,-2.811699245023336
-6.10270829161735,168.97921739,149.13604461,34.75431466,24.17082155,61.11321513,-23.22960511,-0.5386776417441506,-0.3359427197513476
-6.0861954850173,169.36368202,149.63518624,34.85031076,24.67187685,59.92156502,-21.35105393,-0.5299659768668793,-55.21562716984229
-6.05799775853203,169.75810403,150.12374623,34.9770107,25.12891807,58.56597889,-19.32386517,-0.5214389964478687,-6.826127566877949
-6.02423315720117,169.99542806,150.31095313,35.281042,25.49849354,56.98588211,-17.15708782,-0.5181716196604168,47.39957154051621
-5.98821757816993,170.51087608,151.07233702,35.21042311,25.89814133,55.50458716,-14.97708272,-0.5048829639082747,15.90255700757326
-5.95000727394796,170.75764233,151.25829956,35.56150536,26.17064478,53.686708,-12.62840399,-0.5016373052999027,96.02111790352197
-5.90886068017679,171.40027301,152.11204275,35.5346464,26.44222163,51.87663391,-10.15527996,-0.48673667566792334,-33.03324810456421
-5.86465431769947,171.99146424,152.75580647,35.77859841,26.62859609,49.86098487,-7.59157542,-0.4755008791490364,-11.70249721180352
-5.81658201843569,172.22878873,152.96248191,36.14311515,26.81558023,47.8611475,-5.10613339,-0.4718937122380284,89.90897137238215
-5.76200246623524,173.20805796,154.18626301,36.14498231,26.96994858,45.81622887,-2.41705145,-0.4505347027193504,-3.4712452067192423
-5.69774827820745,173.42327034,154.32806153,36.55315356,27.06760568,43.62115435,0.20039337,-0.44805985167089524,122.44449869815934
-5.62160703136707,174.43386977,155.59683078,36.5270477,27.18397902,41.52802497,2.96638115,-0.4259156508103364,26.670678241685895
-5.53120756825287,175.15351084,156.39519645,36.77518985,27.25594173,39.35019804,5.62436637,-0.41198154123394615,-81.97504144135172
-5.42297211375951,175.85425362,157.16021028,37.00275197,27.31370592,37.17244698,8.27238549,-0.39862953107715376,21.835718278592207
-5.29342782221064,176.57682282,157.99264898,37.18510451,27.38937153,35.09896046,10.86371046,-0.3841007349411322,25.37865113900253
-5.14037757402187,177.32587534,158.84869923,37.36845312,27.46503226,33.08242463,13.37876167,-0.3691598395161119,-84.14024978749381
-4.96214075513381,178.10864993,159.73551047,37.55287739,27.54743713,31.15131984,15.77324077,-0.35368206353441806,8.100258063405397
-4.75647696916924,178.54665478,160.05510006,37.92746526,27.54866524,29.03321671,18.23028397,-0.34810417293381946,206.76162364271727
-4.5205113278522,179.69198127,161.52478302,37.89943079,27.7486081,27.61514711,20.20761505,-0.32245336632136334,-112.19116058159727
-4.25070273422794,180.52230063,162.44615773,38.09842308,27.88740444,26.08377702,22.09141251,-0.30637234398725527,-320.87220134255244
-3.94258990615706,180.89034671,162.67124757,38.47672894,27.93683308,24.35766343,24.10968753,-0.30244378516646836,175.84488570750233
-3.5907998794145,181.17369056,162.99875311,38.69224156,28.21368336,23.35753707,25.45989901,-0.2967277351749463,356.68501019929516
-3.18966249616243,182.69910572,164.8252291,38.69506513,28.32571583,22.14886575,27.2334576,-0.26484971544082314,-229.31343829610034
-2.73427340072894,183.44726798,165.59500306,38.99436842,28.55838959,21.30458776,28.37272213,-0.25141462534270786,-421.62193106186123
-2.22062851422308,183.60225478,165.66534141,39.21317269,28.76643946,20.45752807,29.37288707,-0.25018698954478796,54.286822283127755
-1.64543671645641,183.82519395,165.77553729,39.51744204,28.85185008,19.45094909,30.61145953,-0.24826370861665553,169.86289885065815
-1.00699054311432,184.9118519,166.8164943,39.93670822,29.09526172,18.9958268,31.4385189,-0.23009558142044,-183.3281716256485
-0.306059698418962,185.07748266,166.92931424,40.10065487,29.31035254,18.58089029,32.12200672,-0.22812650200553738,-186.24450859532433
0.454057082366724,185.26757053,166.91725414,40.47516576,29.37204569,17.80237388,33.18266615,-0.2283369904586569,34.944746663973234
1.26744524343216,185.49257834,167.01598876,40.60034753,29.73544216,17.9637682,33.39183156,-0.22661374625395167,34.19328119189935
2.12483846812798,185.99842133,167.21823263,41.52465282,29.5716878,16.88726195,35.29173094,-0.22308392483047648,-37.95500852734196
3.01324844460367,186.19298114,167.29857635,41.63317014,29.85227981,17.01912659,35.44452997,-0.22168166238317602,-83.19234401744035
3.91682609886202,186.36123752,167.30174494,41.83849989,30.03004294,17.0830178,35.74767198,-0.22162636005503025,-39.704324111353436
4.8183497642681,186.51125111,167.10450692,42.28492531,30.16684176,16.99257049,36.38134539,-0.2250688129141444,-133.5385531887756
5.7004086946173,186.67188559,167.15776823,42.39493913,30.34514019,17.07671017,36.5041735,-0.22413922769071937,-202.92952114116883
6.54605868449096,186.44198428,166.14531794,43.93303149,30.21135438,16.38699061,39.00331738,-0.24180981876399035,-57.359935198189895
7.33944210061923,186.5415322,165.85109101,44.25035843,30.3912278,16.61805959,39.20845305,-0.24694504744052537,-119.68841786041739
8.0665281842987,186.19106796,164.85748074,45.20190602,30.38640736,16.35959952,40.684238,-0.2642868181336553,-107.990196705274
8.71525434840851,185.88643428,163.85864967,46.02340392,30.39545159,16.17007928,41.76366011,-0.2817197089763731,7.646557979018054
9.27412412417346,185.63908531,162.95090529,46.74690663,30.44220796,16.09058631,42.71355308,-0.2975628371738476,86.8703845605828
9.72965864774018,185.33735453,161.91001988,47.50389493,30.45123882,15.92180809,43.69535644,-0.31572971471431904,160.18224864022986
10.0680486444512,185.45507565,161.54206048,47.82218665,30.61025205,16.22590225,43.7809164,-0.3221518177579817,-393.2973823116354
10.2855200378685,185.46839022,160.87916677,48.29812318,30.74826694,16.42128101,44.05272816,-0.333721495588242,-446.4335351988718
10.3949035055809,183.98807951,157.87978766,49.97862296,30.23493118,14.81257789,46.57167054,-0.3860705365732793,145.45290370117206
10.4139027912436,184.08319812,157.29043792,50.39012028,30.32402658,14.90830666,46.66980331,-0.3963566299820521,-21.626317165589537
10.3504821767646,183.16618609,155.05089859,51.50099866,29.98569373,13.87171953,47.90004106,-0.43544396501845967,-65.64352090089488
10.2081554139914,182.80607623,153.5777994,52.11912674,29.83891968,13.36975018,47.96909572,-0.4611543960924212,-50.68410142385904
10.0020459055899,182.28237585,151.84589985,52.82899065,29.58936185,12.61333521,48.17226829,-0.49138174555372954,-233.3987304762341
9.75832863779351,181.38592137,149.57476237,53.8321935,29.20980687,11.52330513,48.86789789,-0.5310205723451762,-188.229546602766
