knee_moment,thigh,shank,foot,thigh_,shank_,foot_,shank_new,shank_new_second derivative,T_physics,knee_moment_minus_T_physics
1.69875220652915,183.67817041,146.67066376,38.02724122,33.06455899,20.36197287,9.77145195,-0.581706654892267,-26.79327191367662,-7.51769356965665,9.2164457761858
1.71838828712731,182.72605734,143.91349373,38.32832836,31.73945723,17.27713122,9.61227393,-0.6298283499530779,-33.78751657541983,-8.869358233734875,10.587746520862185
1.75385582375976,181.7224842,141.07956663,38.71425094,30.36296087,14.08254391,9.57948171,-0.6792897086095726,-35.929813984463266,-9.44282474348508,11.19668056724484
1.80786427612625,180.68570366,138.20556546,39.21007621,28.94101127,10.80417502,9.68569573,-0.7294504917322416,-25.89110773266512,-8.061362359718204,9.869226635844454
1.88234639792284,179.60745132,135.28260683,39.82411903,27.48212331,7.45586559999998,9.94638885,-0.7804657437253245,-29.16536286269533,-8.803687483047364,10.686033880970204
1.97825977543112,178.51069328,132.34929207,40.57645103,25.99521498,4.07050110999998,10.35552197,-0.8316617442846719,-34.03460981893822,-9.791162288338931,11.769422063770051
2.0954241503349,177.32676943,129.31854181,41.47548412,24.46477629,0.60371687,10.9909851,-0.884558315127346,5.900129169599211,-3.6049542927326597,5.70037844306756
2.23244483170739,176.12137913,126.29801473,42.527963,22.92806441,-2.84277895999998,11.80347391,-0.937276457818996,42.38849389325736,2.0431801099428997,0.1892647217644905
2.38673383698299,174.97423858,123.38828204,43.70142044,21.40157801,-6.21648330000001,12.63166398,-0.9880608736124076,27.53171199354707,-0.504493400397557,2.891227237380547
2.55462176846426,173.80509715,120.48960557,45.01185265,19.86236958,-9.58347103999999,13.63016653,-1.0386523219639945,18.30112111068765,-2.1387414097848603,4.69336317824912
2.73154692436481,172.61350529,117.61576736,46.43828638,18.32279461,-12.90840232,14.77466371,-1.0888102608981145,37.66714962848408,0.8166167656554562,1.9149301587093537
2.91230292395317,171.40788209,114.78605411,47.94072179,16.78944168,-16.16327758,16.01689711,-1.1381980739979238,57.25748960708312,3.8228666008292844,-0.9105636768761145
3.09132272018561,170.22759196,112.05906955,49.48331669,15.27110158,-19.32491959,17.2974644,-1.185792933220973,62.86410501104687,4.60868951166819,-1.5173667914825795
3.26297560488123,169.0535996,109.4105639,51.04303721,13.76649275,-22.39469488,18.59568388,-1.232018077071145,64.93228875872781,4.843377170799094,-1.5804015659178643
3.42185606272072,167.898082,106.86255653,52.58853851,12.27455979,-25.37197169,19.88602559,-1.2764891950427264,71.85919512727281,5.870291480902885,-2.4484354181821653
3.56304912952148,166.75536806,104.4071083,54.09013736,10.8012007,-28.23816603,21.13378049,-1.3193448512684935,64.79226448350204,4.671674790998432,-1.1086256614769523
3.68235951092119,165.6432099,102.07776637,55.54216797,9.34299958,-31.011192,22.33818367,-1.3599995373517528,91.82592408571332,8.942304560602032,-5.259945049680843
3.77648874109896,164.41787417,99.77488503,56.32794545,7.97278059000001,-33.40534018,22.93847721,-1.4001923990174918,102.31522024517484,10.575798649258154,-6.799309908159193
3.84314682784751,163.49766876,97.8191,57.94211959,6.53840377,-36.04472303,24.24102847,-1.434327287252208,68.12458497242213,5.074602639418587,-1.231455811571077
3.88109570185094,162.35721973,95.72888479,58.81711094,5.17317745,-38.33981302,24.87801721,-1.4708084247419726,96.58259905053646,9.602584254936374,-5.721488553085434
3.89013150687247,161.45260986,93.95075875,60.17254128,3.81225522,-40.64376152,25.91150786,-1.5018425786554208,98.69226229322292,9.924735010208545,-6.034603503336076
3.87101674124705,160.50266673,92.23626208,61.28070078,2.45018575999998,-42.8894202,26.79942402,-1.5317661905613995,78.86009822012151,6.742093800212491,-2.8710770589654406
3.82537426295839,159.57890121,90.64788251,62.22230752,1.11779729,-44.99982981,27.5434277,-1.5594886438293114,90.41006238194704,8.58598589636652,-4.76061163340813
3.75555490417605,158.7002528,89.19547445,63.09584817,-0.195610299999998,-47.01514579,28.24113818,-1.5848379465588147,100.21285596941487,10.154636616813752,-6.399081712637702
3.66448926447009,157.85143054,87.86301777,63.87245934,-1.48198805000001,-48.91343801,28.84819754,-1.6080937027650073,96.05726018167448,9.493250972087324,-5.828761707617234
3.55553257051364,157.07740025,86.72886419,64.51296494,-2.77845682999998,-50.78678208,29.48206069,-1.6278884169592882,68.6918885378196,5.120282513232234,-1.5647499427185942
3.43230966055775,156.29491974,85.62852059,65.21316956,-4.03941288999999,-52.54308678,30.0701487,-1.6470930356825355,68.50688363710499,5.098207373515928,-1.665897712958178
3.29856542767186,155.62042662,84.65582946,65.65089054,-5.22339410000001,-54.02541043,30.44382448,-1.6640696985059795,67.47489837566789,4.941542972065563,-1.6429775443937031
3.15802458102595,154.82334073,83.78653894,66.22371244,-6.49033125999998,-55.71819948,30.95712002,-1.6792416802363537,45.1642166664179,1.3808163550893005,1.7772082259366497
3.01426340899011,154.16548853,82.96939742,66.53643359,-7.62938667,-57.00479341,31.17717849,-1.6935034902151045,60.300296625011015,3.8122596637592556,-0.7979962547691457
2.87059533674319,153.44911757,82.20332919,66.86600329,-8.84115936000001,-58.45252855,31.48259736,-1.7068739031235298,103.93492767892808,10.8039447680002,-7.93334943125701
2.72997143394092,152.74151714,81.62846063,67.11802988,-10.01800736,-59.7967794,31.71428965,-1.716907252261728,116.81249224424262,12.87265148217572,-10.1426800482348
2.59489661630449,152.08934382,81.21562271,67.27093646,-11.11650861,-60.85437873,31.76178141,-1.7241126332428132,118.4905198549524,13.147455229812884,-10.552558613508394
2.46736204376716,151.56320168,80.95681012,67.06124265,-12.02326241,-61.32685872,31.37134054,-1.7286297650839275,92.40230685388262,8.977456680386197,-6.510094636619037
2.34879403626881,151.0951113,80.9068169,67.66893887,-13.02346545,-62.16442583,31.48530687,-1.7295023113766013,25.583563265165758,-1.7127336654736967,4.061527701742507
2.2400195595978,150.52329838,80.81458583,67.352657,-14.01899692,-62.84393804,31.17711601,-1.7311120472207386,66.06681385904922,4.766089844579309,-2.526070284981509
2.14124788690368,149.93722543,80.74459411,67.09257858,-15.05999002,-63.60263655,30.9514573,-1.7323336331838728,107.24279261437265,11.355397385743757,-9.214149498840076
2.05206745538308,149.65490088,81.0508965,67.25635752,-15.93479864,-63.97140345,30.82904999,-1.7269876479716448,59.1275802299962,3.6519905858868897,-1.5999231305038095
1.97145632548563,149.14403431,81.19682726,66.72953053,-16.82261298,-64.25214942,30.20704664,-1.724440675729707,50.51546945685104,2.2717420518361067,-0.30028572635047657
1.89780410078756,148.82446469,81.62598325,66.62056576,-17.75507224,-64.72099846,30.03022227,-1.7169504906995514,24.856965244268725,-1.8401958168785653,3.737999917666125
1.82894273395874,148.34950874,81.93849273,65.95179229,-18.58002124,-64.75481542,29.22004673,-1.7114961713298562,112.8934496566769,12.24105754506138,-10.41211481110264
1.76218337454943,147.87013087,82.34348992,65.45135924,-19.56440433,-65.28389827,28.84170766,-1.7044276369030311,147.2643652238559,17.73472089719609,-15.972537522646661
1.69435633326733,147.80507564,83.32699002,64.93163554,-20.22483145,-64.92040621,28.02731705,-1.6872623219643377,46.22755676786383,1.5562431498517633,0.13811318341556666
1.62185132566802,147.38048985,83.90475925,64.15204442,-21.06380248,-64.97054933,27.22443435,-1.6771783465841252,43.03411910884458,1.038700064611696,0.5831512610563241
1.54065537536424,147.27065262,84.9803517,63.32921521,-21.71745674,-64.5237241,26.21471444,-1.6584057169220328,67.71976981505334,4.977714432099644,-3.4370590567354036
1.44638608491977,146.88890228,85.71259592,62.31375136,-22.39228132,-64.04780285,25.00040873,-1.645625644354335,89.97628697629878,8.532660550707543,-7.086274465787773
1.33431862491642,146.81182444,87.02171908,61.27267357,-23.06309672,-63.6503689,23.96364098,-1.6227771348982225,0.4878038179700894,-5.794009284697952,7.128327909614372
1.19940870307122,146.52346019,88.03595874,60.14373883,-23.756861,-63.24301292,22.7607303,-1.605075313426915,113.3184146402555,12.254400648010922,-11.054991944939701
1.03632149346428,146.23903347,89.06588137,58.91343728,-24.30920452,-62.38668536,21.26699176,-1.5870997724926152,181.40219556008967,23.145132731189396,-22.108811237725117
0.839477804969818,146.49569902,91.00858825,57.45435404,-24.78266417,-61.41761347,19.70637147,-1.553193141035469,-87.36270878131558,-19.857122404417627,20.696600209387444
0.603121311678487,146.2185505,92.14940168,56.11772455,-25.31234869,-60.47759716,18.11150469,-1.533282190530999,31.530324141719746,-0.8310111298964191,1.4341324415749062
0.321407826505227,145.99420298,93.48066631,54.6432347,-25.79527489,-59.45279649,16.44771355,-1.5100472395221547,290.83931733915546,40.665137365631374,-40.343729539126144
-0.0114785897361931,146.07161704,95.41357744,52.86788286,-26.33499501,-58.61150437,14.89299401,-1.4763115761552108,85.03583756789057,7.751960952910405,-7.763439542646599
-0.401175696513834,146.41896762,97.61913091,51.01773297,-26.63868067,-57.09392584,12.77426359,-1.437817406274925,-72.2778123483625,-17.392537366371407,16.99136166985757
-0.852952574583669,146.29929067,99.16497266,49.41479764,-27.02202063,-55.78992673,10.88527346,-1.4108373780226335,34.00067538229301,-0.36482681661351535,-0.4881257579701537
-1.37147274881537,146.49709043,101.34347415,47.39462197,-27.38423183,-54.39220519,8.86268394,-1.3728153542625314,154.53345211889902,18.9602140300898,-20.331686778905173
-1.96050683312203,146.47111,103.1111774,45.64812044,-27.69208339,-52.88874576,6.81815036,-1.341963112351827,126.80982197547756,14.56285292569698,-16.52335975881901
-2.62259321283969,147.1316003,105.95322885,43.38252879,-27.95036108,-51.2261057,4.54019147,-1.292359957038248,-129.01079386331116,-26.29526694031328,23.67267372747359
-3.35866600830154,147.09115541,107.7839489,41.55612407,-28.21907657,-49.59779777,2.41263313,-1.2604078644834726,91.23706919470962,8.998906904959536,-12.357572913261077
-4.16772437741586,147.1369399,109.82380615,39.560032,-28.46290434,-47.90386372,0.225743770000001,-1.2248056392002955,218.9007114762509,29.49256296786851,-33.66028734528437
-5.04664075873425,147.96621934,112.9794703,37.090508,-28.67592375,-46.12757247,-2.09004102,-1.1697289096956474,-35.84046185341148,-11.14786530623174,6.10122454749749
-5.99013508100524,147.98160368,114.94859214,35.20287291,-28.89187498,-44.38337347,-4.27373363,-1.1353612502147183,-19.067791891211883,-8.382163973376953,2.3920288923717123
-6.99086594872862,148.70735179,117.96964098,32.81738499,-29.07723755,-42.54971498,-6.55263231,-1.0826340010931632,4.753440869724734,-4.432643266095288,-2.5582226826333327
-8.03959606032369,148.72878365,119.96412773,30.92580825,-29.27908937,-40.79754467,-8.70908911,-1.047823640418262,47.400788035007935,2.490057007202976,-10.529653067526667
-9.12542430747503,149.45128408,122.98704687,28.5033038,-29.45261796,-38.96407776,-10.95925355,-0.9950637484037066,3.112719671772979,-4.434071665368544,-4.6913526421064855
-10.2360835845777,149.65819474,125.25124983,26.48038995,-29.58050572,-37.02414284,-13.20182261,-0.9555459518183052,-105.99155734696718,-21.760427491625904,11.524343907048204
-11.3582936912621,150.30240289,128.02228733,24.36331209,-29.8156047,-35.44578085,-15.19062988,-0.9071822237470728,-39.36448581670984,-10.930412442572027,-0.42788124869007227
-12.4781541724706,150.32629393,129.93108504,22.60900544,-30.01006949,-33.78673603,-17.17208624,-0.8738674189530449,41.12388940378917,2.070938172796998,-14.549092345267598
-13.5814868063162,151.09928209,132.8319859,20.35285367,-30.20482866,-32.13711788,-19.22886723,-0.8232371476721098,-114.40203197695222,-22.61642573750983,9.03493893119363
-14.6538927338114,151.26051276,134.84654278,18.57990385,-30.34352205,-30.3878545,-21.21139967,-0.7880764971474057,-121.72408088814484,-23.644761832874757,8.990869099063357
-15.6804061095819,151.55817783,136.98620911,16.69132824,-30.5214647,-28.80853676,-23.15610746,-0.7507322747948421,17.947089798563365,-1.139650954498364,-14.540755155083536
-16.6450034209051,151.90196142,139.06457291,14.94229194,-30.73453833,-27.39562758,-24.9351747,-0.714457983430581,-96.87511623317712,-19.3526419158128,2.7076384949077017
-17.5303286336335,152.5515314,141.24326157,13.54347023,-31.13944119,-26.64015408,-26.13309768,-0.676432692937718,-255.16707031905668,-44.50770055852082,26.97737192488732
-18.3177786384839,152.71690589,142.72754951,12.38954424,-31.45853453,-25.69570731,-27.39286672,-0.650526981337074,-248.77052587695675,-43.364246497084004,25.046467858600103
-18.9879541716645,152.72728005,144.03831441,11.16152078,-31.6506692,-24.47911246,-28.81911254,-0.6276498181124996,-76.2297509016852,-15.64975557603622,-3.338198595628281
-19.5214674886683,152.59762282,144.96517599,10.2342399,-32.00103929,-23.81006857,-29.85960771,-0.6114730318312627,-16.971464709338857,-6.090990683446815,-13.430476805221485
-19.9000365170361,153.08543859,146.39660295,9.50208614,-32.35080147,-23.28269575,-30.6912313,-0.5864899183774498,-135.7373119991156,-24.97220259959083,5.07216608255473
-20.1076793736729,152.95423807,147.10556314,8.69312859,-32.65964314,-22.71201299,-31.60256594,-0.5741162287963852,-95.80743026187945,-18.52257523741697,-1.5851041362559322
-20.1318053567964,152.96762516,147.97717398,7.69579109,-32.85088894,-21.94416179,-32.75780632,-0.5589037498423115,-108.22814965950944,-20.434415548741597,0.3026101919451989
-19.9640913126579,153.01500529,148.69701415,6.82698759,-33.08129558,-21.35791397,-33.82400782,-0.5463401687876958,-65.36667328428946,-13.51370192582349,-6.450389386834409
-19.6011075707232,152.95716526,148.93764339,6.40260734,-33.43068536,-21.31956262,-34.38258242,-0.5421403962731242,-12.169652039393242,-4.981051742494625,-14.620055828228576
-19.0446825491352,153.38342466,149.91394171,5.54113664,-33.64598957,-20.9228435,-35.4740047,-0.5251007761074352,-246.0797220985622,-42.32040074767937,23.275718198544173
-18.3020061060819,153.23878059,149.82838583,5.47618388,-34.0092478,-21.10222991,-35.65345318,-0.5265940079078761,-185.13410918125305,-32.576696668171564,14.274690562089663
-17.3854818430736,153.17058439,149.72093632,5.40418803,-34.2634761,-21.14610795,-35.92472443,-0.5284693556370309,-45.9622737028742,-10.318730933061882,-7.0667509100117165
-16.3123477812579,153.08893579,149.65838796,5.37116165,-34.53821668,-21.28798591,-36.06633272,-0.5295610304607534,-114.7532236383808,-21.3308245154911,5.0184767342332
-15.1040930525187,153.02440601,149.2645865,5.48111766,-34.82623014,-21.67705929,-36.16049923,-0.536434162536914,-75.99665345343843,-15.164581317300547,0.060488264781847434
-13.7857052537823,152.96026693,148.83090255,5.63550254,-35.10483917,-22.01586002,-36.28368779,-0.5440033753774688,-40.32979426472627,-9.496052764904329,-4.289652488877971
-12.3847885948652,152.89719227,148.37280793,5.82528918,-35.36554443,-22.43795799,-36.32355215,-0.551998634782141,-65.6914982567014,-13.594053326858486,1.2092647319932865
-10.9305966504857,152.82107529,147.77234444,6.09795653,-35.63791202,-22.93722893,-36.30228358,-0.5624786997206568,-1256.6259960484638,-204.19587313907724,193.26527648859152
-9.45302522370053,152.7354153,147.1046448,6.40184746,-35.90769323,-23.49187074,-36.23935523,-0.574132256853038,-1577.5902408197662,-255.6079040611903,246.15487883748978
1.0105801067986,180.42969556,139.51384973,42.86385121,29.4662728,12.1070745,16.36081909,-0.7066166236686912,483.81220459127405,73.59227911247048,-72.58169900567188
1.00921047189947,179.47539722,136.79755541,43.44666613,28.13968635,8.96136436999998,16.60176137,-0.7540249030059117,820.0808471289123,127.18761568001858,-126.17840520811912
1.02379519353634,178.48159626,134.02739476,44.14889803,26.76937833,5.72768485999998,17.00066348,-0.8023733271575981,-36.62189986473052,-10.087268560417296,11.111063753953637
1.05773407697499,177.42616984,131.18918316,45.00169595,25.35768364,2.41683773,17.60776779,-0.8519094644458942,-20.367001023758743,-7.6836509486400795,8.74138502561507
1.11338088521683,176.34593963,128.33111176,46.02348949,23.92328457,-0.927654340000004,18.40378204,-0.901792220632978,-7.007362556408303,-5.7336835226280165,6.847064407844846
1.19185903632203,175.24189507,125.46411659,47.19661438,22.46928712,-4.28932692000001,19.35035942,-0.9518307259882526,-3.5803335209561027,-5.361990138775707,6.553849175097737
1.29297289097838,174.11185856,122.59467953,48.52159252,20.99949328,-7.65588764,20.46523105,-1.001911850363999,-19.230706159570765,-8.030827235586141,9.323800126564521
1.41521424145996,172.94218292,119.71853622,49.97948833,19.52017056,-11.00576692,21.76204614,-1.0521100208827066,32.10811539059222,0.030687929082906074,1.384526312377054
1.55585649442403,171.6203279,116.74806347,51.4160463,18.06791413,-14.21145135,23.263762,-1.103954550710977,80.73194289892615,7.666305228316143,-6.110448733892113
1.71112293167814,170.59664427,114.1569218,53.04396356,16.59695774,-17.44679323,24.46571172,-1.1491785042381013,45.92650317985605,1.9831635065394426,-0.2720405748613026
1.87641097960681,169.28789528,111.36400737,54.39754626,15.16799918,-20.46662573,25.89245315,-1.1979240567680622,29.236832350238902,-0.7980617069775198,2.6744726865843296
2.04655202764704,168.26927164,108.85844686,56.23279554,13.69771518,-23.62128821,27.31417635,-1.2416543372755104,53.02414812780931,2.919501938284018,-0.872949910636978
2.21608703092881,166.94360531,106.14746598,57.52827486,12.26728723,-26.52393758,28.61120393,-1.2889698795901237,70.57882333334042,5.644583104167189,-3.4284960732383785
2.37954244557747,165.95170315,103.86377791,59.30754146,10.82845518,-29.4915815,30.09759527,-1.3288277555001389,65.20296663643741,4.7237698899210905,-2.3442274443436206
2.53169375115229,164.65221943,101.33531146,60.42425116,9.43602931000001,-32.16894423,31.13921742,-1.372957820078851,69.30126675549042,5.322899663312576,-2.791205912160286
2.66780043002642,163.68937006,99.24269444,62.10000664,8.02462645999998,-34.96032077,32.60145948,-1.4094808770611231,76.25922253143172,6.397816502387641,-3.7300160723612215
2.78379521151412,162.43891841,96.92022395,63.0909848,6.66776691999999,-37.43716631,33.46399634,-1.4500156338920294,107.01016291436048,11.284462602217573,-8.500667390703454
2.87641855290437,161.51997027,95.05854413,64.54952355,5.27989830999999,-40.06112926,34.82395364,-1.4825080763689644,42.25023065524525,0.9029387792963659,1.973479773608004
2.94329880253569,160.49674715,93.11825951,65.84909342,3.91802884000001,-42.53761534,35.98511622,-1.5163724314137716,50.07479301935236,2.1406728974143556,0.8026259051213342
2.98298279209967,159.31056654,91.11646981,66.48043791,2.64723860000001,-44.62830031,36.4611949,-1.5513102526112812,153.48187902727517,18.67821694787704,-15.69523415577737
2.99492306242488,158.47563735,89.6032025,67.57319426,1.31430990999999,-46.95143461,37.56452046,-1.5777217496335787,84.45730629941028,7.633310014097667,-4.638386951672787
2.97942864767384,157.57717886,88.05378188,68.586005,0.0150900400000182,-49.12456111,38.50077664,-1.6047642409508704,40.64286968062047,0.6262510511684285,2.3531775965054114
2.93758652413198,156.66736655,86.57205021,69.41936293,-1.2569124,-51.16534885,39.27833052,-1.6306253372234447,85.47606371044792,7.806690815724088,-4.869104291592108
2.87116066296548,155.79767799,85.22396044,70.12956312,-2.50364793999998,-53.09542008,39.96016485,-1.6541539423223977,99.73106132006082,10.097386551646693,-7.226225888681213
2.7824752604913,154.98850098,84.03063969,70.74179363,-3.72261559,-54.91687197,40.57149267,-1.674981318442266,86.38080225210842,7.972811771476042,-5.190336510984743
2.6742882495949,154.26256248,82.96555589,71.2598418,-4.90686676000001,-56.59641037,41.10502246,-1.6935705375619188,67.28519679394473,4.92989195847296,-2.25560370887806
2.54966068856068,153.4679478,81.98415471,71.75131694,-6.10747535000002,-58.30617265,41.62424602,-1.7106992194358763,67.00017580044681,4.8974784198933925,-2.3478177313327127
2.41182712370466,152.7287405,81.09266712,72.15933604,-7.26023416999999,-59.83769536,42.02401232,-1.7262586131220454,79.90573544696122,6.975830134034765,-4.564003010330104
2.26407152283524,152.02471706,80.32155246,72.48353175,-8.38923087000001,-61.26886492,42.35202499,-1.739717102849442,78.5771681310643,6.776038243101239,-4.511966720265999
2.10961281330429,151.36042158,79.67760449,72.75391872,-9.48224101,-62.57161766,42.60612269,-1.750956115137476,100.02215780469116,10.218712617220156,-8.109099803915866
1.95150335260488,150.78215727,79.10916422,72.83681902,-10.48521047,-63.59137468,42.64696583,-1.7608772694499013,94.18633529137963,9.295718649079937,-7.344215296475057
1.79254277698767,150.26590487,78.83562661,73.24234445,-11.50164636,-64.6511159,42.87595827,-1.7656514013724374,42.47107240148651,1.0266462274885368,0.7658965494991332
1.63520865408049,149.64921534,78.43642393,73.16389745,-12.57191073,-65.77925392,42.91922683,-1.7726188025212226,66.42374939904272,4.867146967071855,-3.231938312991365
1.48160430696719,149.08538503,78.23699005,72.9818148,-13.57916939,-66.71726094,42.85215027,-1.77609958036725,94.60345676529867,9.380037745091183,-7.898433438123993
1.33342319536558,148.56962549,78.14426369,72.76441519,-14.54290752,-67.51515251,42.7092168,-1.7777179606526397,116.081808407571,12.818521531458623,-11.485098336093044
1.19192841803985,148.10558822,78.18039137,72.48085754,-15.45553262,-68.15261212,42.46374535,-1.777087413685533,93.97545239385074,9.280743990299435,-8.088815572259584
1.0579452635426,147.87390601,78.51720322,72.28082611,-16.25688684,-68.49499543,42.13385525,-1.7712089379432996,-14.079904433723645,-8.01509369426152,9.073038957804119
0.931864272471448,147.41356928,78.66223237,71.76074116,-17.05671071,-68.74656034,41.53831562,-1.7686777017644308,8.879240396473254,-4.344575005275856,5.276439277747304
0.813651980082715,146.90740959,78.80947084,71.32259432,-18.04119182,-69.51611151,41.30338073,-1.766107905677332,104.24105668439763,10.91036404909157,-10.096712069008854
0.70286640633472,146.52858584,79.19494767,70.63540694,-18.73271207,-69.42093488,40.4887338,-1.7593800658036811,90.2445720075984,8.663379666070664,-7.9605132597359445
0.598674473585067,146.16453323,79.69899572,70.01555387,-19.62136905,-69.92344985,40.09253949,-1.7505827677429244,151.20434827179398,18.40747012950468,-17.808795655919614
0.499868833006699,145.83584513,80.24472628,69.20459354,-20.24843435,-69.60503743,39.09979882,-1.741057972642172,138.4223771349391,16.352602393777186,-15.852733560770487
0.404881989559768,145.91409372,81.4548577,68.29061239,-20.88181875,-69.39834494,38.1592158,-1.7199371949813376,6.684314329166163,-4.74523641571195,5.150118405271718
0.311796042746121,145.5672758,82.08760669,67.369388,-21.50387431,-69.02899425,37.06807134,-1.7088936417671687,16.860688661703982,-3.1263105104141453,3.4381065531602664
0.218346746758396,145.51285095,83.24901798,66.23712493,-22.14802189,-68.79028859,35.96880165,-1.688623190786834,-3.9982316663955686,-6.478947747223329,6.697294493981725
0.121920930767047,145.2003814,84.02709173,65.19743502,-22.71411904,-68.24449781,34.74176485,-1.675043242025995,95.01146936585992,9.353756387165824,-9.231835456398777
0.019546738044947,144.94717724,85.02027008,64.02558299,-23.39528412,-68.0814264,33.67582187,-1.6577090097589702,134.53996202704045,15.668588162630787,-15.649041424585839
-0.0921205876386892,145.03328833,86.51095239,62.58623516,-23.85584749,-67.2571768,32.10019348,-1.6316916953482354,72.34185720526698,5.705596027221699,-5.797716614860388
-0.216807734301135,144.8073858,87.56237938,61.34070011,-24.30224347,-66.35620573,30.60223148,-1.6133408325284022,79.22799442782402,6.801799808630997,-7.0186075429321315
-0.358616537759979,145.06600115,89.40930136,59.64017306,-24.69473818,-65.35641017,28.75787102,-1.581105962949949,-81.8423143877367,-18.97445781632861,18.61584127856863
-0.521998038812451,144.84751428,90.55843165,58.3097844,-25.12083219,-64.38520697,27.19045438,-1.5610498558550518,104.31841491283178,10.811225665307859,-11.33322370412031
-0.711706903119008,144.67250778,91.83872841,56.87633034,-25.51933472,-63.35858766,25.55759835,-1.5387044619904364,217.53484298357773,28.928602487610178,-29.640309390729186
-0.932732110962857,145.14491825,94.15218441,54.85833787,-25.82929764,-62.11624432,23.45774287,-1.4983270376904183,-124.74155270665533,-25.823214903602178,24.89048279263932
-1.19019762944016,144.99676512,95.5145383,53.37788144,-26.16677507,-60.88542717,21.69386182,-1.474549476732566,86.88156339444974,8.04826368682777,-9.23846131626793
-1.48922678825039,144.90410034,97.03122072,51.77406552,-26.46626871,-59.57843553,19.8429526,-1.4480783747964503,248.50616434582307,33.92520626406381,-35.4144330523142
-1.83476463112121,145.53591557,99.68814288,49.53290851,-26.67110456,-58.02506527,17.48769459,-1.4017063351352506,-52.28381960169281,-14.161552435222141,12.326787804100931
-2.23135373749749,145.51034609,101.33409247,47.85797492,-26.90273194,-56.52975227,15.50365667,-1.3729790954679,-48.15595360509794,-13.470280181399406,11.238926443901917
-2.68286101974637,145.80530556,103.56218324,45.77924358,-27.07312817,-54.82824663,13.22110885,-1.3340915754981044,82.0263820466427,7.40817911217606,-10.09104013192243
-3.19215587776435,145.85831737,105.36105093,44.05015366,-27.27666282,-53.28344275,11.18747055,-1.3026954114998597,160.24562852667836,19.969359426378077,-23.161515304142426
-3.76076759920003,146.33876956,107.90620015,41.80519777,-27.35365795,-51.31923655,8.68447368,-1.258274177656294,60.34885517545376,4.060637334771644,-7.8214049339716745
-4.38860570203363,146.76301135,110.30614921,39.75650898,-27.4539048,-49.4672053,6.32633749,-1.216387164679151,-57.72077678504619,-14.7498922504561,10.36128654842247
-5.07381735941639,147.10019634,112.59599053,37.74859999,-27.57093812,-47.66409201,4.03296223,-1.1764218942969382,45.93030974295864,1.9202153682753185,-6.9940327276917085
-5.81276583074421,147.45484408,114.9205318,35.71146278,-27.66124161,-45.79707499,1.70058403,-1.1358509955369471,-21.490485171233864,-8.771008931451057,2.958243100706847
-6.60007706728479,148.05841047,117.5489422,33.65403696,-27.78604422,-44.0544776,-0.584445680000002,-1.0899765799632866,-101.0141924795426,-21.375573363485334,14.775496296200544
-7.42873740269392,148.12064013,119.41178298,31.89846724,-27.91710499,-42.34752345,-2.67720136,-1.057463874911867,85.27185844263592,8.52135386656289,-15.95009126925681
-8.29024800009198,148.57152262,121.92312518,29.65471968,-27.90148292,-40.19325066,-5.24766995,-1.0136326848775892,76.1887810428207,7.199505955824571,-15.489753955916552
-9.17483861442689,149.0500089,124.39160592,27.59226897,-27.95164599,-38.27805671,-7.61144372999999,-0.970549568442523,-15.0175511584294,-7.254962191428998,-1.9198764229978913
-10.0717350973537,149.4879606,126.73383772,25.64943919,-28.03245152,-36.48516253,-9.84306512,-0.9296699116876096,-56.36513941245198,-13.730786954120587,3.6590518567668866
-10.9694709759613,150.18241692,129.28538463,23.8347869,-28.20444849,-35.00632886,-11.82255479,-0.885137017089022,-155.73175155009443,-29.46821054594838,18.49873956998708
-11.8562001447749,150.37610902,131.2216018,22.07720846,-28.26921379,-33.23281656,-13.92390102,-0.8513436524388754,-9.859309093979096,-6.000228561211692,-5.855971583563209
-12.719873613356,150.69123565,133.28688613,20.23659737,-28.34180168,-31.52570023,-16.07481537,-0.8152976408905305,-4.75340247247269,-5.040771083582534,-7.679102529773466
-13.5481406531461,151.39211937,135.6528762,18.61417515,-28.55000591,-30.27089517,-17.84010883,-0.7740033240995391,-143.12908506860848,-27.010795259379922,13.462654606233821
-14.3280499779275,151.49452474,137.26115264,17.09798342,-28.64653455,-28.74651109,-19.69834914,-0.7459336049392862,-121.82567475857776,-23.482615805299506,9.154565827372005
-15.0458043694868,152.02391954,139.26408135,15.59023862,-28.85585603,-27.60876734,-21.38930801,-0.7109759042670636,-80.14238464023826,-16.659914011117557,1.6141096416307565
-15.6867442013038,152.01768976,140.53740945,14.3668573,-29.01086403,-26.41953489,-22.9012362,-0.6887521364638997,-90.39980508193769,-18.201145562435237,2.514401361131437
-16.2355846642646,152.58746645,142.41610446,12.87766185,-29.19817542,-25.33013026,-24.65407893,-0.6559627228986119,-197.41972089615584,-35.17349932772543,18.93791466346083
-16.6768807987358,152.47507841,143.29571353,12.02366574,-29.44085825,-24.52439446,-25.72900006,-0.6406106484967069,-1.4205618754359328,-3.741678455979879,-12.935202342755922
-16.9956987654272,152.52590228,144.43699589,10.86024396,-29.54482903,-23.42994135,-27.22068336,-0.6206915136197758,34.87643098640692,2.1604337197349928,-19.156132485162193
-17.178442984666,153.14152158,146.04587839,9.47929556,-29.73322336,-22.59236497,-28.96665196,-0.5926112167170577,-254.3919940328609,-43.986868917749796,26.808425933083797
-17.2137216547679,153.0472337,146.65771455,8.88266723,-29.94858827,-21.98885725,-29.77739563,-0.581932661242299,-153.10595430501394,-27.728833014929023,10.515111360161121
-17.0931171048852,153.06010995,147.33848449,8.11102827,-30.10128795,-21.3068068,-30.89644851,-0.5700509843406947,-124.5488980278342,-23.10111251863006,6.007995413744862
-16.8117854619393,153.15463032,148.00120071,7.31334898,-30.25939141,-20.69463388,-32.1251433,-0.5584844042953236,-121.21683759297451,-22.510514788601373,5.698729326662072
-16.3688643455321,152.98372006,147.91747797,7.2219917,-30.64687842,-20.87474316,-32.33242517,-0.559945641767115,14.157777534292704,-0.8578596285646456,-15.511004716967454
-15.767686174105,153.12680222,148.65016555,6.44278128,-30.68372971,-20.11985215,-33.59135027,-0.5471578311076457,-136.49606596615183,-24.898511716718723,9.130825542613723
-15.015801244476,153.00992092,148.57758954,6.38743425,-30.99538204,-20.27533957,-33.75494735,-0.5484245214401061,-157.25630712367987,-28.2265086063296,13.210707361853599
-14.1248206490219,152.92581197,148.51706554,6.34527284,-31.26235305,-20.4078002,-33.90823906,-0.549480864516583,-14.8490274018509,-5.446642531090292,-8.678178117931608
-13.1100943635244,152.93798496,148.33668884,6.25276253,-31.48824216,-20.52174355,-34.43679695,-0.5526290318254652,-30.605767386403524,-7.983491978293101,-5.126602385231299
-11.9902444739792,152.9023793,148.29888687,6.23734473,-31.68384041,-20.61547575,-34.55921601,-0.5532888006657053,-33.32748792716389,-8.422268568787382,-3.567975905191817
-10.7865774721491,152.91220492,147.92043001,6.31346374,-31.90491314,-20.83644519,-35.02635231,-0.5598941189494646,-60.82921341883818,-12.855521488706124,2.0689440165570243
-9.52240275891033,152.9159913,147.88975576,6.32723887,-32.04334548,-20.91401914,-35.11253886,-0.560429485607544,-126.3321410671736,-23.338656763582694,13.816254004672365
-8.22228683381062,152.85483853,147.15564546,6.55662204,-32.24010858,-21.16210045,-36.22727163,-0.5732421274153479,-32.035193789113904,-8.31470050356656,0.09241366975594012
-6.91127400199743,152.84407721,146.7567948,6.77118721,-32.40800235,-21.46174225,-36.18140263,-0.5802033846561001,-3294.4650112823856,-530.3377828140339,523.4265088120364
-5.61410472895593,152.80753348,146.20731277,7.05205117,-32.6068862,-21.86471418,-36.16131123,-0.5897936552601425,-3718.025907150099,-598.1545397029041,592.5404349739482
0.564562398592695,174.25702758,126.74793975,48.47216266,18.56833316,-6.24631876999999,19.49581187,-0.9294237848328948,2515.702631588927,397.80092213254835,-397.2363597339557
0.687038328817157,173.22480763,123.95626082,48.92190442,17.20496104,-9.4163178,19.67377988,-0.978147773819947,2908.453622870261,460.47533007664543,-459.7882917478283
0.843262705304842,172.15918223,121.15299903,49.4490006,15.83073035,-12.58109088,19.93816979,-1.0270739218507967,8.25368995794431,-3.711448462793241,4.554711168098083
1.0312140458033,171.08151571,118.36942062,50.08871456,14.45553333,-15.71235963,20.31440763,-1.0756565300927254,19.644869300415916,-2.0306463970047948,3.0618604428080944
1.24739497048795,169.9880509,115.60534847,50.83754127,13.08238406,-18.8051768,20.79608998,-1.1238986898729042,27.85905547607825,-0.8450891890185392,2.092484159506489
1.48700291080922,168.89501744,112.89513723,51.69681555,11.7225372,-21.82865281,21.37958962,-1.1712007994354623,35.18902818207881,0.21348015412802823,1.2735227566811917
1.74417327686297,167.78342751,110.21731854,52.66199216,10.36830078,-24.79098526,22.08665253,-1.217937552347404,47.40153503592701,2.0665205898821304,-0.3223473130191603
2.01227469270538,166.68544705,107.62247212,53.71220937,9.03629479,-27.66068139,22.87095493,-1.2632261659599913,52.81135584007668,2.8457535671497753,-0.8334788744443955
2.28423395742537,165.59256482,105.1008794,54.82872635,7.71885111,-30.44154303,23.7353259,-1.3072362613183108,41.52977968397753,0.9678091907393211,1.316424766686049
2.55287045775452,164.50259427,102.65239379,55.9722427,6.42272525999999,-33.1213506,24.6303792,-1.3499703969005126,98.15479338606492,9.9675517219308,-7.41468126417628
2.81122265897395,163.29164741,100.22238837,56.71970268,5.17116719999999,-35.57772713,25.35430086,-1.39238199232082,129.2623307151052,14.895310053822765,-12.084087394848815
3.05284600909593,162.45916545,98.244701,58.12582741,3.92132928999999,-38.06033248,26.36970485,-1.4268991485024274,0.7326979466304451,-5.701996491130276,8.754842500226207
3.2720584197703,161.46307001,96.08451594,59.49851368,2.66324272,-40.51184701,27.38794822,-1.4646014902518187,9.35325087736416,-4.350355617310107,7.622414037080407
3.46411771011415,160.2826306,93.84120626,60.28998159,1.46232859,-42.67594527,27.99968549,-1.5037546303096792,10600.839020984373,1690.2674525007742,-1686.80333479066
3.62532822448728,159.34559832,92.00023369,61.36153992,0.268122309999995,-44.81989908,28.81048637,-1.535885663095081,10372.389773740751,1653.7059465726752,-1650.080618348188
1.07704406005577,186.31830265,150.17604504,36.64012719,38.59513461,29.35888384,5.90921968,-0.5205262100184939,-10835.330914002983,-1736.5772861786381,1737.654330238694
1.10042425332033,185.33029262,147.34536719,37.00954178,37.31897261,26.40747266,5.71841556,-0.5699308585642681,-10691.973164622428,-1713.8884005023365,1714.9888247556569
1.14489530246506,184.29079278,144.42901072,37.45825252,35.97964838,23.31429246,5.64654854,-0.620830881127607,-47.0674179305707,-10.951248702233304,12.096144004698363
1.21408493891572,183.19379755,141.43000699,38.00049042,34.58136326,20.092165,5.7160698,-0.673173370495698,-29.936971179675886,-8.455920239197026,9.670005178112746
1.31056799212458,182.0882565,138.41229996,38.68184987,33.14171112,16.7895143,5.93949995,-0.7258422940297772,-18.9412083965502,-6.933535447470794,8.244103439595374
1.43561317649756,180.93373672,135.34312058,39.47828031,31.65746668,13.40266159,6.32741348,-0.7794095795450956,-9.930684333741093,-5.721723698848475,7.157336875346035
1.58896575733619,179.77795009,132.28706407,40.41842916,30.15476822,10.0045173,6.84645009,-0.8327478277716024,-7.8953790985035965,-5.61318484415609,7.2021506014922805
1.76874268204921,178.57379818,129.19933554,41.497001,28.61700388,6.55507828,7.55593443,-0.8866388570278673,5.284677206126531,-3.711168338654403,5.479911020703613
1.97146415006941,177.34330397,126.11659099,42.72432406,27.0646866,3.10408719999998,8.45453369000001,-0.940442899423278,24.19812963157959,-0.878276378195932,2.849740528265342
2.19221331066889,176.12655841,123.08582947,44.09916678,25.51328963,-0.298706320000008,9.47565046,-0.9933396667900264,13.881793855662394,-2.7054930580759513,4.897706368744841
2.42490518508243,174.88335423,120.08476298,45.58582871,23.95014254,-3.68312501999999,10.66374941,-1.0457181581117956,63.301433907044746,5.040355037392971,-2.615449852310541
2.66263741227151,173.50196797,117.05186022,46.94042375,22.37464738,-7.03485652000001,12.10497054,-1.098652297166619,108.430024912769,12.112103985913388,-9.449466573641878
2.89808992682928,172.49055613,114.41562547,48.7070601,20.89020817,-10.10032535,13.18040522,-1.1446632734096087,23.18132524398173,-1.6451452457244224,4.543235172553702
3.12393873422185,171.28105562,111.63914925,50.4829828,19.32827418,-13.32379928,14.66837214,-1.193121925051935,52.52633833723763,2.938608689224055,0.18533004499779482
3.33325207583618,169.94403849,108.87930717,51.74308492,17.81463165,-16.29959921,15.87867764,-1.2412902561830237,108.79808343608576,11.844023928700619,-8.510771852864439
3.5198453754224,168.96456378,106.52739203,53.6771683,16.32295795,-19.23623274,17.322059,-1.282338919103527,55.70778907495466,3.2761852555831776,0.2436601198392223
3.67857647126606,167.72429217,103.96635597,55.11443035,14.85509015,-21.98627001,18.52916413,-1.32703743061283,87.37233950812708,8.273401143299996,-4.594824672033935
3.80556130899248,166.68168668,101.73481693,56.81015988,13.38138922,-24.72993133,19.88158197,-1.3659851342476237,98.23153376794735,9.959940918727675,-6.154379609735194
3.89829440490125,165.60298721,99.5540114,58.35311444,11.92234376,-27.36517721,21.14845704,-1.4040473710918238,65.98393689952297,4.7589879923913605,-0.8606935874901107
3.95567254193241,164.55137635,97.50506706,59.78684279,10.47889154,-29.89502746,22.33717704,-1.4398081960149256,100.43687072423646,10.240271428572996,-6.284598886640586
3.97793298553955,163.43159531,95.51972694,60.8222785,9.07185172000001,-32.23975531,23.15396788,-1.4744589178808651,132.1827290659483,15.29650138928249,-11.31856840374294
3.9665232273624,162.55069726,93.85077807,62.22234142,7.62492413999999,-34.70482298,24.45796566,-1.503587570709804,75.67149163246967,6.240713692774397,-2.2741904654119973
3.9239210269851,161.64477043,92.24279373,63.46375363,6.20557438,-37.00267434,25.57313178,-1.5316521917633117,47.024545662821545,1.6484315849859401,2.27548944199916
3.85342340146144,160.69960627,90.63005479,64.65903034,4.83294615,-39.16238818,26.56727581,-1.5597997962414352,74.26136508062785,6.002173924949538,-2.1487505234880984
3.75892163833565,159.81666721,89.23529132,65.56277115,3.44940227999999,-41.24506283,27.4253377,-1.584143011079476,78.2821708355641,6.645671039821327,-2.8867494014856767
3.64467688351508,158.89670955,87.83481779,66.53571599,2.11646944,-43.19314215,28.22338835,-1.6085858852650037,98.27917951118926,9.848866691322824,-6.204189807807744
3.51510785851421,158.15546452,86.67631271,67.10717263,0.811052210000014,-44.96639846,28.79740612,-1.628805613312084,70.45070394894104,5.402003185151488,-1.8868953266372777
3.37459918897756,157.26561254,85.60267901,67.84849605,-0.562541070000009,-46.91877122,29.56608335,-1.6475440563374533,40.603690529577015,0.6338992153493859,2.7406999736281743
3.22733595048666,156.4058063,84.5209869,68.60388894,-1.82770801000001,-48.55422633,30.13389404,-1.666423145149798,89.90616837360355,8.531851254574505,-5.304515304087845
3.07716749727483,155.6863485,83.60318224,68.95906479,-3.07514239,-50.05605738,30.47817453,-1.6824418583569452,99.82267539783372,10.128236304642229,-7.051068807367399
2.92750149873908,154.87652932,82.88078549,69.34952928,-4.37787717,-51.69121585,30.94913899,-1.6950500601501517,45.50639370225706,1.4463552549568792,1.481146243782201
2.78122739862085,154.12282286,82.17562727,69.72366691,-5.61382851000002,-53.11091685,31.29294905,-1.7073573928366537,80.14337598725385,6.997682843013273,-4.216455444392423
2.64066721896849,153.43302242,81.50131651,69.90113156,-6.80086488000001,-54.36082251,31.44180278,-1.7191263357802793,107.85551662821912,11.441449415349823,-8.800782196381332
2.50755070344223,152.8224303,81.20726002,70.5293074,-7.87826139999999,-55.32969272,31.74918771,-1.7242585897176368,62.928512896429645,4.257665243212948,-1.7501145397707178
2.38301118161782,152.12843241,80.73981412,70.47245148,-9.08517504000002,-56.54518358,31.80304731,-1.7324170597475852,73.45754322164666,5.9498364007601445,-3.5668252191423244
2.26759821811653,151.49259353,80.59944659,70.22114991,-10.19544885,-57.46884991,31.66282704,-1.734866935308977,110.01177492594884,11.800848954091883,-9.533250735975352
2.16130307632234,150.85162541,80.39919245,70.0633716,-11.34241931,-58.48023304,31.61008835,-1.7383620293927264,100.58905819901877,10.296606435422435,-8.135303359100094
2.06359321766638,150.50358699,80.6219542,70.11379768,-12.31887225,-59.07394278,31.53845798,-1.7344741034077222,29.584364056223222,-1.0679136181983377,3.131506835864718
1.97345236686058,149.91278689,80.63490363,69.69640424,-13.37318406,-59.76105511,31.17287723,-1.7342480932179658,81.045571584204,7.165663186452015,-5.192210819591435
1.88942301476885,149.37043161,80.81396773,69.21002859,-14.38765464,-60.32935054,30.76479194,-1.7311228351008452,113.4586221750533,12.348789301238021,-10.459366286469171
1.80964857954299,149.07529892,81.33497173,68.78483057,-15.32091054,-60.67902457,30.34079313,-1.7220295998847848,57.32340545694159,3.3588590283906825,-1.5492104488476925
1.73191281419307,148.55896083,81.65605128,68.12248526,-16.2800432,-61.03984871,29.70978611,-1.7164257045764628,68.53306881186904,5.1475321648051855,-3.4156193506121157
1.65367443376996,148.27847094,82.36347875,67.39084041,-17.15683141,-61.18128138,29.02896064,-1.7040787660059096,82.66231719420868,7.398120256188283,-5.744445822418323
1.57209530582903,147.81252276,82.89080039,66.55473928,-18.05358753,-61.33003494,28.21903173,-1.6948752671708935,79.61384483753608,6.903420148249098,-5.331324842420068
1.48406087312575,147.62655696,83.86560596,65.56823988,-18.84845477,-61.20650618,27.27870285,-1.6778617004076135,19.598190469576338,-2.7106205026004377,4.194681375726188
1.38619175629658,147.20617549,84.58170323,64.54539641,-19.63389915,-61.01369994,26.20059241,-1.6653634452815709,117.22900285293214,12.90291311144924,-11.516721355152661
1.27484573517131,146.86210779,85.48002253,63.45688159,-20.49790943,-61.02902399,25.27997081,-1.6496848157623598,150.4059055175655,18.203232173227825,-16.928386438056513
1.14610956164861,146.90215481,86.94427878,62.08678634,-21.14388309,-60.45301819,23.91065817,-1.6241287231069546,-12.6944830174458,-7.90275689190646,9.04886645355507
0.995783706130124,146.56689472,87.95620146,60.83850582,-21.90102769,-60.13822055,22.68387818,-1.6064673405653496,-4.909309243901205,-6.661748957279203,7.657532663409327
0.819371748987491,146.36435727,89.2341203,59.42480216,-22.59521488,-59.65454743,21.35447608,-1.584163449234083,185.43249241550708,23.789724097748362,-22.97035234876087
0.612088079340654,146.09785948,90.40425212,58.04642609,-23.14268715,-58.70019416,19.72143228,-1.5637407962927294,198.6292166144921,25.90082101241297,-25.288732933072314
0.368888808858138,146.47752087,92.58641174,56.18053397,-23.74900939,-58.02975136,18.12331951,-1.5256549261196608,-32.01736176015268,-10.99678792549406,11.365676734352197
0.0845267532815763,146.25848503,93.99036436,54.60764108,-24.37729461,-57.3295483,16.55900884,-1.50115133035866,19.40798623301765,-2.7604677147550443,2.8449944680366204
-0.246364531346446,146.26213634,95.75525721,52.82014797,-24.92847535,-56.41836147,14.84194246,-1.4703481391812538,68.06151575457386,5.039481711814452,-5.285846243160898
-0.629149878772283,146.37425534,97.68767617,50.96308891,-25.42542508,-55.36398913,12.9956745,-1.436621065801289,97.91829603642556,9.839776828944894,-10.468926707717177
-1.06902695093629,146.26151951,99.31406644,49.26123313,-25.83459553,-54.06689644,11.05418029,-1.4082352006673895,137.58653895615146,16.211368082372076,-17.280395033308366
-1.57080879492217,146.83287297,101.94601849,47.08422855,-26.28139826,-52.88023506,9.04472903,-1.3622989716402754,-52.64298916312082,-14.175535409696302,12.604726614774131
-2.13864891747966,146.71344287,103.66118847,45.28523775,-26.66619058,-51.51201419,7.02278503,-1.33236360825791,105.9826072985647,11.243566315387394,-13.382215232867054
-2.77570601754137,146.8919493,105.9027387,43.09857662,-27.09349184,-50.24006215,4.96340096,-1.2932411763955738,112.7561969642942,12.386029619596068,-15.161735637137438
-3.48377075610189,147.50111444,108.61554611,40.97482137,-27.42700695,-48.76531932,2.81263887999999,-1.245893755118574,-34.54301899406431,-11.099252209074827,7.615481452972936
-4.26293705116218,147.45089815,110.50550433,39.06253656,-27.73258874,-47.19352697,0.651243139999998,-1.2129077614544428,82.91057631767629,7.758257589955913,-12.021194641118093
-5.11141288584176,148.08468672,113.37198683,36.71336998,-28.06062936,-45.69097392,-1.54346191,-1.1628782038786445,28.9920935558774,-0.7588033302884183,-4.352609555553341
-6.02548116109765,148.23350113,115.58331257,34.6187129,-28.33009455,-44.01695136,-3.80095428,-1.1242832888815442,22.768535677255564,-1.660549291948083,-4.364931869149567
-6.99955446001099,148.76730441,118.29454001,32.42298396,-28.62457987,-42.46659163,-5.95223267,-1.0769634432831272,-30.846652493777786,-10.112936861607327,3.113382401596337
-8.02628692496377,149.14433944,120.79157491,30.31481935,-28.88574473,-40.82012185,-8.13683589,-1.03338196274092,-101.46509654646358,-21.28554231332505,13.259255388361279
-9.09674056132725,149.28552406,123.04035489,28.17885368,-29.08731826,-38.98044727,-10.47032929,-0.9941333479369876,75.7996703580666,7.198821127976611,-16.29556168930386
-10.2006066797456,149.59213094,125.41848507,26.03342404,-29.3308966,-37.34847345,-12.64720021,-0.9526271462549422,52.92896659704667,3.6767823838630322,-13.877389063608632
-11.3264737318398,150.29311575,128.22046989,24.01735332,-29.64982427,-35.97200843,-14.53022665,-0.9037232855550416,-83.43684544703133,-17.969434399559088,6.642960667719288
-12.4621296654431,150.43607419,130.34865587,22.04179909,-29.85495361,-34.25767084,-16.68769105,-0.8665794331092597,-73.40972818144937,-16.226815038701158,3.7646853732580574
-13.5948023840587,151.04461499,132.92252698,20.15295419,-30.17853431,-32.97100266,-18.45129664,-0.8216569077177985,-139.238313324247,-26.583908326521495,12.989105942462796
-14.7110900052931,151.12919221,134.85821991,18.31502995,-30.38908638,-31.3614429,-20.49351412,-0.7878726927817221,-10.877082139320038,-5.908396843758615,-8.802693161534485
-15.7964870930596,151.29848706,136.8268073,16.47592533,-30.61503017,-29.90146871,-22.44774447,-0.7535143612129802,-29.01509175943673,-8.66554575186143,-7.13094134119817
-16.8348176287718,152.06909988,139.30546286,14.877275,-31.03089692,-29.03546299,-23.82457555,-0.7102536606681166,-164.1335606203409,-30.095283265032492,13.260465636260694
-17.8079409239831,151.90281559,140.56484339,13.6584994,-31.36380797,-27.99829093,-25.2251405,-0.6882733238841056,-36.289625827063965,-9.541342838826063,-8.266598085157037
-18.695845608471,152.56310034,142.81228978,11.93257328,-31.64524943,-26.88908655,-26.96478864,-0.6490479846165451,-198.8491350815524,-35.369899708804155,16.674054100333155
-19.4771272923872,152.67096788,144.09495524,11.01140097,-31.96601176,-26.01090019,-28.1943716,-0.6266612491379373,-177.83826115278734,-31.90241060369744,12.425283311310242
-20.1298464413382,152.6115534,145.17979508,9.91276944,-32.22771295,-25.07445806,-29.42840113,-0.6077272220731289,-36.53649392311831,-9.203337280413301,-10.926509160924898
-20.6326895646879,152.95624419,146.60612891,8.77454354,-32.58366351,-24.47462341,-30.67706131,-0.5828330005070478,-192.4841374656871,-34.03376362375117,13.40107405906327
-20.9662352386278,152.97056696,147.33796169,8.37510417,-32.95713631,-24.08093307,-31.28423296,-0.5700601089220245,-152.5055121731056,-27.57421595038944,6.607980711761641
-21.1141245667416,152.86873518,148.01444971,7.58927336,-33.2222994,-23.46007921,-32.31701935,-0.558253165622727,-115.11781942846744,-21.533518706973332,0.4193941402317307
-21.0640364694748,152.84399552,148.62233608,6.8477889,-33.4842398,-22.95549014,-33.33498841,-0.5476435469882307,-115.2568942445753,-21.502682931293077,0.4386464618182764
-20.8084340683698,152.71651553,148.76319399,6.51976164,-33.86995277,-22.97188875,-33.83089649,-0.5451851126812529,-60.72683240491372,-12.765522278764852,-8.042911789604947
-20.3450669182304,152.74562406,149.24633711,5.96432499,-34.07591946,-22.53856826,-34.69174365,-0.5367526744788944,-90.26247035908818,-17.448721652958536,-2.896345265271865
-19.6772238592382,152.58655324,149.16399915,5.87956272,-34.46842115,-22.7250878,-34.9027592,-0.5381897429802702,-58.92068017381735,-12.441293792102673,-7.235930067135527
-18.8137406805206,152.67905001,149.35317228,5.62102982,-34.6653721,-22.53965032,-35.61752667,-0.5348880490054669,-90.39933384302978,-17.461192417320277,-1.3525482632003225
-17.7687753927632,152.6185434,149.22721368,5.62495633,-34.96351148,-22.77156935,-35.79041771,-0.5370864412966693,-124.29401014387165,-22.895454413962455,5.126679021199255
-16.5613715872287,152.58232317,148.94205742,5.76393711,-35.25153697,-23.06040643,-35.92785442,-0.5420633569163424,-72.32593980249335,-14.605669740302293,-1.9557018469264058
-15.2148370079516,152.55276053,148.57827599,6.00362872,-35.5247113,-23.39390209,-35.99903536,-0.5484125406274555,-67.15309805884861,-13.809935039852043,-1.4049019680995567
-13.7559699532903,152.52109106,148.11654545,6.34211065,-35.79242992,-23.80707937,-35.98176229,-0.5564712588074673,-115.38164165285968,-21.5668384037984,7.810868450508099
-12.2141703181801,152.48332531,147.54457939,6.77855475,-36.05929044,-24.29180641,-35.8854683,-0.5664539497641266,489.96514644835673,75.23896118613172,-87.45313150431181
-10.6204748655358,152.36176854,146.62994537,7.72577736,-36.3419646,-24.88661583,-35.74177219,-0.5824173248638781,316.36000860868154,47.38334068402041,-58.00381554955621
1.18086613803698,185.71476715,149.31817629,33.48325829,35.72667871,23.98909326,7.27923992,-0.535498844255962,-1144.2872399533353,-186.08634667484506,187.26721281288204
1.224725686716,184.92266961,146.95595462,33.6993326,34.56974431,21.26514297,7.02903191,-0.5767273900594208,-912.3843631111426,-149.18776561307556,150.41249129979155
1.28985237958968,184.08428914,144.53549025,34.00182975,33.37943163,18.48636339,6.91008659,-0.6189724627431309,-42.91967786979605,-10.278716012604509,11.568568392194189
1.3775669069245,183.19741757,142.05438654,34.44036208,32.14991242,15.63477582,6.97310137,-0.6622758915660777,-33.15555030656512,-8.920577660367812,10.298144567292312
1.48804004501463,182.25870942,139.50689257,35.03573275,30.87765752,12.70419889,7.23663995,-0.7067380490172794,-54.05303193916193,-12.466701731773089,13.954741776787719
1.62026862943205,181.30953,136.96285115,35.79148838,29.58747569,9.7559196,7.65567459,-0.7511399481033911,-16.863753459875852,-6.711138290820275,8.331406920252325
1.77208355634634,180.14768331,134.16859383,36.71726752,28.23438654,6.66930260000001,8.56881339,-0.7999089384853442,56.65430556292321,4.847008138895635,-3.0749245825492952
1.9402217710056,179.28337972,131.77469357,37.78629391,26.92316888,3.76344399000001,9.15237662000001,-0.8416903799866922,-11.069089300989,-6.156183777817409,8.09640554882301
2.12047044517396,178.23681728,129.15490035,39.03815096,25.54616359,0.712353229999991,10.0969184,-0.8874143973971166,-26.244336193324003,-8.758691236670941,10.879161681844902
2.30787086611879,177.14158915,126.52311478,40.41902069,24.15390478,-2.32892681000001,11.25546619,-0.933347720800092,33.68922312260825,0.6650087601747945,1.6428621059439954
2.49696383617417,176.08497231,123.9908379,41.89559019,22.77172514,-5.30322118000001,12.49760133,-0.9775442899282214,26.558430881499184,-0.625917712106463,3.122881548280633
2.68205718257971,174.99819809,121.46456102,43.46673774,21.3747632,-8.26143696,13.85232843,-1.0216361393012312,22.70612444853821,-1.382443590416396,4.064500772996106
2.85749629221158,173.89381807,118.97894405,45.07917433,19.97781105,-11.16193803,15.26430376,-1.0650183393711763,42.39734096724188,1.6397634113544761,1.217732880857104
3.01792024717928,172.78562618,116.53610377,46.72022692,18.5812922,-14.01193158,16.71469837,-1.1076539453575165,57.01794491257637,3.8623114197566606,-0.8443911725773807
3.15848888595807,171.71180667,114.20996907,48.37558053,17.17989983,-16.82013758,18.18731709,-1.148252654717407,51.63798843725411,2.8992313318588607,0.2592575540992095
3.27506960770877,170.62808107,111.93433528,50.02165509,15.79853127,-19.5229158,19.63999768,-1.187969956922544,55.09499175727397,3.3608367738082237,-0.08576716609945345
3.36437659569224,169.55112104,109.73685797,51.62374983,14.42338395,-22.15301665,21.06362976,-1.2263231712199123,68.31035258201278,5.395085838840856,-2.0307092431486162
3.4240596710035,168.50347127,107.64823784,53.17273278,13.0597913,-24.69930405,22.44402278,-1.2627764693118444,74.18531759445956,6.266388534349192,-2.8423288633456916
3.45274479877211,167.47749413,105.65513636,54.66390635,11.71557417,-27.14357305,23.76315049,-1.2975626524642163,75.26611971507391,6.380707536578918,-2.9279627378068085
3.45002999358125,166.48702639,103.78719096,56.08069333,10.38647105,-29.50321454,25.02745739,-1.3301644499416987,73.40410123994667,6.034073215277801,-2.584043221696551
3.41643893621981,165.51255326,102.00465785,57.43843467,9.07900332,-31.75370652,26.2165908,-1.361275521737013,79.18096304046385,6.917545597766663,-3.5011066615468533
3.35333558716351,164.57597033,100.3467186,58.69987803,7.78985996999998,-33.9112545,27.32984754,-1.3902120204475583,84.5317568093118,7.740696259123341,-4.387360671959831
3.26280706795908,163.67612454,98.80785284,59.87707763,6.51844341999998,-35.97304598,28.36805819,-1.4170702947057632,81.26858277470284,7.192313706990618,-3.9295066390315374
3.14752454543878,162.81628276,97.39057753,60.96353508,5.26786626000001,-37.93944683,29.3301147,-1.4418064152724868,78.01791926016932,6.651716182335054,-3.504191636896274
3.01059182900633,161.98462643,96.07668251,61.97864928,4.03985799,-39.80694618,30.21752646,-1.4647382093970431,77.70953179864203,6.586564174169395,-3.5759723451630654
2.85539044748579,161.18862782,94.88144621,62.89115479,2.83015394,-41.58153529,31.01974524,-1.4855990181713985,76.87106689934441,6.440698028008213,-3.585307580522423
2.68542876634885,160.42413138,93.790755,63.72287224,1.64300657000001,-43.25633923,31.73933586,-1.5046351709084589,76.21270078022046,6.3268966888700415,-3.6414679225211914
2.5042013867913,159.69269685,92.81275366,64.45677549,0.474741480000006,-44.84187391,32.37589823,-1.5217045143803754,64.27488955200955,4.411066323219857,-1.906864936428557
2.31506375380878,158.99146504,91.9414941,65.10794969,-0.671636489999997,-46.33144655,32.93072345,-1.5369108623418526,74.71846157573792,6.078329309739064,-3.7632655559302837
2.12112566565369,158.31557865,91.1123291,65.59501748,-1.83374169000001,-47.7835994,33.38411895,-1.5513825216341517,93.65600303552934,9.106068524625378,-6.984942858971689
1.92516625125645,157.68159763,90.52033845,66.14091849,-2.90115259000001,-49.03186004,33.80764067,-1.5617147076176725,68.10120628708339,5.0164354831390225,-3.0912692318825723
1.72957195914546,157.06452753,89.94851391,66.52183313,-3.98815009,-50.25590254,34.09815757,-1.5716949285843749,60.64669212165308,3.823473113470751,-2.093901154325291
1.53629815453954,156.48231386,89.48937397,66.81613295,-5.04286402,-51.3584127,34.29339894,-1.579708432264784,49.89953403718772,2.10415895573876,-0.5678608011992201
1.34685402270171,155.93871211,89.13217867,67.03933828,-6.06812954,-52.34945578,34.38654706,-1.5859426663224323,34.35256692075006,-0.3829148354669787,1.7297688581686887
1.16230961317469,155.3374658,88.74431276,67.11806316,-7.14557452,-53.42083411,34.46272375,-1.5927122035081769,66.89462003261148,4.82455124731604,-3.66224163414135
0.983323040148538,154.77483519,88.51266914,67.15845569,-8.17178521,-54.35427395,34.49197979,-1.5967551473684154,81.1610286048814,7.1077456150067855,-6.124422574858247
0.810185108315829,154.24631248,88.38252949,67.10396293,-9.15722608000002,-55.13157093,34.37992617,-1.5990265127483083,67.91172112619037,4.988218238183448,-4.178033129867619
0.642877995522064,153.82633103,88.35817805,67.08953636,-10.07807911,-55.75035068,34.15684683,-1.59945152555391,54.28611717010811,2.808192676056131,-2.165314680534067
0.481144108434589,153.36237726,88.40985172,66.83897177,-11.00984447,-56.33045034,33.78914473,-1.5985496498758212,69.82383927748748,5.294078665057625,-4.812934556623036
0.324560831336935,152.8945919,88.5147235,66.54212539,-11.92412898,-56.83995377,33.39467255,-1.596719292022394,51.79852905784043,2.409740218989815,-2.08517938765288
0.172616623719745,152.53725289,88.83723508,66.12913442,-12.72847434,-57.02389356,32.74203907,-1.591090403075585,-2.1107244028728545,-6.2165051083916625,6.389121732111407
0.0247838387769752,152.0317773,88.96805266,65.72005461,-13.66330671,-57.53178198,32.28631184,-1.588807205585094,44.40616083107862,1.2259394189506043,-1.2011555801736291
-0.119416213006364,151.5628948,89.25252488,65.20442034,-14.53228876,-57.817922,31.69274437,-1.5838422287156362,70.7043910463745,5.433202935260524,-5.552619148266888
-0.260360022482627,151.20169838,89.67581038,64.67339411,-15.32582467,-57.93781083,30.97128903,-1.576454503064686,46.445445417016,1.5513653904500249,-1.8117254129326519
-0.398283887467736,150.76886841,90.072921,63.93231266,-16.07236511,-57.80472896,30.0326773,-1.56952361525105,47.5579444621732,1.7292758761434106,-2.1275597636111465
-0.533263633091148,150.45452928,90.6496809,63.35539256,-16.86563289,-57.93202889,29.28749999,-1.5594572560025763,63.40147268910412,4.264613635314196,-4.797877268405344
-0.665212438036648,150.03721206,91.16580407,62.50878981,-17.58799385,-57.67512329,28.22529048,-1.5504492073402465,55.56761470141503,3.0120354857279965,-3.6772479237646447
-0.793894201059183,149.83065699,91.9868151,61.73879606,-18.28007587,-57.47950287,27.15868342,-1.5361198616715563,-13.452976930417028,-8.028941438832515,7.2350472377733315
-0.918949189574595,149.42564829,92.57706612,60.82449655,-18.98126258,-57.16338931,26.03522419,-1.5258180379593012,42.10188465014086,0.8622482979862278,-1.781197487560823
-1.03993054669908,149.03679453,93.24686942,59.98812329,-19.79694451,-57.24620847,25.15011241,-1.514127765033578,88.58450732555534,8.302959943891633,-9.342890490590714
-1.15635054061198,148.8578766,94.2295542,58.95541036,-20.38171615,-56.65835804,23.75441056,-1.496976680113342,25.122140098845502,-1.84444379791963,0.6880932573076499
-1.26773384064018,148.52646589,95.01447558,57.89324529,-20.98609009,-56.03575523,22.39476156,-1.4832772176630442,28.6324108676328,-1.2763094237872803,0.008575583147100385
-1.37367402704221,148.30584441,96.02598154,56.80348623,-21.66097187,-55.70490765,21.1051199,-1.4656231082574982,64.13332764171331,4.413822990161927,-5.787497017204137
-1.47388914308338,148.02477675,96.94613337,55.64785744,-22.21048784,-54.90822293,19.60474402,-1.449563429205747,54.90208575104072,2.9474912240985685,-4.421380367181948
-1.56827185913048,147.93507529,98.18986578,54.39525233,-22.79328387,-54.31669531,18.06123579,-1.4278562036374831,43.799184186454895,1.187836985051896,-2.756108844182376
-1.65692976430322,147.67968745,99.19235694,53.18309369,-23.31917708,-53.44821036,16.49230258,-1.410359432173346,42.254812144539855,0.956283349848408,-2.6132131141516277
-1.740211438106,147.6749676,100.60470086,51.78897279,-23.85057568,-52.69438352,14.78267199,-1.3857093805988223,-30.48250176264755,-10.65677137238933,8.91655993428333
-1.81871427599179,147.44033867,101.68068275,50.53092852,-24.36118345,-51.77134289,13.16364534,-1.3669299539264907,56.868303873163214,3.3406968069113976,-5.159411082903188
-1.89327054194938,147.23223435,102.84488407,49.19272313,-24.86821501,-50.86277438,11.50849866,-1.3466108077364267,105.03122134197795,11.072139477070293,-12.965410019019673
-1.96490879964746,147.36141219,104.49483994,47.59791837,-25.37091277,-50.02997099,9.64168272999999,-1.3178136452923193,84.07636026489973,7.759376950561007,-9.724285750208468
-2.03478874610863,147.1728485,105.68685185,46.28527871,-25.8575994,-49.03962465,7.95871398,-1.297009112739833,77.04123650141392,6.66560539000583,-8.70039413611446
-2.10410950512714,147.67095658,107.79071919,44.67975632,-26.24881901,-47.91981993,5.91180473999999,-1.2602897006316578,-143.04969178626337,-28.48676260009171,26.382653094964567
-2.17400481833984,147.45145157,108.9702334,43.31883896,-26.73669261,-46.95115106,4.23191009,-1.239703294093098,19.19508049888385,-2.4894301425816527,0.3154253242418128
-2.24546044914332,147.28078008,110.26698408,41.85081855,-27.21283031,-45.94807068,2.46700395,-1.217070725149623,143.77669821420417,17.48831018251336,-19.73377063165668
-2.31927934212326,147.76371373,112.36359466,40.15735208,-27.67319493,-45.01742985,0.521107649999998,-1.1804779673964747,-104.55537826537852,-22.166613823887868,19.84733448176461
-2.39608064734366,147.56401972,113.56702877,38.79437937,-28.14798555,-44.04475832,-1.16371562,-1.1594740798461671,42.23396767727871,1.3678682160116864,-3.7639488633553464
-2.47630783997837,147.60087136,115.15789773,37.09451772,-28.58435763,-42.9585162,-3.14225097,-1.1317081785263892,94.65227362447814,9.822142457598392,-12.298450297576762
-2.56023901014836,148.01794302,117.10905627,35.62933992,-29.05851096,-42.08524392,-4.87465085,-1.0976540377749835,-176.9906053496384,-33.55252469688048,30.99228568673212
-2.64800174555671,147.95102675,118.49451838,34.13755579,-29.50000968,-41.05352562,-6.68406419,-1.0734731622938558,-16.407506940112615,-7.792914136420547,5.144912390863837
-2.73959563828584,147.75130326,119.6370023,32.84039604,-30.02115191,-40.26424786,-8.25614371,-1.053533056238764,159.21436583155142,20.36354509577636,-23.1031407340622
-2.83492523890972,148.27207459,121.73713094,31.1576156,-30.46847965,-39.32635185,-10.18941561,-1.0168788967553335,-40.53221057005673,-11.4859196145289,8.65099437561918
-2.93384413566958,148.2214227,123.07717945,29.75066497,-30.90316456,-38.31613894,-11.94746537,-0.9934906381193894,-105.66390319583174,-21.833289127177736,18.899444991508155
-3.03620868321674,148.51533005,124.74751104,28.47464949,-31.40183979,-37.57234867,-13.49805116,-0.9643378522738172,-79.24463090625223,-17.51057053005195,14.47436184683521
-3.14193985308953,148.34613034,125.91194703,27.12980251,-31.87571303,-36.68997513,-15.16354439,-0.944014610319598,33.20126397033833,0.5498764255048236,-3.6918162785943536
-3.25109232298119,148.41390356,127.30385285,25.61736318,-32.3327358,-35.83537008,-17.00756264,-0.919721270882926,22.59117531867023,-1.062556397979269,-2.188535925001921
-3.36392719854684,148.77221004,128.93694384,24.44227632,-32.85804119,-35.24704521,-18.44790924,-0.8912184561227725,-150.82125024630687,-28.705087958279684,25.341160759732844
-3.48095625014016,148.59780838,129.98963256,23.2210803,-33.33451271,-34.45259263,-19.99679783,-0.8728455719601679,-0.7403843766562446,-4.623486653821027,1.1425304036808672
-3.60288682002404,148.50154058,131.09779854,21.93798704,-33.81733735,-33.72312569,-21.61074137,-0.8535044269505778,59.49597909251531,5.088255393426272,-8.691142213450313
-3.73044421602641,148.96942788,132.67117018,20.79943283,-34.35410186,-33.28377437,-23.05473266,-0.8260439114750753,-124.57503607870784,-24.255309496061503,20.524865280035094
-3.86415220068245,148.83463726,133.59954009,19.68634823,-34.8438892,-32.61984893,-24.55551269,-0.8098407998691316,-58.70924051625588,-13.651641576675367,9.787489375992916
-4.00415909512201,148.82321344,134.63894542,18.53776537,-35.34697023,-32.05545584,-26.06880167,-0.7916997545978535,-25.331008886416704,-8.23686724856245,4.2327081534404405
-4.15013171068285,149.04049788,135.76490247,17.67283562,-35.93039054,-31.81758131,-27.23736177,-0.772048096839311,-124.4723897747435,-24.01749463738562,19.86736292670277
-4.30120911505724,148.81352369,136.46158467,16.76305404,-36.45882426,-31.37201268,-28.44109747,-0.7598886986092733,-53.03979500455469,-12.53675090238322,8.23554178732598
-4.45600658103682,148.69190435,137.21709059,15.76080368,-36.98419903,-30.96688977,-29.81045657,-0.7467026327869647,58.08350332750511,5.299532750375356,-9.755539331412177
-4.61265929636682,148.62539231,137.98032828,14.79087067,-37.51923014,-30.63575553,-31.142215,-0.7333816221211487,-54.864227814237495,-12.714264457405406,8.101605161038586
-4.76889535488061,149.00948774,139.00207267,14.1124773,-38.11101691,-30.64197019,-32.12810897,-0.7155488184018679,-179.00270468714453,-32.49789930473678,27.729003949856168
-4.92213135440483,148.69069601,139.18472302,13.60070286,-38.75558808,-30.73913815,-32.84376044,-0.7123609684144477,3.1461985774861034,-3.3399080635419787,-1.5822232908628515
-5.06959016357249,148.51453338,139.7614448,12.75802601,-39.28865065,-30.49450925,-34.02880914,-0.7022952744854856,-24.44761223084568,-7.709930444518406,2.6403402809459164
-5.20843401649311,148.51474019,140.40714415,11.81408511,-39.81449868,-30.25902142,-35.48458231,-0.6910256948499982,-30.73419394874932,-8.664959144449197,3.4565251279560867
-5.3358910867106,148.22131346,140.38074243,11.50738452,-40.49114295,-30.59682902,-35.95518218,-0.6914864917921878,67.15621347155864,6.99541853054065,-12.33130961725125
-5.44935573518341,148.71532209,141.45347132,10.8573449,-40.94841432,-30.47277698,-37.02821459,-0.6727638406804236,-146.81597792171485,-27.15467829511823,21.70532255993482
-5.54645783397806,148.39807014,141.38481682,10.55474546,-41.61085518,-30.81796492,-37.52086005,-0.6739620877517342,-154.36804202970112,-28.368516373618785,22.822058539640725
-5.62510465900158,148.34590809,141.6586049,9.95665988,-42.19568601,-30.97292141,-38.62537824,-0.6691835843030205,-67.80037610122692,-14.495693808545399,8.870589149543818
-5.68349999157683,148.01500667,141.50442748,9.78165491,-42.85233868,-31.28910924,-38.95913768,-0.6718744879142506,44.77544108487219,3.5040401160999375,-9.187540107676767
-5.72014542334565,147.78142503,141.47527094,9.49788877,-43.45071504,-31.70382624,-39.39677189,-0.6723833655357401,77.35998249204012,8.715225350860278,-14.435370774205929
-5.73382918619054,147.87982071,141.88058252,8.8438571,-44.00990146,-31.95782779,-40.61152944,-0.6653093439682799,-50.920185130451934,-11.77696850409834,6.0431393179078
-5.72360794328702,147.64730022,141.73517703,8.70705018,-44.58356772,-32.326196,-40.88447165,-0.6678471485192556,-26.95041088754513,-7.953532676148767,2.229924732861747
-5.688786703313,147.80055032,141.96498639,8.39043168,-45.12158917,-32.71949769,-41.62226979,-0.6638362185353543,-67.91549452803247,-14.489399469962978,8.800612766649976
-5.62890132280663,147.57974612,141.84066864,8.25876537,-45.66528991,-33.06811367,-41.87509345,-0.6660059725915257,11.664743994755922,-1.7666015309061,-3.86229979190053
-5.54370703664307,147.39660481,141.66026314,8.15366087,-46.22984362,-33.54841676,-42.13210922,-0.669154642555232,69.38999754933283,7.45489945209791,-12.99860648874098
-5.43317520601411,147.85695211,142.01299431,8.4207996,-46.78975565,-34.25859562,-42.19263325,-0.6629983222643202,-132.65834699508483,-24.844374052652217,19.411198846638108
-5.29749906229346,147.63398429,141.75311529,8.36508787,-47.32327115,-34.71421796,-42.38230776,-0.6675340668201765,-65.42530238451415,-14.108069726168166,8.810570663874707
-5.13710779366039,147.43700818,141.42524364,8.34686819,-47.87828175,-35.30877129,-42.53368174,-0.6732565066366232,62.09536776069169,6.268871805395278,-11.40597959905567
-4.95268713559986,147.53569498,141.47110807,8.19658809,-48.34801917,-35.82676582,-42.87285107,-0.6724560213235723,7.181022816974414,-2.5137424154197685,-2.438944720180092
-4.74520389636613,147.36569605,141.19327322,8.18332617,-48.8503381,-36.32741883,-42.98987709,-0.677305154232857,-4.07089146848838,-4.336311027170104,-0.4088928691960261
-4.51593154254735,147.53223785,141.23024508,8.13441331,-49.34718153,-37.02381074,-43.04543486,-0.6766598735452707,-75.15779410971368,-15.70725795851442,11.191326415967069
-4.26647389907255,147.38031335,140.93797831,8.15057884,-49.81638788,-37.52816865,-43.10853994,-0.6817608909759396,-1.2788760467641325,-3.9099684305770075,-0.35650546849554265
-3.99878403830842,147.24311909,140.55875965,8.23437599,-50.32495332,-38.22067295,-43.04357982,-0.6883795051779404,80.79210439824291,9.191251808412055,-13.190035846720475
-3.71517549889716,147.51604439,140.67535598,8.29281128,-50.79751697,-39.04273357,-42.71735001,-0.6863445153236987,49.347170490180446,4.1693109715629575,-7.884486470460118
-3.41832308465577,147.39061829,140.35017888,8.35605541,-51.23119501,-39.57799023,-42.70370591,-0.6920199263707859,24.2858865317086,0.13375063765277106,-3.552073722308541
-3.11125067479311,147.87381813,140.69547211,8.41069051,-51.58111915,-40.15933104,-42.44605915,-0.6859934226224397,-158.9697579368843,-29.159800374559133,26.048549699766024
-2.79730380216665,147.70823948,140.28074599,8.53437735,-52.03265805,-40.82420677,-42.29901842,-0.6932317589104605,-149.56516470892467,-27.687901203143177,24.890597400976528
-2.48010531361738,147.64248043,139.80475862,8.89525014,-52.59638021,-42.00196972,-41.43632717,-0.7015393057148691,6.422036721149826,-2.7673923116646906,0.2872869980473105
-2.16349325849233,147.55130929,139.35436783,9.12135381,-53.06025179,-42.77912134,-41.06995897,-0.7094001079210276,161.5404411748478,22.016363723321778,-24.17985698181411
-1.85144124694093,147.51028306,138.95084069,9.40994117,-53.5310026,-43.73486662,-40.37039897,-0.7164429851351836,132.91475331548952,17.40492735666799,-19.25636860360892
-1.54796284429173,147.9762802,139.35354822,9.43229369,-53.73549972,-44.10580704,-40.00011414,-0.7094144128141099,-187.7319602143457,-33.8672843193555,32.31932147506377
-1.2570030571245,147.81930108,138.8584682,9.64824499,-54.14783659,-44.85150752,-39.64964151,-0.7180551892239491,-159.7033983613172,-29.421121017198647,28.164117960074147
-0.982321471939431,147.69066094,138.27710371,10.09778521,-54.66489011,-46.08591567,-38.34050882,-0.7282019137286267,122.41111229490453,15.672469388581398,-16.65479086052083
-0.727372890353469,147.59510011,137.85106264,10.28634287,-55.01935614,-46.72277756,-38.01611431,-0.7356377331488463,59.71792388684727,5.609034379193783,-6.336407269547252
-0.495192122570747,147.88216699,137.90202321,10.41517663,-55.31052253,-47.47985244,-36.91206309,-0.7347483034136532,-150.2658882236596,-27.984496574392033,27.489304451821287
-0.288290045535571,147.66235968,137.18581558,10.79326149,-55.81620659,-48.60610084,-36.02532424,-0.7472484846850588,31.85653141490774,1.1008622029890835,-1.3891522485246546
-0.108568852369147,147.53983734,136.66598259,11.03685314,-56.20296074,-49.5154917,-35.07816014,-0.7563212819210455,87.10967094636368,9.902395456779129,-10.010964309148276
0.0427350125371627,147.72064526,136.703093,10.89440289,-56.37733648,-49.97013667,-34.37263116,-0.7556735830797805,-133.55911491268913,-25.40183928556516,25.44457429810232
0.165074158065093,147.48029659,135.92904362,11.22345081,-56.85563627,-51.08911476,-33.44733418,-0.7691832933338015,-44.90560948580913,-11.274723780228278,11.43979793829337
0.258578467496303,147.33839654,135.45513306,11.21969941,-57.17489465,-51.95615424,-32.40053312,-0.7774545929657711,15.25086851816293,-1.6844903988358362,1.9430688663321392
0.324010193111068,147.19862098,134.93481446,11.15101548,-57.49960314,-52.78880461,-31.55062518,-0.7865358656951384,-61.82044349692162,-14.053786465830331,14.3777966589414
0.362689705650915,146.99730103,134.29455416,11.0899144,-57.85548134,-53.71277572,-30.67306665,-0.7977105159999455,-58.34083816307234,-13.543197692496086,13.905887398147001
0.376397935454643,146.75515271,133.58638025,10.96386765,-58.21286223,-54.66156623,-29.79206413,-0.8100704824061675,-32.75702531581936,-9.500218378599499,9.876616314054141
0.367263775959897,146.46703544,132.79970688,10.77502639,-58.57563525,-55.63718135,-28.91888662,-0.823800522850427,-44.8526561963114,-11.490777033274808,11.858040809234705
0.337646039899342,146.313596,132.05026211,10.93644825,-58.87091088,-56.44275738,-28.4154797,-0.8368808016487785,2963.0816535314943,469.72682615963686,-469.3891801197375
0.290019728047954,145.74854207,131.04787281,10.09246065,-59.24000729,-57.43592937,-27.34453737,-0.8543757953205398,2734.678664494372,433.11411873067266,-432.8240990026247
1.3308910937234,185.66542495,147.49135128,37.8176921,34.83007212,22.11535117,9.61334025,-0.5673829555382401,-3609.018661711125,-580.603056110559,581.9339472042824
1.34551391322543,184.8352039,144.96459332,38.00654042,33.51132411,19.06756379,9.13646372,-0.6114832013412153,-3387.639566989084,-545.3979360097807,546.7434499230061
1.375915684014,183.8590996,142.2542867,38.21890566,32.11415868,15.81332372,9.01875908,-0.6587869755988142,-111.37625588186316,-21.41969069420234,22.79560637821634
1.42691881321547,182.83511876,139.47156886,38.59014585,30.68333079,12.49640985,9.07676048,-0.7073545640607991,-48.52251638124638,-11.58457535399338,13.01149416720885
1.50214720922352,181.56712983,136.37908318,39.13916207,29.17330548,8.96933807000002,9.70503762,-0.7613286212475745,56.13224791304887,4.924642514614023,-3.4224953053905027
1.60368949912214,180.61467449,133.70053086,39.81591316,27.74004683,5.73205914000003,9.80165713,-0.8080781784185076,-37.03982069945155,-10.17738049061251,11.78106998973465
1.73188280210341,179.49250441,130.82549375,40.58164868,26.23595734,2.32217108,10.30082362,-0.85825704210503,-39.994492080808186,-10.84853967182872,12.58042247393213
1.8852438519303,178.14685066,127.71727032,41.54653167,24.69161893,-1.15581441,11.34301005,-0.9125057748461612,77.31149550008975,7.718528971396145,-5.833285119465845
2.06054430162405,177.13239126,125.04275276,42.67363099,23.23267418,-4.359632,11.92504436,-0.9591849121705662,6.17200085250893,-3.8265759667689325,5.887120268392982
2.25301519689619,175.94254097,122.17697202,43.95451413,21.70642258,-7.70347971,12.92865983,-1.009202221723806,-42.57151609994168,-11.788317313303171,14.04133251019936
2.45665606161425,174.68498425,119.29537473,45.34470508,20.19036642,-10.96092431,14.12048043,-1.0594955821508516,60.54328136346996,4.558925417794837,-2.1022693561805874
2.66461735648834,173.33907041,116.3927569,46.6542313,18.71899009,-14.04217418,15.39320452,-1.1101558202114448,111.76002585911108,12.614488520559249,-9.94987116407091
2.86962175572558,172.29753227,113.89488415,48.30685743,17.21922876,-17.15964142,16.60477816,-1.15375192399479,33.27249609309959,-0.05242656624639963,2.9220483219719795
3.06438982472818,171.09889276,111.24887956,50.00535893,15.71866494,-20.22762197,18.05380327,-1.1999334161131725,26.131699624716376,-1.299176005520592,4.363565830248772
3.24204051903809,169.88591536,108.68503093,51.61405033,14.23290796,-23.18761282,19.46375026,-1.2446810162294184,73.83866029842423,6.24409687702431,-3.00205635798622
3.3964454958564,168.71823836,106.25472583,53.20008913,12.7690438,-26.03336067,20.85215324,-1.2870978420524286,74.57173349085346,6.2865199482243375,-2.8900744523679376
3.52252043987428,167.5524037,103.89824207,54.75244744,11.32222538,-28.77518369,22.19994259,-1.3282262424342044,159.07644642340512,19.74437517964311,-16.22185473976883
3.61643590923436,166.42944563,101.68783666,56.23376693,9.88921855999999,-31.42874669,23.50707786,-1.3668050946425994,32.506535661573906,-0.5570374235761832,4.173473332810543
3.67573626107086,165.70490767,100.02289411,57.27868385,8.56278798,-33.74296505,24.58261901,-1.39586382399665,-86.55278176061154,-19.63870621792421,23.31444247899507
3.6993681271321,164.03795786,97.30719622,58.77601087,7.13100826000002,-36.22472533,25.62066161,-1.4432616936666127,179.10507348376512,22.82456632005204,-19.12519819291994
3.68762935995952,163.15168528,95.65163524,60.06259956,5.72231383000002,-38.68538889,26.86276008,-1.4721566837351563,185.6984753575186,23.860338421714186,-20.172709061754666
3.6420533102137,162.20402415,93.95275226,61.35001664,4.37334525,-40.92393363,27.96168111,-1.5018077853422496,45.03581104801313,1.3397169102300532,2.3023363999836466
3.56524464840454,161.25321866,92.34435026,62.46985715,3.03743278000002,-43.06921302,28.94890851,-1.5298796959379113,91.77601988640926,8.809084556967393,-5.243839908562853
3.46068282176945,160.33479749,90.85634449,63.47566907,1.72905054,-45.09093757,29.834227,-1.555850295913085,93.7224477201526,9.11624837148594,-5.655565549716489
3.332508037998,159.49786926,89.56290314,64.30507118,0.436947040000007,-47.00292734,30.61216169,-1.5784251061520251,81.90739946087211,7.225355015836688,-3.892846977838688
3.18530278192368,158.63475509,88.29692679,65.20434192,-0.822661900000014,-48.83709073,31.38610472,-1.6005205617119054,92.88712092283546,8.98453673502178,-5.799233953098101
3.02387962200617,157.94586386,87.25075085,65.72021141,-2.01914825,-50.4093322,31.86531259,-1.6187797764200518,75.72897579670723,6.243403918431229,-3.2195242964250586
2.85308369804167,157.10959352,86.26971309,66.46274778,-3.29233636000001,-52.18457129,32.58343082,-1.635902115418442,63.10766221750308,4.229683518792688,-1.3765998207510175
2.67761597990972,156.43983799,85.37249363,66.88515435,-4.44053421999999,-53.56763703,32.93320539,-1.6515615491084077,67.99759656138215,5.0187827095233395,-2.3411667296136196
2.50188126290029,155.65982587,84.60407966,67.54571792,-5.65098242000002,-55.11265366,33.51723424,-1.6649729029032283,84.59107007861677,7.680627474605657,-5.178746211705367
2.32986297504309,155.01803154,83.88383394,67.81855635,-6.76073264999999,-56.29666968,33.70104006,-1.6775435621406254,87.41813869302506,8.140371609270254,-5.810508634227164
2.16502524896631,154.39497525,83.42311736,68.4804385,-7.82446492999998,-57.40021977,34.07706895,-1.6855845833801533,65.824314322116,4.690586225205961,-2.525560976239651
2.01024138694329,153.76773997,82.89604329,68.55433444,-8.93067299999998,-58.50148499,34.12600942,-1.6947837613035406,87.13879001960967,8.107344811749918,-6.097103424806628
1.86774684903998,153.1642265,82.6193006,68.56569063,-10.01474326,-59.53632865,34.16537484,-1.6996138324248664,128.87013603356533,14.78794055196381,-12.92019370292383
1.73911422549272,152.60824332,82.40752113,68.60314933,-11.06241753,-60.45458731,34.17339554,-1.7033100814644948,117.3246346786283,12.943492138875083,-11.204377913382363
1.62524727627374,152.32729791,82.55385533,68.85599592,-11.98148138,-61.04478035,34.13796101,-1.700756067866223,26.07191162586009,-1.658908757498847,3.284156033772587
1.52639094899617,151.82655758,82.59121961,68.4696471,-12.89072158,-61.48059066,33.6628435,-1.7001039381575862,71.70758012048583,5.642302509446566,-4.115911560450396
1.442154231931,151.31203189,82.63779111,68.16248289,-13.87020183,-62.11351419,33.34999992,-1.6992911121449936,117.52661814231402,12.972734225027292,-11.530579993096293
1.37154270290607,151.20618008,83.18577226,68.10004189,-14.74527505,-62.5400823,33.09840216,-1.689727036838629,44.94165053487986,1.3521999627512002,0.01934274015486981
1.31299766924134,150.73062652,83.39510481,67.58566202,-15.65164221,-62.9160617,32.53422292,-1.6860734946095328,84.90708462896457,7.744159441271678,-6.431161772030338
1.26443885924964,150.55818428,84.0378216,67.15034205,-16.4950255,-63.14494584,31.99144528,-1.6748559704661838,37.21799263613601,0.1066856285648301,1.15775323068481
1.22330775708511,150.29431778,84.63890027,66.52194198,-17.32224632,-63.28471755,31.26849062,-1.6643651686111756,-14.602480446379571,-8.19067556895987,9.41398332604498
1.18660892234203,149.88608405,85.10311433,65.8424394,-18.16727051,-63.43882329,30.53410067,-1.656263104830125,128.01778354940342,14.62430773491885,-13.43769881257682
1.15094702880277,149.5912412,85.79902968,65.08016658,-18.95250179,-63.43157726,29.69639296,-1.6441170906574565,113.64622412569192,12.319194027890441,-11.168246999087671
1.11255786698255,149.56592963,86.90189493,64.15463275,-19.59491934,-63.0218139,28.5374265,-1.624868460839126,-26.756197629704825,-10.152397755651567,11.264955622634117
1.06733212484232,149.19667592,87.61030399,63.1916054,-20.29057665,-62.70709674,27.42560028,-1.6125043902911678,67.9655959495351,4.999608924507711,-3.9322767996653907
1.01083133116499,148.95641276,88.54737381,62.23486593,-21.06202737,-62.61715057,26.45084833,-1.596149436611097,111.56338310294834,11.972030968969563,-10.961199637804572
0.938297489412932,148.91258504,89.81099248,61.08638648,-21.66720114,-62.05950632,25.10980261,-1.5740951303299258,41.61931158394916,0.779121846790856,0.15917564262207595
0.84466339064608,148.66708011,90.83206379,59.89948014,-22.21285031,-61.29207709,23.66253443,-1.5562740740727738,57.522685405606566,3.3242496877231797,-2.4795862970770997
0.724574216203453,148.63977366,92.25014206,58.62248415,-22.85002169,-60.79397589,22.30261169,-1.5315239392102888,144.23952113458816,17.202857220823947,-16.478283004620494
0.572427350767089,148.45667762,93.44633448,57.31204238,-23.32458705,-59.81233094,20.68727216,-1.5106464429938895,121.78697906372938,13.61655038858951,-13.04412303782242
0.382432663060496,148.85597629,95.51572322,55.73313202,-23.75462265,-58.72982718,18.82808664,-1.474528795977193,-55.97571805908918,-14.808889658657781,15.191322321718278
0.148696292031668,148.62566557,96.75839316,54.3409185,-24.24283189,-57.75967117,17.19243488,-1.4528401140086329,-23.27518556048957,-9.563170912959373,9.71186720499104
-0.134666509000726,148.6382703,98.46058714,52.72830165,-24.75932016,-56.885984,15.53241786,-1.4231312245500063,120.64345679112076,13.48694333250237,-13.621609841503096
-0.473383276222353,148.5302213,99.93709485,51.2045053,-25.13066772,-55.58869929,13.66565222,-1.3973613035794246,99.9866106838132,10.206070597696048,-10.679453873918401
-0.872835363672794,148.80287615,102.09668715,49.32358678,-25.51860109,-54.33858129,11.68526804,-1.3596693074437074,-51.07764349958632,-13.921859649090948,13.049024285418154
-1.33782366655978,148.73503208,103.68867762,47.73058257,-25.85195322,-52.92642153,9.72532494,-1.3318838320818351,104.64737980623306,11.030596857716521,-12.368420524276301
-1.87228656256824,148.71186622,105.44013382,45.99836875,-26.18234036,-51.50372056,7.72455528,-1.3013151546873671,174.29077647368229,22.218738408189033,-24.091024970757275
-2.47897043703289,149.20275624,108.03984571,43.77069204,-26.46667438,-49.94463542,5.47193715,-1.2559416226036224,59.11574689767098,3.867572166221458,-6.346542603254348
-3.15907033177438,149.18667519,109.78219308,42.09624256,-26.7649111,-48.43601742,3.42892056999999,-1.2255319242836586,63.35478513161963,4.603767943045856,-7.762838274820236
-3.91190351808221,149.96830604,112.72972208,39.82287213,-26.9858531,-46.726724,1.05414898,-1.1740878384356426,-35.62431853351357,-11.123237095826404,7.211333577744194
-4.7347005942807,149.90751631,114.48724852,38.06196498,-27.27251399,-45.18702028,-1.01046456,-1.1434132153667882,-30.92511377029705,-10.299133021526174,5.564432427245474
-5.62254204384062,150.47744799,117.21548614,35.74248091,-27.5064191,-43.51102697,-3.33434518,-1.095796486121014,17.102081659894264,-2.492708566012921,-3.1298334778276993
-6.56840293599168,150.43651524,119.01511611,33.95889115,-27.77590008,-41.94659376,-5.41982502,-1.0643870178269474,7.802532818285091,-3.893606364747485,-2.674796571244195
-7.56327161075612,151.04948641,121.79923791,31.58010896,-27.99747527,-40.25639813,-7.78035872,-1.0157949256403962,-6.091495795434909,-5.972049574676908,-1.5912220360792118
-8.59633814328091,151.01284096,123.58768892,29.81955756,-28.26530448,-38.72381945,-9.83194952,-0.9845805670052782,-12.381831716559155,-6.8793690279034365,-1.7169691153774735
-9.65525553199385,151.63788678,126.34808798,27.43260555,-28.49332488,-37.09236747,-12.16753979,-0.9364025147393218,-20.792320309175327,-8.06270626795013,-1.5925492640437202
-10.7264684513267,151.60323138,128.08931906,25.72864867,-28.76414396,-35.62393643,-14.14809727,-0.9060122993552648,56.32410497640636,4.384002592684965,-15.110471044011664
-11.7955972828011,152.24266646,130.77780683,23.40709719,-29.00941079,-34.09980414,-16.4075233,-0.8590893358691649,-93.79026597889472,-19.45906136895097,7.663464086149869
-12.8478546620947,152.57759859,132.91366255,21.62496161,-29.29332221,-32.74816849,-18.29881503,-0.8218116212076109,-157.98240598041255,-29.583582624139353,16.735727962044653
-13.8683975936207,152.61376069,134.67014704,19.81786257,-29.53216317,-31.28751387,-20.33063977,-0.7911551835968975,-28.09602580993502,-8.67701943833978,-5.191378155280919
-14.8424307087701,153.0608423,136.83283353,17.93718076,-29.8615448,-30.1696416,-22.19664081,-0.7534091836579981,-123.1458924193329,-23.726022810874568,8.883592102104467
-15.7550240870271,153.08001049,138.40150888,16.35069937,-30.11929152,-28.88202978,-24.02209342,-0.7260306339056236,-64.27413207911847,-14.187631465649769,-1.5673926213773317
-16.5908860675052,153.21240907,140.04643052,14.66234461,-30.39855322,-27.73013665,-25.85725229,-0.6973213353503187,-102.06364150547546,-20.106122382644998,3.5152363151397985
-17.3343343348302,153.67872103,141.76460707,13.74743069,-30.79960278,-27.081825,-26.83683959,-0.6673334974222616,-225.57499539820557,-39.73109433345359,22.39675999862339
-17.9695205869536,153.47948909,142.67524592,12.65719945,-31.19775878,-26.42041572,-28.10631103,-0.6514398511931868,38.41602852260984,2.5813322847256557,-20.550852871679254
-18.480873533011,153.42569873,143.83525574,11.29745397,-31.46198602,-25.51263531,-29.64662559,-0.6311938604787201,44.48528358738657,3.647804395380569,-22.128677928391568
-18.8537233088343,153.96178227,145.52416895,9.67013418,-31.76079135,-24.76487328,-31.34531703,-0.6017167641837939,-252.051018813737,-43.656587267986744,24.802863959152443
-19.0750699881935,153.79219176,146.16078631,8.97562113,-32.1100123,-24.29431914,-32.21927551,-0.5906056951764399,-168.0481194570571,-30.162060712547174,11.086990724353672
-19.1344108816794,153.7345873,146.92894602,8.0902666,-32.37340231,-23.66348902,-33.34811413,-0.5771987790557748,-49.41625585796694,-11.115191534725671,-8.01921934695373
-19.0244898733209,153.70249588,147.52347208,7.32895219,-32.66955795,-23.26557541,-34.34129573,-0.5668223418198655,-131.9935877349121,-24.276263882441402,5.251774009120503
-18.7418665471488,153.68876264,148.0505888,6.6871598,-32.96248047,-22.90530057,-35.22717816,-0.5576224195135523,-101.7110989592107,-19.385297087118943,0.6434305399701437
-18.2872744021249,153.57957449,148.1298903,6.42793876,-33.34044987,-23.0106894,-35.63779493,-0.5562383472367822,-34.017537008199646,-8.547418683748441,-9.73985571837646
-17.6657690509468,153.6204634,148.58946991,5.90363051,-33.55372303,-22.64359972,-36.46248755,-0.5482171698672509,-113.1486150479788,-21.168237384475667,3.502468333528867
-16.8866748469362,153.53216574,148.54140239,5.79973508,-33.88760732,-22.83313486,-36.71900557,-0.549056106354519,-114.78611611346444,-21.434446524092284,4.547771677156085
-15.9633449993042,153.43024126,148.48005721,5.74820894,-34.19324371,-22.9801604,-36.88525522,-0.5501267817257474,-20.798312024508103,-6.401766342368827,-9.561578656935373
-14.9127559600226,153.40832529,148.29523848,5.71688216,-34.45452355,-23.17171521,-37.19388423,-0.5533524770836021,-41.54120460925781,-9.736781786265652,-5.1759741737569485
-13.7549616833931,153.36230553,148.25147896,5.6983952,-34.6792387,-23.28155559,-37.32356044,-0.5541162247866946,-99.26943220487594,-18.977117957379985,5.222156273986885
-12.5124372041853,153.33978269,147.811061,5.8465595,-34.93767764,-23.62423694,-37.52559212,-0.5618029682736111,-49.41351918169801,-11.038514967031322,-1.4739222371539782
-11.2093437316325,153.32135761,147.45412876,5.98479936,-35.15367212,-23.87047634,-37.74275272,-0.5680326110681295,-25.752017208584554,-7.283613747043844,-3.9257299845886573
-9.87074896416066,153.29633696,147.04376491,6.15932857,-35.35776397,-24.18634923,-37.859658,-0.5751948113817899,-1381.5579187979442,-224.2479768033719,214.37722783921123
-8.5218364653825,153.25503674,146.50923037,6.38483923,-35.56751782,-24.53907726,-37.95442694,-0.5845241990704229,-1819.280321968565,-294.3294510314348,285.80761456605234
1.05420022851035,179.30969542,138.36072503,47.01289649,25.97366749,8.20915070000001,20.52366637,-0.726742446369763,507.3875414045492,77.27510733082863,-76.22090710231828
1.03562680020345,178.03072624,135.14062356,47.5861527,24.60647869,4.86916508000002,21.15260601,-0.7829438192695727,1056.1135011032345,164.8305894579931,-163.79496265778965
1.03289732292578,177.21694209,132.58480162,47.93061991,23.30847798,1.83433402,20.90739756,-0.8275513272172813,26.536139536293923,-0.08352414416495701,1.116421467090737
1.05036723345935,176.23630694,129.82310138,48.27882284,21.95013092,-1.35069756999999,20.92674742,-0.8757520893583991,-81.95055447195685,-17.628077903051505,18.678445136510856
1.09142368778956,175.16854478,126.96091909,48.75996348,20.560097,-4.59277305000002,21.14088167,-0.9257065941111702,-40.563252996134125,-11.188509880851434,12.279933568640994
1.15823215293062,174.03338536,124.03603711,49.37372746,19.14305653,-7.87422671999998,21.53805561,-0.9767554148944212,6.225182780149652,-3.876642642641193,5.034874795571813
1.25157599709551,172.86432211,121.10462624,50.12187915,17.71564847,-11.14766475,22.10278816,-1.0279181863046725,28.15850859715585,-0.5292438311992322,1.7808198282947423
1.37079613154757,171.76068746,118.28464051,50.97227464,16.30827587,-14.33711769,22.66147358,-1.0771362221524283,8.214800531552946,-3.8635858600844246,5.234381991631995
1.51383076501998,170.57622669,115.40966976,51.94260955,14.87370309,-17.55681022,23.4182521,-1.1273139276384592,17.715236770072806,-2.4767479039964315,3.9905786690164113
1.67734818442025,169.3826334,112.58031125,53.0507061,13.44926622,-20.70762321,24.33203461,-1.1766955493572802,43.59853764498887,1.5465137733966827,0.1308344110235673
1.85695885404067,168.19180911,109.81621411,54.25781433,12.03460754,-23.78956312,25.33925958,-1.2249381452952386,51.26557531744957,2.670677003602459,-0.8137181495617891
2.04748771644522,167.00454344,107.12578321,55.54437643,10.63197274,-26.79237895,26.44136858,-1.2718950227976331,55.22978004474979,3.2174804831520696,-1.1699927667068497
2.24328580010544,165.82249706,104.51648857,56.87270016,9.24475179999999,-29.70215536,27.59986739,-1.317435805420273,55.041558502226806,3.1143651500345664,-0.8710793499291265
2.43856208313006,164.64359091,101.9876985,58.21088789,7.87251309999999,-32.51782808,28.77462629,-1.361571518233511,93.20209351163076,9.160564724856629,-6.722002641726569
2.62771371640631,163.38764835,99.53212793,59.14480377,6.56157037,-35.0492829,29.72451933,-1.4044293096950848,96.53068423193244,9.646095236906513,-7.018381520500203
2.80562568445637,162.41667431,97.38362245,60.67880318,5.22552364999999,-37.70313937,30.93426188,-1.441927804318226,68.04430331748259,5.05584586074975,-2.2502201762933804
2.96791392546845,161.17389344,95.10084737,61.48055097,3.92818761000001,-40.08337412,31.73606918,-1.4817697455467034,102.76878419388292,10.5862917374413,-7.6183778119728505
3.11109873415189,160.24056639,93.16941154,62.94903957,2.65490308,-42.43918742,32.89698267,-1.5154796600711926,86.76684639337351,8.011689334026485,-4.9005905998745956
3.23270574127815,159.20689794,91.25838857,64.07415348,1.35906118,-44.75745809,33.91677384,-1.5488333029789336,86.25105447551684,7.921586839856282,-4.688881098578132
3.331297423206,158.12220132,89.45233804,64.52250736,0.138500959999988,-46.79604569,34.35352455,-1.580354831184822,120.239882562847,13.358649821128523,-10.027352397922524
3.40644186639564,157.26897263,87.91011191,65.61979487,-1.06822929999998,-48.82009466,35.29277188,-1.6072717549636122,93.51502581052218,9.086315239193162,-5.6798733727975215
3.45862809514797,156.3618105,86.42418832,66.41558635,-2.28598938000002,-50.79153607,36.03668903,-1.6332060140421665,117.720503278258,12.966728017204904,-9.508099922056934
3.48913867603593,155.50108751,85.09763688,67.03682353,-3.47133645000002,-52.6292641,36.64089376,-1.6563587043672383,110.39474205174038,11.804669106632858,-8.315530430596928
3.4998907164232,154.86341687,84.0705274,67.54223812,-4.58679540999998,-54.209929,37.17881049,-1.6742851465716853,59.64570914371858,3.694772582165034,-0.19488186574183386
3.49325604066922,153.97749461,82.91767713,68.22012013,-5.78424498999999,-56.02720455,37.85301019,-1.6944061795656908,102.8264900149356,10.617102657193628,-7.123846616524409
3.47187051927083,153.3608161,82.05861122,68.5384299,-6.84883952999999,-57.41153574,38.20098394,-1.7093997081868322,101.4340925176338,10.405844479511414,-6.933973960240584
3.43844146202033,152.62998948,81.32686977,68.80902919,-7.99507829999999,-59.01705394,38.6540681,-1.7221710057626496,57.521470656447526,3.390674785053732,0.04776667696659809
3.39556083949243,151.96913786,80.62786958,69.01599292,-9.06641622000001,-60.36548003,38.93838925,-1.7343708605502155,66.03035742163587,4.763346430717055,-1.3677855912246253
3.3455310119594,151.39515137,80.06563616,69.10055196,-10.05218661,-61.39763991,39.02251461,-1.7441836848939636,100.01981208216826,10.211334462548326,-6.865803450588926
3.29020871831441,150.7683412,79.57545402,69.1419347,-11.11870273,-62.68102306,39.23245062,-1.7527389771714357,112.41323278496472,12.203172262875622,-8.912963544561212
3.2308723201886,150.22043468,79.37747386,68.97029533,-12.07840555,-63.60059635,39.19813494,-1.7561943828170608,50.79776075540998,2.3484075646678892,0.8824647555207106
3.16811663135039,149.68323699,79.16711884,68.80559825,-13.04935053,-64.5609701,39.18779733,-1.7598657705141592,154.05711511411235,18.873922642226113,-15.705806010875722
3.10177896196489,149.22220989,78.98036129,68.57183831,-13.83324546,-64.94508133,38.82235451,-1.763125304664617,211.2114941596444,28.02225612803501,-24.92047716607012
3.03089913914303,149.10602745,79.64146591,68.30906072,-14.75418939,-65.75315146,38.85175482,-1.7515868523454714,-33.03954350716953,-11.070493885797514,14.101393024940545
2.95371514049391,148.6571184,79.79340144,67.80220301,-15.53091845,-66.04681175,38.33978234,-1.7489350770962089,-28.495552619667297,-10.346238637455386,13.299953777949296
2.86769458108613,148.17109862,79.92651034,67.39215502,-16.51003538,-66.95701158,38.27870868,-1.7466118885275006,206.3451165246888,27.225863456837445,-24.358168875751314
2.76960068542607,147.89498674,80.4431741,66.89330993,-17.32729178,-67.36040317,38.00314887,-1.7375944047897671,130.0700621116202,15.012815974047134,-12.243215288621064
2.65558967145318,147.95430427,81.3938252,66.52378384,-17.94108634,-67.23032393,37.55598094,-1.721002413057061,-51.89538261402004,-14.117053945824846,16.772643617278028
2.52133481884711,147.54645525,81.83819332,65.83654592,-18.72341046,-67.4872786,36.99692501,-1.7132467262721636,93.2961353423778,9.106939661302668,-6.585604842455558
2.36217102526815,147.27765466,82.56380142,65.04961982,-19.43220302,-67.53937915,36.38485573,-1.7005824758480232,138.88957908640975,16.391785844483294,-14.029614819215144
2.17325247172846,147.33972052,83.76776002,64.26565336,-19.96686462,-67.12658854,35.60201724,-1.6795694342203222,-31.03846243323716,-10.811403401123139,12.984655872851599
1.94971518693939,147.02341291,84.52955631,63.30450278,-20.55668981,-66.81174393,34.60712823,-1.6662735807303446,59.47511368131541,3.662798599455045,-1.713083412515655
1.68683587130632,146.80308088,85.51948943,62.2993126,-21.22946605,-66.71191643,33.83578563,-1.6489959884118046,157.8477276486856,19.39360591376275,-17.70677004245643
1.38017844816572,146.79545494,86.8360785,61.19610409,-21.72937273,-66.1436183,32.78986721,-1.6260171742445344,41.95294697842744,0.8414343041103081,0.5387441440554119
1.02572373268887,146.76041942,88.1756197,60.01378113,-22.20127546,-65.47455853,31.59774004,-1.6026377698384184,30.643278002682184,-0.9740949715739191,1.999818704262789
0.619986402090891,146.60570319,89.38297337,58.73769806,-22.57512432,-64.51245091,30.15673839,-1.5815654730608817,83.86466229860501,7.538686929544762,-6.918700527453871
0.160125730721179,146.66178729,91.00732302,57.34312257,-23.04695017,-63.82530533,28.9440186,-1.553215223464764,85.26847773987711,7.763865154844576,-7.603739424123397
-0.355950940238366,146.5748938,92.41037736,55.93023287,-23.34209788,-62.62832281,27.31272598,-1.528727305647368,77.39142459852077,6.507830387887856,-6.8637813281262225
-0.929495423056608,146.75899361,94.32757873,54.306663,-23.70900851,-61.6364966,25.81668757,-1.495265829317122,76.80065333599772,6.424868838441804,-7.354364261498412
-1.56083475402973,146.71895731,95.88120155,52.77827434,-23.93615724,-60.24282613,24.02233966,-1.4681499957740023,70.8670400246958,5.489675846983914,-7.050510601013644
-2.24929071451471,147.03820952,98.08786977,50.9044956,-24.17648861,-58.89097501,22.18931482,-1.42963636983588,-43.5204376516185,-12.784784404775325,10.535493690260616
-2.99309660914995,147.02580271,99.75806397,49.28407997,-24.35885355,-57.3702976,20.28125153,-1.4004859818981674,154.35811634224797,18.90236919309413,-21.895465802244082
-3.78930518365222,147.06918682,101.59880707,47.50583848,-24.52230402,-55.80359501,18.30903217,-1.3683589541198,214.93932545568973,28.630364989576165,-32.41967017322838
-4.63368267132494,147.84902686,104.51933325,45.25446118,-24.56539735,-53.92420415,15.94727832,-1.3173861563881075,-98.49768949755637,-21.451841346566365,16.818158675241424
-5.5205861908303,147.86058233,106.34125599,43.47126001,-24.67831271,-52.22562321,13.87739833,-1.285587605858151,10.68167158560609,-3.9333978823520885,-1.5871883084782112
-6.44283666318057,148.17959065,108.71625234,41.2277186,-24.70975711,-50.29344856,11.49419161,-1.2441360998278033,101.57417089806876,10.682805885731735,-17.125642548912303
-7.39164233742342,148.57038123,111.14490638,39.08617284,-24.6964534,-48.27594752,9.07895205,-1.2017480904379414,33.18130263968211,-0.17509762035963128,-7.216544717063789
-8.35665297510471,148.91062947,113.49514856,36.98322296,-24.68488828,-46.28251937,6.68999851,-1.160728626177692,-30.53355787925973,-10.277881008231542,1.921228033126832
-9.32616852268362,149.4889409,116.13867163,34.84809327,-24.6523053,-44.2746924,4.25119695,-1.1145904447537636,-28.03394793910119,-9.764086630944995,0.4379181082613748
-10.2874515339786,149.5852143,118.09910038,32.98904404,-24.65842064,-42.39713659,2.06499095,-1.080374508315507,74.46736803757065,6.727829428847646,-17.015280962826246
-11.2270910691952,150.3129697,120.97181419,30.62279985,-24.53216426,-40.1530482,-0.623540990000002,-1.030236193863496,-61.74143593233641,-14.920262655651682,3.693171586456481
-12.1314004465687,150.56611941,123.12971879,28.6298912,-24.46858225,-38.12552858,-2.97310484,-0.9925736536495648,-24.49907500917554,-8.843971835451406,-3.287428611117294
-12.9868429257797,150.95785143,125.45120438,26.56897181,-24.3796799,-36.07145799,-5.39763819,-0.9520560865664618,9.940287135290491,-3.199459537586357,-9.787383388193343
-13.7804740765608,151.6311932,128.01996784,24.63075368,-24.33378234,-34.21907277,-7.67906574,-0.90722270648454,-91.8099508323933,-19.321833465371444,5.541359388810644
-14.5003848984224,151.88133689,129.98754822,22.87648726,-24.2614311,-32.31868572,-9.83879329,-0.8728819505558987,-122.5578229265012,-24.11441428538116,9.614029386958759
-15.1361300719682,152.5310874,132.38418462,21.07045077,-24.22995497,-30.60735386,-12.02684053,-0.8310527544027547,-84.9330306936336,-17.932496581032215,2.796366509064015
-15.6790943548544,152.55077957,133.82168746,19.79900068,-24.29947017,-29.2158411,-13.61307281,-0.8059635968379857,-26.6810088455272,-8.511370760946509,-7.1677235939078905
-16.1226828815483,153.33742485,136.26177098,18.00053115,-24.17134174,-27.37776684,-15.95097318,-0.7633761053903327,-203.4567013323973,-36.618296278949416,20.495613397401115
-16.4622692471005,153.3575569,137.50295578,16.93640589,-24.25087051,-26.19550864,-17.30178774,-0.7417133440046254,-10.338379284371424,-5.626387456770643,-10.835881790329857
-16.6950189757888,153.542893,138.97363631,15.68325554,-24.19930219,-24.7475487,-18.97615445,-0.7160451265111505,65.13133483328043,6.561344961761817,-23.256363937550617
-16.8197694436808,154.47192104,141.12498955,14.44836489,-24.19664292,-23.45760991,-20.88391973,-0.6784969290997023,-278.8489088686196,-48.30625199435447,31.486482550673667
-16.8370321019207,154.48465492,142.0586767,13.67527027,-24.28615079,-22.57982442,-21.90175051,-0.6622010141486402,-180.79478083782843,-32.54250733333555,15.705475231414852
-16.7490805404036,154.65087037,143.14933676,12.80529336,-24.2754189,-21.48214503,-23.23617735,-0.6431654050816411,-18.686495045516786,-6.516259858255303,-10.232820682148297
-16.5600603197553,154.85321202,144.1078393,12.09352196,-24.31322119,-20.61809336,-24.46515846,-0.6264363798699127,-28.82808147540161,-8.059710774002548,-8.500349545752753
-16.276053692498,155.12277241,145.06661824,11.47354826,-24.34940794,-19.7874902,-25.67778669,-0.6097025305681316,-51.19563124767134,-11.558327853051534,-4.717725839446466
-15.9050357502495,155.52067732,145.99182916,11.02185535,-24.40995587,-19.15536381,-26.79818564,-0.5935545537387255,-215.1951191655421,-37.71996848280744,21.81493273255794
-15.4566674847884,155.82008298,146.69057036,10.70974132,-24.52301181,-18.75876556,-27.61099891,-0.5813592191793893,-180.7538493762084,-32.14967885396522,16.693011369176823
-14.9418815772255,155.72590217,146.64284181,10.6588819,-24.79017653,-18.88479335,-27.75892131,-0.5821922395240924,-8.23572877461154,-4.5508719121097405,-10.39100966511576
-14.3722274176269,156.03519025,147.27887921,10.2886865,-24.780261,-18.29854593,-28.9736381,-0.5710912927282678,-74.68741914966049,-15.128423931236568,0.7561965136096678
-13.7589602846182,155.9863416,147.24666721,10.26385594,-24.98391501,-18.39779036,-29.09260446,-0.5716534981869205,-75.02439684966112,-15.185121041750195,1.4261607571319956
-13.1118859960158,156.24063943,147.43926067,10.13600587,-25.08603884,-18.2366758,-30.22539825,-0.5682921081921123,0.5559344906480579,-3.0756275948794896,-10.036258401136312
-12.4379954418578,156.22848467,147.42063448,10.13074439,-25.23523832,-18.31181063,-30.3173038,-0.5686171965347147,-2.604141199714638,-3.582850607553588,-8.85514483430421
-11.7399395544197,156.54413149,147.6028274,9.94097672,-25.29925424,-18.15425628,-31.79281532,-0.565437330206892,-128.88649849529753,-23.772256317212367,12.032316762792668
-11.0144098747375,156.55975703,147.57968112,9.95829542,-25.40846738,-18.22022874,-31.85527981,-0.5658413090024803,-192.68085003502856,-33.98135798185072,22.966948107113218
-10.2505059269986,156.58810879,147.02792889,9.93645848,-25.6484689,-18.62944784,-32.87054262,-0.5754712020712015,-70.40003005944095,-14.464078147052152,4.213572220053553
-9.42760733782816,156.58760795,146.63474781,10.07831203,-25.82001716,-18.94885054,-32.99872922,-0.5823335064737488,-28.763539199663235,-7.8360153556627195,-1.5915919821654407
-8.5132204658065,156.53156546,146.04966792,10.242315,-26.06385197,-19.4139319,-33.2916049,-0.5925450769414551,-17.83786360331052,-6.137885453535661,-2.3753350122708383
-7.46647075847859,156.40338129,145.52501156,10.04032465,-26.16063682,-19.47474302,-34.56081843,-0.6017020578649837,-49.15374437583164,-11.192952072116304,3.7264813136377137
-6.25206252678484,156.37201331,144.96920352,10.26285952,-26.34231815,-19.84941239,-34.63553461,-0.6114027381720397,-58.31959576075519,-12.706353210064382,6.454290683279542
-4.85611474855099,156.14164259,144.1336451,10.33296149,-26.52161981,-20.1548618,-35.45326373,-0.6259859836938017,-2.264760181336367,-3.807433547742649,-1.0486812008083408
-3.29063913205526,156.10553914,143.55459245,10.58781177,-26.67310704,-20.4574766,-35.51973369,-0.6360923589786999,-12.660855758744871,-5.518789656329066,2.2281505242738056
-1.58636411623013,155.76682902,142.72930252,10.4839849,-26.58775422,-20.06905159,-36.78828009,-0.6504963855407533,-34.503813663079306,-9.081429380503504,7.495065264273374
0.218564778245317,155.72467326,142.06744002,10.88221192,-26.78630681,-20.48493061,-36.67723451,-0.6620480653612345,-17.57935590648407,-6.427330046673761,6.645894824919078
2.08826849999122,155.51146602,141.12726765,11.43765794,-26.89511178,-20.67646068,-36.86970574,-0.6784571687540129,20.931602819476147,-0.34118811121367587,2.429456611204896
3.99214219425473,155.45325872,140.4795653,11.82837587,-26.94296644,-20.71278239,-36.96232806,-0.6897617073344176,32.33248095659835,1.4314390675860325,2.5607031266686975
5.90019117706987,155.08660131,139.64516203,12.04823613,-26.71877067,-19.96392569,-37.85967456,-0.7043247916853248,57.5492388448473,5.40046393501744,0.4997272420524306
7.77732627974345,155.12283024,139.07694205,12.6053949,-26.72733686,-19.91801202,-37.69296581,-0.7142421012119408,53.1720071860442,4.655856877854827,3.121469401888623
9.58389694695388,155.05467926,138.49278926,13.34921508,-26.52061943,-19.27071615,-37.69898992,-0.724437490732152,34.72275474576292,1.658880675850297,7.925016271103583
11.2818925449013,155.02394716,137.97897196,13.93439159,-26.26656166,-18.523499,-37.82754528,-0.7334052943708596,50.08566292993732,4.077614654319113,7.204277890582187
12.8404768653433,155.03204389,137.53936322,14.54534295,-25.95925409,-17.64675264,-37.88373621,-0.741077914304403,53.30186142772364,4.558806698086921,8.28167016725638
14.2370334950255,155.06951918,137.16797158,15.16474507,-25.57642488,-16.59162248,-37.92867583,-0.7475599212367846,61.40110370950968,5.826650631457388,8.410382863568113
15.4552135976114,155.15079575,136.89133435,15.78420952,-25.11210151,-15.33319405,-37.95722218,-0.7523881517338815,63.46451921768526,6.136023986946096,9.319189610665303
16.4832918511004,155.27674804,136.70877361,16.39277354,-24.56861191,-13.88275147,-37.97115771,-0.7555744377317587,58.08627665568444,5.261847679841294,11.221444171259106
17.3142634144634,155.43859186,136.60693039,16.98265389,-23.94784561,-12.25295342,-37.97313633,-0.7573519372415916,57.22333525894685,5.116175871896686,12.198087542566714
17.9471772913891,155.63024454,136.58238549,17.54497843,-23.24855976,-10.4430324,-37.96726427,-0.7577803265611643,61.21815829731369,5.753517529270087,12.193659762119012
18.3884180556264,155.8651134,136.65039199,18.06814778,-22.47650422,-8.46385813000003,-37.95664253,-0.7565933892234069,46.9943130695194,3.482774567758864,14.905643487867536
18.6515786078515,156.14053337,136.80675158,18.55266739,-21.63583678,-6.32995274999996,-37.93286271,-0.7538643995608386,30.841046496217217,0.9099355746873874,17.741643033164113
