thigh,shank,foot,thigh_,shank_,foot_,knee_moment,shank_new,shank_new_second derivative
183.09935434,17.82953181,-11.843826,2.73997721999999,-47.73568968,33.76226439,0.117158313750529,-2.8304086194162292,201.946710531411
182.73791432,17.80074147,-11.71039152,3.79503104,-48.35031622,36.81787758,0.137468432160299,-2.8309111056419978,189.5369326028673
183.0784597,18.35048584,-11.11136991,4.80262753,-48.74426797,40.2477533,0.158717311952691,-2.8213162563411958,64.88835184013553
183.30894544,18.82912742,-10.5863686,5.83109623000001,-49.14465623,43.58045708,0.180868175993654,-2.812962384833248,-41.421494221194344
183.48391916,19.24322274,-10.12915097,6.86302456999999,-49.52370438,46.6818262,0.203853217072344,-2.8057350580821487,-25.933253943430934
183.62769891,19.62018569,-9.70280488,7.89200731,-49.86719903,49.59457513,0.227552783603524,-2.799155813446618,-14.412806789914079
183.7669592,19.98737304,-9.30755426,8.90280501000001,-50.16121647,52.29313479,0.251795677015888,-2.792747185217445,-13.020566372254905
183.89457138,20.32866466,-8.91079294,9.90788875999999,-50.41356964,54.8378369,0.276379774536349,-2.786790522738979,-9.414026732588177
184.0186558,20.65692099,-8.54910757,10.89415295,-50.61049778,57.15058647,0.301089266052045,-2.7810613689899664,-7.47616672013951
184.15356942,20.98320523,-8.2015795,11.85744452,-50.75283729,59.2653974,0.32568954991698,-2.775366634704599,-10.47305761609607
184.27958069,21.28363366,-7.86035996,12.81076383,-50.8392849,61.20514672,0.349910152721535,-2.770123169434502,-8.53833221499567
184.40704206,21.5777396,-7.54815253,13.7346084,-50.86406012,62.93879471,0.373440719819262,-2.7649900524318287,-6.481294139919491
184.54371148,21.86142529,-7.25296935,14.63652536,-50.82635424,64.47637251,0.395948367018407,-2.760038803100537,-6.4324388834968715
184.68058608,22.13513889,-6.97513344,15.5160533,-50.72058019,65.84302251,0.417099453041802,-2.7552615995730503,-8.649401477933694
184.82529139,22.40236176,-6.7102404,16.36561172,-50.55392561,67.04647688,0.436567177106979,-2.7505976806549217,7.999685210595686
184.95622146,22.64298076,-6.4676559,17.19929324,-50.31333731,68.08907619,0.454033976868941,-2.746398086862065,12.57821965464867
185.22585548,22.98913305,-6.52330762,17.84835531,-50.02523299,68.46239038,0.469207493595768,-2.740356589688247,-4.473175898440651
185.37259529,23.22289052,-5.95566301,18.7537476,-49.61947274,69.7277806,0.481845011161629,-2.7362767521856153,-37.50349184985513
185.61956451,23.55027493,-6.02075421,19.37556705,-49.20454437,69.9350921,0.491770351073418,-2.730562816311416,-36.11185706143605
185.54468265,23.5879211,-5.74194152,20.22008255,-48.67292802,70.78291189,0.49887961440272,-2.729905766694151,22.5474303863038
185.78439804,23.90451111,-5.79086327,20.80939801,-48.10283361,70.81577422,0.503142677837898,-2.724380228640729,22.661093208515837
186.00388245,24.08213894,-5.33196052,21.56293957,-47.46002891,71.35894754,0.504604378356095,-2.721280038164056,19.468411277050457
186.21076116,24.38858579,-5.42630648,22.06059072,-46.73073091,71.11339516,0.503380108090733,-2.7159315316491903,-20.643194141913845
186.41833467,24.68790256,-5.5000824,22.57240933,-45.98522415,70.87826186,0.499643116707959,-2.710707468506256,-89.42591135931987
186.48548646,24.75438368,-4.96375025,23.33974518,-45.12156151,71.58506834,0.493607570540512,-2.709547154071843,-13.477504042391786
186.66018272,24.78129345,-4.75108466,23.93393402,-44.30951984,71.51669677,0.485510062528377,-2.7090774899843884,34.96729282725486
186.82968035,25.04296116,-4.79991631,24.365698,-43.37464315,71.05358301,0.475595029969126,-2.704510526898735,0.8502807783417055
187.05728802,25.07503217,-4.32471374,24.98882358,-42.4604242,71.17588112,0.46410924789746,-2.703950782179795,13.000908728897365
187.2042322,25.33641039,-4.4177794,25.36465539,-41.41490799,70.53554604,0.451300912871003,-2.6993888716477925,2.512685946913784
187.391929,25.44326061,-4.30750352,25.79896341,-40.29007815,70.33731169,0.437420629503239,-2.697523983502312,-2.2208058094674854
187.53264748,25.64425625,-4.30881195,26.16496609,-39.18155787,69.6478462,0.422727833770102,-2.694015947802159,-33.09453359592318
187.67463632,25.79876477,-4.24506943,26.52168726,-38.04728976,68.95815527,0.407497398018405,-2.6913192654057756,-65.92478245517785
187.97166616,25.7624844,-3.85927122,26.9624861,-36.88824028,68.86444339,0.392014744961893,-2.6919524773161174,-10.311075353550692
188.13422207,25.77654775,-3.5860218,27.33310597,-35.73961428,68.32148741,0.376560257816528,-2.691707025554757,42.531094274465
188.34726544,25.82163444,-3.39967408,27.66082972,-34.49260175,67.77219853,0.36139631346998,-2.690920114365431,26.854032060930066
188.43895472,25.99801595,-3.40494062,27.89584503,-33.16866984,66.77518994,0.346763079517668,-2.687841676276292,-22.216463600241987
188.73525819,26.03464675,-3.14794011,28.13961004,-31.8509255,66.34923406,0.332875704689186,-2.687202348208652,-18.545126866769124
188.82653548,26.09219319,-2.97911319,28.35052076,-30.52137918,65.41271945,0.319918742897759,-2.686197973357851,-2.2729056329540143
189.10878456,26.14140331,-2.74838049,28.55636014,-29.12486206,64.88981493,0.308042679657016,-2.6853390947385494,-0.16052316728742966
189.18347805,26.17334764,-2.55270004,28.71624376,-27.73495087,63.87444892,0.297363339190286,-2.6847815610027057,5.279219561553639
189.47098611,26.24724014,-2.32349104,28.84464296,-26.268705,63.33975112,0.287962444385763,-2.6834918935851757,-17.85856844423339
189.63468035,26.28474979,-2.04559684,28.94223818,-24.78614418,62.57836991,0.279892726208267,-2.682837226691405,-7.014076838043337
189.78561174,26.25075491,-1.74347074,29.06658934,-23.34298234,61.82256078,0.273185489123565,-2.6834305492762254,23.049209055590048
189.96876687,26.35596424,-1.56850711,29.07149,-21.7895111,61.02372428,0.267853560241772,-2.6815943000639084,27.452657305082617
189.99777736,26.38633192,-1.39628493,29.07109973,-20.24632176,59.78731767,0.263892698572543,-2.681064284061716,9.628602746802883
190.29461164,26.58447083,-1.17681154,28.96194266,-18.58474887,59.21927158,0.261286157741345,-2.6776061077059037,-34.65452982529538
190.41083679,26.57707676,-0.88430163,28.96503883,-17.02875133,58.54554423,0.260007893100701,-2.6777351585725264,7.2488655103386535
190.41774709,26.61442159,-0.723715910000001,28.86740996,-15.42171124,57.23737507,0.260023135338808,-2.6770833683304285,68.91634660626255
190.65761884,26.80935454,-0.55089662,28.72689572,-13.75627426,56.91632233,0.261290262144585,-2.673681146532303,3.154611064468682
190.86055727,27.03923393,-0.358935610000001,28.49010343,-12.04207705,56.12597906,0.263762029669484,-2.669668994294327,-1.9171063023026846
190.85675554,27.05970691,-0.14224325,28.32779587,-10.4236811,54.83190061,0.267383096301367,-2.6693116733856326,57.365136279372564
191.21724486,27.45306206,0.05899316,27.98328461,-8.63114667999999,54.38919874,0.272087713889628,-2.662446330888456,-30.315948482795285
191.26490765,27.6387373,0.16994102,27.75202226,-6.92519568,53.59596385,0.277801214482132,-2.659205686611025,-18.003170718103867
191.25437468,27.6931926,0.373055829999998,27.50062266,-5.30352414,52.40029523,0.284442868477897,-2.658255262330864,93.21161777335884
191.59182614,28.11461712,0.579523949999999,27.15227953,-3.56355899,52.21627979,0.291927772039911,-2.6509000169082277,35.15028536335674
191.6398709,28.46738637,0.529245399999997,26.75247378,-1.78458627,51.11104208,0.30016852339028,-2.6447430319959366,-16.104610284410903
191.76814137,28.79189324,0.644999049999999,26.38302835,-0.072087769999996,50.3833128,0.309076506572988,-2.639079318669095,11.431718104994992
191.90212869,29.14930752,0.738175780000002,25.98134503,1.63181977,49.5659059,0.318562725966711,-2.63284126268945,19.187134014799767
192.04112036,29.53466828,0.82658339,25.56384551,3.32395441,48.75161906,0.328540806818313,-2.6261154486194624,16.10080023066285
192.17702691,29.94116285,0.901259,25.13495614,5.00064869,47.92509029,0.338932082189599,-2.6190207799814837,-28.673162560344245
192.31287817,30.36969411,0.966709380000001,24.69686398,6.66078173,47.10224939,0.349668151797777,-2.6115414985467638,4.60750865496351
192.30445969,30.56873306,1.12309212,24.30059919,8.19216723,46.00584622,0.360691124806586,-2.6080676135295517,92.73399969690121
192.49333098,31.23111902,1.02362239,23.82556002,9.91167764,45.46072533,0.371957291567213,-2.5965067976085687,23.754489625020803
192.63875368,31.72762995,1.06839967,23.34713578,11.50401572,44.63756482,0.383442250881,-2.5878410471079296,-65.52802897362486
192.77434713,32.22864713,1.10701731,22.89800897,13.05203515,43.84571625,0.395138765104173,-2.5790966477078716,-43.743218458676125
192.75265008,32.51107889,1.19206248,22.49040939,14.49277168,42.79793557,0.407047733670278,-2.57416728358367,28.773049498762582
192.74014266,32.97554506,1.11771682,22.01758545,16.01101273,41.89034849,0.419171990858598,-2.566060819653042,43.22261466806587
192.75225299,33.45938526,1.06159789,21.57755366,17.47947179,41.11503397,0.43151810722114,-2.557616215109534,53.9388577354849
192.77475985,33.97009033,0.99863676,21.13740533,18.90939094,40.39966065,0.444102862523938,-2.548702730131406,38.63803614879924
193.15296749,34.71673852,1.13734173,20.73079639,20.29094359,40.29569099,0.456958336612026,-2.5356712608618497,-49.215347517113095
193.06393121,35.18601524,0.941488320000001,20.29981758,21.60271429,39.17732641,0.470131385511305,-2.52748083699489,-35.10704657645913
192.9943785,35.69210861,0.786406150000001,19.88056468,22.91006512,38.37636821,0.483678021794344,-2.5186478413658766,27.04381043714399
192.93202892,36.20079159,0.65027302,19.47137675,24.17309836,37.7191628,0.497658401877575,-2.50976964851602,4.858509690692792
192.93950135,36.82242832,0.521026429999999,19.06875566,25.43461658,37.47511277,0.512136929065459,-2.498920040826189,-27.43877146555107
192.84444731,37.24340515,0.391820459999998,18.69495703,26.54320306,36.60951749,0.527185191511098,-2.4915726090680805,5.1613766757885315
192.7301167,37.79553545,0.157580530000001,18.272026,27.69959694,35.92461935,0.54288336465832,-2.4819361174330568,13.157714344873561
192.61058066,38.31559122,-0.0369109000000023,17.86767563,28.79913321,35.34401383,0.559318360803498,-2.4728594319525623,-3.0700655701787483
192.47856935,38.84403073,-0.252677309999999,17.46456553,29.85925737,34.79908712,0.576577361629576,-2.463636422605437,0.8935352731986868
192.33230048,39.37018711,-0.478194240000001,17.06100735,30.8738764,34.27396207,0.594735960369058,-2.454453261394062,0.43837085755615846
192.17149873,39.89764559,-0.714772249999999,16.65597249,31.84831735,33.7615866,0.613843979829855,-2.4452473742504974,-3.556883277133771
191.99516523,40.42729468,-0.954059480000002,16.25021335,32.79117827,33.28605433,0.633914811755702,-2.436003253749806,-8.223961764790566
191.67324528,40.93088101,-1.01309621,15.75292004,33.80081712,33.4326899,0.654922523937753,-2.427214014223271,5.845543997247127
191.53942439,41.43728242,-1.35071496,15.41905042,34.56336573,32.60325149,0.676808607740517,-2.418375642282029,13.751316531434021
191.3733865,41.99760893,-1.65662533,15.05007581,35.351211,32.03699882,0.699493661957258,-2.4085960997963203,-0.9869924186522994
191.19872689,42.5260594,-1.91052667,14.68394959,36.1072328,31.55785592,0.722879208560184,-2.3993728991611087,-19.239315868775364
190.99949028,43.0586818,-2.15402861,14.29698568,36.83856106,31.13349152,0.74683702227762,-2.3900768846112346,-32.485312457875004
190.53659564,43.50460322,-2.05089361,13.79431282,37.66894678,31.31843225,0.771204551618696,-2.382294087627066,12.589869727408498
190.50067181,43.93362754,-2.41891628,13.63026174,38.14719641,30.69037226,0.795796410850466,-2.3748062006719364,51.93414114071704
190.33586822,44.55528168,-2.76952699,13.21185469,38.74082108,30.0358458,0.820423918281192,-2.3639562891202823,5.974546518241475
190.19509413,45.10613399,-3.02790713,12.88141631,39.28927628,29.46588317,0.844909771032623,-2.3543421026185665,-29.99560027989734
189.75673335,45.64019177,-3.10434612,12.45079315,39.89315476,29.07834602,0.869089878271758,-2.3450210359616745,-8.892874908585924
189.70278164,46.10677831,-3.35003833,12.20179905,40.31109964,28.51286482,0.892808578259143,-2.3368775645931863,20.087135732866912
189.60642666,46.67414944,-3.63970054999999,11.8671292,40.73447982,27.74216007,0.915916513902803,-2.3269750702939254,15.07057251577848
189.50462888,47.22251344,-3.75745276,11.59194072,41.07025362,26.76250497,0.938267185675958,-2.3174043129945194,1.9896928005680437
189.40456884,47.79445513,-4.19286523,11.25575788,41.46205584,25.86344925,0.959704319543786,-2.3074220473745983,2.482709917006609
189.29476583,48.34964867,-4.42119616999999,10.97463009,41.74002838,24.57111265,0.980041205662765,-2.2977320921157958,8.64189656215153
189.17102061,48.9289857,-4.80887322,10.65125616,42.05587076,23.29283724,0.999041185715661,-2.2876207534635706,21.781021405167245
189.04814942,49.52629832,-5.25835987,10.32498311,42.35680915,21.9064597,1.01640674342898,-2.277195681580857,11.417001488749356
188.92134559,50.18831233,-5.90231331,9.93182142999999,42.72002791,20.62895184,1.03177423946845,-2.265641357412026,-3.3914854052286003
188.79786568,50.76836257,-6.40784357,9.64157080000001,42.93748202,18.74590783,1.04471503106166,-2.255517570897043,15.302703051625066
188.629009,51.42820718,-7.09824078,9.2773546,43.2430994,17.00660517,1.05475498536814,-2.2440011099010047,21.197093578635418
188.44031042,52.09810485,-7.90392765,8.89300144000001,43.56346812,15.17148224,1.06140510525319,-2.232309189908067,13.12420751389709
188.22718254,52.78955243,-8.82603072,8.48700886,43.90299244,13.22894031,1.06417432975127,-2.2202411530321196,13.69738062156678
187.98257217,53.5030433,-9.86958711,8.06043377,44.26277963,11.20088382,1.06256505681746,-2.207788388167701,13.155742122816783
187.68960154,54.22937789,-11.03698628,7.61322585000002,44.64447452,9.08779757000001,1.056089950736,-2.1951114581010778,15.094005306317548
187.36116326,54.9833586,-12.38015411,7.12352355000002,45.07165305,6.82920279,1.04432401602587,-2.1819520122150533,14.707840737337996
187.00092484,55.75568563,-13.86758614,6.60967477,45.51745178,4.47425272,1.02696137716424,-2.1684723626394042,11.53188953209039
186.59191421,56.54794362,-15.51593008,6.06352251999999,45.98729891,2.01547225,1.00385496965645,-2.154644852188672,8.992520991570885
186.11572502,57.34806623,-17.31961142,5.49055479,46.47991228,-0.524787580000002,0.975042743715021,-2.1406800782245217,10.928981249960223
185.5860412,58.16405199,-19.31547333,4.87859563000001,47.00047116,-3.21096189,0.940761845598596,-2.1264384400631333,10.8190516870188
185.02848381,59.00306528,-21.47712754,4.23796064000001,47.53200839,-5.99829577,0.901452656229449,-2.111794895684643,3.0770433965310318
184.40592734,59.84214896,-23.80772377,3.56893056000001,48.07161401,-8.8978289,0.857754916455289,-2.097150122768893,-3.239015187106453
183.72084081,60.67569449,-26.30227413,2.86586788,48.61123858,-11.89539733,0.810481812713641,-2.0826020088051114,-6.189667075200411
182.97397553,61.50168774,-28.95836203,2.13131469999999,49.14815239,-14.99291327,0.760565965451439,-2.068185706993363,-116.52954819255878
182.18346517,62.31285952,-31.73534509,1.37784285000001,49.67615159,-18.15317954,0.709000971394499,-2.0540280886330997,-78.76962384235408
180.47206075,62.49356139,-34.64222159,0.536364480000003,50.31145213,-21.00382591,0.656799213670681,-2.0508742460370892,161.7154069417026
179.98337298,63.49870785,-37.56968229,-0.221924279999996,50.72308776,-24.3419757,0.604956710816513,-2.0333311308453235,93.79663294000639
179.32259233,64.41199607,-40.61062946,-1.02141068,51.14458928,-27.74409075,0.554406899507742,-2.017391244386645,-65.56078007704747
178.52530371,65.2219713,-43.70948578,-1.84964424,51.55020684,-31.12462219,0.505963347118497,-2.0032545097635466,-181.60360655577355
177.67384996,65.95479515,-46.77777367,-2.67423682999998,51.91217895,-34.39981827,0.460263868324807,-1.9904643207439057,-126.46525209322856
175.80326309,65.90472273,-49.88195896,-3.62340856,52.38024085,-37.32856303,0.417727289505799,-1.991338249337347,156.44119822042722
175.28354644,66.77300171,-52.67743134,-4.37510055999999,52.55776682,-40.3247731,0.37852707723134,-1.9761839223104891,-11.012568558490532
174.58105971,67.4838162,-55.47582503,-5.20552504,52.77107958,-43.37023399,0.342574573576608,-1.9637778690891048,-143.44299300655283
173.04287168,67.5281109,-58.20611206,-6.15289510000002,53.07538402,-46.03145355,0.309509892787902,-1.9630047807329216,86.55036447959618
172.53521195,68.24104186,-60.52121937,-6.87607681,53.1062812,-48.468065,0.278728922609149,-1.9505617881415178,-41.91356711451544
171.84128215,68.77911715,-62.77969799,-7.70032422999998,53.18283974,-50.95959565,0.24949578636413,-1.9411706027073945,-132.71321316544072
170.49887395,68.75812047,-64.79773912,-8.61193569000002,53.32669474,-52.93919045,0.221153593944501,-1.9415370639053824,61.253832827232735
170.00276294,69.2697327,-66.45928457,-9.31283421000001,53.22258668,-54.71591955,0.193355081532001,-1.9326077459984115,15.624243314384945
169.36630585,69.62615769,-67.99227408,-10.09641847,53.14800719,-56.46632372,0.166201112590701,-1.9263869563865237,-89.9800725954547
168.65160254,69.84986857,-69.27787394,-10.89011209,53.04369257,-57.91719521,0.14020421304633,-1.92248246495799,-76.90676760918835
167.93394442,69.97864707,-70.31693915,-11.66694489,52.88577033,-59.09714414,0.116047146017237,-1.9202348561272105,-41.55506950483279
167.17700908,69.98936112,-71.1538698,-12.4572761,52.69066,-60.11132635,0.0942832589003533,-1.9200478606784872,-12.591293916073276
166.79632332,70.09304344,-71.6147341,-13.11203715,52.4282547,-60.49080253,0.0751991538240565,-1.9182382628183805,-33.463562522304535
166.09126468,70.05671087,-72.27310139,-13.90126567,52.08274923,-61.57069764,0.0588447848253782,-1.9188723857905918,-67.4530887413427
165.69436867,70.01570772,-72.58195957,-14.56278691,51.70712138,-61.82287173,0.0451037811048169,-1.919588025761781,-64.15421923286368
164.90619458,69.73758289,-72.8808971,-15.39995355,51.32095968,-62.66061023,0.0337518098841382,-1.9244422197768307,-12.612463014569641
164.5221857,69.5707954,-73.05148649,-16.03372829,50.82296968,-62.74803694,0.0245033096854522,-1.9273532106284679,-49.11324226520408
164.10652584,69.34619082,-73.16687461,-16.69398766,50.28718023,-62.88070421,0.0170474315686189,-1.9312733000645266,-78.99953955538219
163.40849726,68.84448493,-73.0573575,-17.51260598,49.75755064,-63.49143759,0.0110743550323627,-1.9400297197216751,-42.16076333246388
163.02424942,68.50216473,-73.05230157,-18.12047635,49.11673282,-63.43030736,0.0062933273049643,-1.9460043343077607,-41.87331109531511
162.39818617,67.87661108,-72.84173635,-18.87120509,48.49296466,-63.71629143,0.0024438395228335,-1.9569223051481288,4.2225256738981365
162.08892058,67.41822224,-72.67077823,-19.39757052,47.70869016,-63.43597313,-0.0006986716565834,-1.9649226996605262,-33.63087327505676
161.76591209,66.93293052,-72.48148553,-19.93678335,46.91236756,-63.16432987,-0.0033212986401011,-1.9733926380071927,-66.89333721561663
161.17512247,66.14158904,-72.0911694,-20.74695058,46.2536904,-63.60459629,-0.0055751493908884,-1.9872041523407975,-30.33096529567958
160.85085604,65.60597937,-71.85771913,-21.28065234,45.39948614,-63.26866522,-0.0075788413924018,-1.9965523045878182,-52.05945578100612
160.32630642,64.69117221,-71.39706888,-21.95276591,44.54758173,-63.36304286,-0.0094231690989458,-2.0125187015506367,-25.86316501133279
160.03302143,63.98074951,-70.97122151,-22.41950158,43.58348531,-62.9016003,-0.0111762794528928,-2.0249179167465443,-8.338923111976815
159.61942851,63.09257036,-70.51299361,-23.01959606,42.70811059,-62.85946475,-0.012888847462667,-2.0404195672616092,-33.88763913329207
159.33449343,62.30774114,-70.01431625,-23.47446417,41.67541753,-62.33535899,-0.014598884627784,-2.054117421216468,-33.17208730122534
158.92745096,61.29980664,-69.52660091,-24.0784249,40.75368018,-62.38514992,-0.0163359349170127,-2.071709196885911,-23.60019728313567
158.6809985,60.44467071,-68.94021971,-24.47576223,39.65919431,-61.76517048,-0.0181245155202422,-2.0866341344165145,-36.47205636713391
158.4018857,59.37182375,-68.68162313,-24.88951132,38.52167886,-61.84086159,-0.0199867428646804,-2.105358846238526,-20.581456610275772
158.13518653,58.37263079,-68.02247316,-25.33093934,37.45890239,-61.4323405,-0.0219441491801471,-2.122798053253274,6.105191394065734
157.88970156,57.3259178,-67.49612695,-25.77510109,36.3612035,-61.20938076,-0.0240187433980498,-2.141066641252169,-12.381555954532608
157.69678291,56.33557104,-66.74320267,-26.09225246,35.16611252,-60.44803781,-0.0262334054133896,-2.1583514529506274,-32.288507386080134
157.57202483,55.20907076,-66.5163503,-26.44920723,33.98203805,-60.57008794,-0.0286117252190406,-2.178012591861265,-16.788639724856225
157.44076076,54.11351177,-65.97794198,-26.76979084,32.76551641,-60.28810378,-0.0311774079235557,-2.1971337033865885,-15.476700160750312
157.2913869,52.9960319,-65.14271524,-27.03183948,31.54387419,-59.59008083,-0.0339533668211996,-2.216637406442847,-14.167087120524613
157.13678157,51.80277754,-64.79874675,-27.39972293,30.34150247,-59.60331881,-0.0369606245146648,-2.2374636238386247,-3.31601736836884
157.20465732,50.70182161,-64.44816594,-27.52308643,28.9574069,-59.30004612,-0.0402171364490892,-2.256678929736481,-24.873273600793944
157.09343941,49.47304393,-63.84978334,-27.78925123,27.70373721,-59.0220039,-0.0437366411303217,-2.278125146027498,-16.533643630487482
157.06122296,48.26509796,-63.431664,-27.98511477,26.38421385,-58.7923412,-0.0475276279483629,-2.2992077803901947,2.097348199483484
157.07422082,47.04857952,-63.02114096,-28.14322686,25.04144135,-58.58132251,-0.0515924982979838,-2.3204400325794197,-2.119327130754023
157.14653262,45.84039123,-62.63478801,-28.24890962,23.66122816,-58.35932905,-0.0559269791440941,-2.34152689622396,-5.213570747071294
157.23764792,44.61197226,-62.21838544,-28.33170128,22.27110291,-58.1358075,-0.0605198311315356,-2.362966851844417,-2.771635212051038
157.36772415,43.38581294,-61.80962932,-28.37602959,20.85765679,-57.8934427,-0.0653528779338501,-2.3843673691324323,-0.5020771205899166
157.53856551,42.1594847,-61.41717301,-28.38980738,19.42665954,-57.67296964,-0.0704013704087806,-2.4057708346306192,-0.9915145667394043
157.73402544,40.92835796,-60.9907342,-28.37055876,17.98156999,-57.41040699,-0.0756346865502458,-2.4272580497529637,1.6393720584373384
157.96751175,39.70131618,-60.57408906,-28.31897514,16.52143088,-57.15083439,-0.0810173561293911,-2.4486739688734955,3.912464441624408
158.24413269,38.48029589,-60.13836429,-28.2325105,15.0433729,-56.86805927,-0.0865103883616311,-2.4699847931676513,4.298667407844903
158.55947972,37.26556443,-59.6578061,-28.10876826,13.55311135,-56.53682135,-0.0920728157775544,-2.4911858566722094,4.64873856789616
158.9052611,36.05686337,-59.14384616,-27.95330245,12.0513359,-56.16448275,-0.0976632289773561,-2.5122816698415544,6.52734116156406
159.29192361,34.85644799,-58.60194897,-27.76447028,10.53687209,-55.76547403,-0.103241075278212,-2.5332328706141336,7.907407907707942
159.71102664,33.67082976,-58.01713632,-27.54407564,9.01618991,-55.31635541,-0.108767689449869,-2.553925812399301,7.070801784063718
160.15927906,32.49263766,-57.39765947,-27.29130653,7.4858648,-54.82595887,-0.114207122195078,-2.574489143765287,6.8235811314920625
160.62700779,31.32530886,-56.74407057,-27.00891589,5.95404282,-54.28843545,-0.119526763496087,-2.5948628747786415,-17.64820565482328
161.13088008,30.16792357,-56.04550423,-26.69938912,4.41921252,-53.72307167,-0.12469770839436,-2.6150630588032913,-3.834736203378597
161.43900555,28.87867119,-54.80708313,-26.39628809,2.97589435,-52.61941326,-0.129694815147799,-2.637564757723464,21.30593929211777
162.06246983,27.82123806,-54.60607487,-26.02825515,1.36491762,-52.46780496,-0.134496416010654,-2.6560204474616333,17.210672555290074
162.40898399,26.55410756,-53.31429415,-25.68585181,-0.0579385299999977,-51.33144553,-0.139083653033131,-2.678136046739075,20.363903064333222
163.12345923,25.57316244,-53.09015507,-25.23965199,-1.67446391,-51.11492997,-0.143439424922359,-2.6952567688644464,81.52920406526043
163.49380533,24.3462205,-51.78450648,-24.87356078,-3.06300385,-49.98277326,-0.147546946623487,-2.7166709454482527,90.1967587127439
164.87650111,23.79221475,-51.23769278,-24.20892735,-4.74462222,-49.59941475,-0.151388064267048,-2.7263401698607335,-76.58498823632343
165.26421864,22.6551228,-50.4825886,-23.81869212,-6.18623736,-48.913723,-0.154941831529497,-2.746186168286156,-94.0097132070683
165.76526849,21.5724674,-49.75915083,-23.35369511,-7.64398839,-48.21998761,-0.158183939059615,-2.765082069680653,43.50753792312201
166.11030117,20.42538912,-48.53464511,-22.954437,-8.95898117,-47.1195236,-0.16108699134633,-2.785102362444766,62.293651126346106
166.9816885,19.60199988,-48.21012131,-22.35589725,-10.47498225,-46.89288907,-0.163621093337069,-2.79947321570826,-16.01375193421184
167.34675009,18.55257177,-47.00166106,-21.90936738,-11.77631778,-45.68705284,-0.165754358488173,-2.8177891914907414,10.862489441443302
167.76950792,17.53978032,-46.03745007,-21.42137398,-13.09210409,-44.72362638,-0.167453291889696,-2.8354657369292884,53.20146834381756
168.46432947,16.7419919,-45.84956373,-20.8230176,-14.52926148,-44.44404087,-0.168683132915645,-2.8493897715925725,24.0709666876171
168.81596224,15.78238272,-44.65376048,-20.41408993,-15.66704539,-43.37228615,-0.169408268676189,-2.866138111315935,28.792686198175765
169.5606877,15.06932851,-44.30255417,-19.73671189,-17.07321036,-42.88043758,-0.169592821616327,-2.878583255025642,-2.573791669360226
169.88159686,14.18995506,-43.15156799,-19.35299712,-18.11549138,-41.85581925,-0.169201489606447,-2.893931217082764,37.13993104002444
170.30922316,13.38191838,-42.25543916,-18.8397773,-19.25730739,-40.92134827,-0.168200721439008,-2.9080341176256472,64.72427518248391
171.06623115,12.81032353,-42.15675242,-18.12958536,-20.57089594,-40.65538528,-0.166560325247149,-2.9180103297455906,19.558534843633346
171.37059717,12.06535103,-41.07434454,-17.75257926,-21.49192923,-39.66072052,-0.164255593244998,-2.9310125527074042,20.71530940126909
172.05120333,11.54275415,-40.76773036,-17.03956665,-22.7154378,-39.14447875,-0.161269887868874,-2.940133588924054,25.36916527453137
172.34125986,10.86747366,-39.76451118,-16.66768563,-23.56284437,-38.21766767,-0.157597245291185,-2.9519194568490343,54.23224758274614
172.95757788,10.42053938,-39.50383984,-15.9714924,-24.67923397,-37.72336295,-0.15324438851623,-2.959719931575064,24.71096845232612
173.09628732,9.98032418,-38.82310536,-15.78055632,-25.31952869,-36.93760161,-0.148232225803783,-2.96740313623239,-32.57342715049294
173.76833502,9.43990803,-38.32925127,-14.91180157,-26.48804881,-36.27941415,-0.142597611258569,-2.9768351773808415,23.184665804172333
174.02649176,8.90654271,-37.43294284,-14.55015891,-27.16210679,-35.43709876,-0.136395825312958,-2.9861441583307946,69.87747499073382
174.61173507,8.59211503,-37.10367595,-13.84119577,-28.1226597,-34.99107428,-0.129703544292107,-2.9916319566062017,23.992583950902535
174.90854564,8.23312968,-36.36505975,-13.41179354,-28.81288152,-34.06268844,-0.122621794205244,-2.997897432930126,-1.6837679986236864
175.21258659,7.88178941,-35.70002153,-12.94367504,-29.48155594,-33.22025451,-0.115278341446169,-3.0040294774364718,33.38580810412051
175.53475973,7.55006937,-35.0768582,-12.4222985,-30.17302324,-32.38148796,-0.107828945057298,-3.0098190843293198,40.675343276701525
175.96973483,7.36275038,-34.7951576,-11.64842075,-31.034367,-31.77917198,-0.100456881290097,-3.0130884174563297,53.27337590900871
176.23431637,7.10006161,-34.01966373,-11.26757895,-31.54295174,-30.87217239,-0.0933701508491416,-3.0176732014008434,50.39268205331737
176.6578959,7.14894531,-33.27164957,-10.68696187,-32.27333729,-29.94755792,-0.0867957927171014,-3.016820019885287,-27.885018994022737
176.94112425,6.93878265,-32.48575539,-10.23520264,-32.76870792,-28.89428889,-0.0809707607306454,-3.0204880502670353,-24.3406898702192
177.2366352,6.77537085,-31.63490237,-9.72172761000002,-33.28912755,-27.70939069,-0.0761288883490544,-3.023340124213646,23.984031837560593
177.52783827,6.63804181,-30.69632014,-9.17934252000001,-33.80972545,-26.40155614,-0.0724835643128566,-3.025736968120249,44.691225457804684
177.80739472,6.53921477,-29.67009197,-8.62928072,-34.32938546,-24.96330964,-0.0702160163413544,-3.0274618253582495,60.63483260938529
177.95774055,6.59336283,-28.33875476,-8.11700400999999,-34.77499988,-23.25324738,-0.069485130656648,-3.0265167634276824,4.113789916178057
178.0753604,6.65047069,-27.34447633,-7.69150824000002,-35.30182878,-21.92344314,-0.0704351376744045,-3.0255200432419143,-20.97517845490504
178.4163137,6.57225413,-26.40861421,-7.12563684,-35.79609841,-20.38549869,-0.0731469381824221,-3.026885179743498,23.38269958774397
178.64585302,6.64154769,-24.92409301,-6.58479084999999,-36.23277763,-18.24587896,-0.0775314076246107,-3.0256757789710695,21.10542539566662
178.84297135,6.68511843,-23.71161316,-6.05999270999999,-36.71271275,-16.34029671,-0.0832374981596304,-3.024915326100539,3.6873117321256643
179.00874599,6.75354987,-22.54990878,-5.5354696,-37.19994425,-14.37919309,-0.0896579811487379,-3.023720972160658,8.3042870529626
179.1688275,6.81910947,-21.43195858,-5.00399174,-37.70288907,-12.36669811,-0.0960473390687811,-3.0225767412843676,6.628236900296791
179.31199798,6.91313211,-20.34821224,-4.45375919,-38.22717645,-10.25932699,-0.101687627699496,-3.0209357366449505,3.3808650767364057
179.46965032,6.99107751,-19.27570436,-3.87531369999999,-38.78264855,-8.03272771,-0.106023263360826,-3.0195753327781665,10.512573615697463
179.62182465,7.09208528,-18.24019638,-3.28129017000001,-39.36340685,-5.70188812,-0.108724794777023,-3.0178124146215692,15.917727409431315
179.74670329,7.22327816,-17.27963879,-2.6723088,-39.95878461,-3.30263752,-0.109689896603291,-3.0155226669103956,8.70618401982437
179.83285818,7.36224031,-16.39118626,-2.06086597000001,-40.57201198,-0.843051489999997,-0.109003928955437,-3.013097319857245,4.989990579225001
179.91860139,7.50536157,-15.55383654,-1.42127853,-41.20790753,1.70810453,-0.106866119986616,-3.0105993826406423,14.807149971769462
180.05699676,7.66098588,-14.68152293,-0.743913429999992,-41.86378131,4.46253422,-0.103488614260799,-3.007883226034998,21.922822425572974
180.15432013,7.8722837,-13.910478,-0.0643226299999924,-42.51777935,7.27028988,-0.0990047188718867,-3.004195383373712,-12.317380197930383
180.22458636,8.08533997,-13.19579967,0.631502399999988,-43.17214595,10.14077619,-0.0934361228453187,-3.0004768499701937,-10.289925453674797
180.02304401,8.16863244,-12.72924078,1.30788916,-43.87374235,12.78204388,-0.0867228202500564,-2.999023122126575,56.53033831680698
180.23780195,8.45073713,-11.9669555,2.07245237000001,-44.49970054,16.02758048,-0.0787651798805115,-2.994099466450757,49.5534614264459
180.35234896,8.78887616,-11.32102347,2.80717805,-45.11013042,19.24484279,-0.0694402561453844,-2.988197827047757,0.709024300658001
180.42380914,9.10005471,-10.7273613,3.55751739000002,-45.71245338,22.46969196,-0.058597666406481,-2.9827667367886757,-5.233437829943455
180.46971259,9.41318229,-10.18471386,4.31361828000001,-46.28813451,25.71078336,-0.0460594129874122,-2.9773016295388732,-0.4241900573909163
180.48485151,9.7193869,-9.67871792,5.07948655999999,-46.83087619,28.96770946,-0.0316346161055379,-2.9719573509095887,4.9134666181815945
180.49131645,10.03505799,-9.20575202,5.84629647,-47.32842627,32.21932591,-0.0151301556568799,-2.9664478510357286,6.506056871335986
180.49799146,10.36687118,-8.76070151,6.60898164,-47.77658715,35.44197801,0.0036557430300942,-2.9606566183686835,1.2557050556116778
180.48344006,10.69421065,-8.3386652,7.36838846999999,-48.18053602,38.63336769,0.024931720241115,-2.9549434668454504,-1.5616228762382889
