thigh,shank,foot,thigh_,shank_,foot_,knee_moment
174.34839125,34.42077897,-33.57192318,25.95392088,16.26034095,-1.76244582,-0.148832572622579
173.75278917,35.38108913,-35.86106504,24.74453085,16.99301623,-4.46388826,-0.143417230734329
172.88999786,36.08218133,-38.32178863,23.3292422,17.78889384,-7.70361021,-0.136926411460216
172.09970272,36.93560883,-40.56349341,21.96749511,18.55942892,-10.48201043,-0.129582813660671
171.20397944,37.72710811,-42.74709014,20.52961224,19.38453653,-13.30107636,-0.121646976379443
170.31983102,38.58584394,-44.80081186,19.10721312,20.22419759,-15.90618986,-0.113382710080291
169.40015915,39.4364116,-46.72834984,17.65969958,21.07360132,-18.37835676,-0.104997665028931
168.44628468,40.28679632,-48.5439382,16.19770626,21.94085319,-20.70599482,-0.0966114369558038
167.69709832,41.33884755,-50.27161017,14.81792879,22.80810174,-22.8271718,-0.0882660416256133
166.46357616,42.0024002,-51.95916647,13.22267412,23.7181748,-25.05818821,-0.0799490125196047
165.67943168,43.08468739,-53.49332402,11.82542528,24.62117226,-27.04243889,-0.0716135747548599
164.57551982,43.8890656,-54.8360891,10.27372366,25.59973103,-29.03937023,-0.0631958462972852
163.50347107,44.73791562,-56.29563964,8.76243223,26.53094582,-30.94374251,-0.0546290162049686
162.43586036,45.58442427,-57.69773381,7.25925440999998,27.45919057,-32.78914168,-0.0458543277494665
161.48441307,46.53072243,-59.05949265,5.78534701999999,28.37009697,-34.54941236,-0.0368288091422772
160.41983899,47.3489006,-60.29021118,4.27603106999999,29.3077089,-36.28646312,-0.0275301359568746
159.31451985,48.10274635,-61.5867806,2.76020113000001,30.20591751,-38.03760953,-0.0179592301038582
158.21024554,48.8197626,-62.84514444,1.25420767,31.08527751,-39.75388662,-0.0081410370043317
157.0935964,49.48273419,-64.08963019,-0.245928050000003,31.93180761,-41.4524226,0.0018762367018039
155.97785952,50.0953199,-65.31753136,-1.74279048,32.73497413,-43.12961824,0.0120231633397315
154.83640452,50.63786635,-66.53271072,-3.23562698000001,33.48937659,-44.77535897,0.0222121335098482
153.77703231,51.17143434,-67.69632822,-4.71050493999999,34.20565629,-46.41082925,0.0323411047861054
152.6685842,51.61307921,-68.81388694,-6.18551253999999,34.85573288,-47.97157215,0.0422977729145153
151.60994192,52.01424457,-69.90385728,-7.64882882999999,35.44841734,-49.52662736,0.0519638940966866
150.2877126,52.18133848,-71.04289702,-9.08844995000001,35.95055421,-50.89732768,0.0612195087159552
149.40140642,52.53768412,-72.0338985,-10.54470184,36.412538,-52.47392012,0.0699468506672836
148.45080537,52.78938026,-72.9082992,-11.98155578,36.80536706,-53.87095035,0.0780337838432643
147.47443751,52.94492887,-73.73965724,-13.40857204,37.12097922,-55.19905696,0.0853766686573636
146.48466496,53.00432357,-74.51571534,-14.82845466,37.35782347,-56.45826523,0.0918825992254965
145.51909147,52.9958126,-75.2316409,-16.23264089,37.51577476,-57.65807808,0.0974709798340417
144.57797076,52.91985021,-75.87556432,-17.62804013,37.59531365,-58.79730153,0.102074445460465
143.35916923,52.54561556,-76.4732939,-19.04383126,37.57992392,-59.65214966,0.105639166817125
142.57330856,52.42443255,-76.98568291,-20.40974636,37.52298638,-60.78685267,0.108124607763115
141.76219826,52.19751307,-77.39513158,-21.76131016,37.38128755,-61.75026468,0.109502822260953
140.93820744,51.8636763,-77.71219289,-23.10185015,37.167855,-62.61750341,0.10975739038056
140.11296263,51.44461997,-77.95717954,-24.42595761,36.87914202,-63.39241358,0.108882099196197
139.29061429,50.9493487,-78.13670429,-25.73418979,36.52262983,-64.08653146,0.106879475437155
138.49739372,50.39260321,-78.23623389,-27.01246796,36.090984,-64.72240721,0.103759272950536
137.70216702,49.73827696,-78.2456057,-28.28616438,35.61061291,-65.26436034,0.0995370101313746
136.94415886,49.05367757,-78.19832907,-29.51383604,35.04789218,-65.73305792,0.0942326413914628
136.20269706,48.29621702,-78.06454887,-30.72347605,34.43593718,-66.1242268,0.0878694333471517
135.48117391,47.45468028,-77.83483164,-31.90237585,33.78500977,-66.43064007,0.0804731014034671
134.78650374,46.57155806,-77.54397816,-33.04716566,33.06215792,-66.64954279,0.0720712463526907
134.11677705,45.62845034,-77.17318588,-34.16123729,32.3013694,-66.79573339,0.0626931139373847
133.47504975,44.62045237,-76.75152677,-35.25412945,31.47035496,-66.71835493,0.0523696834104491
132.90023479,43.6369383,-76.25247126,-36.2258522,30.58917053,-66.7695537,0.0411340743472684
132.29069262,42.55883698,-75.68331288,-37.28308174,29.76510437,-66.78990294,0.0290222448062952
131.77513379,41.45282879,-75.01359291,-38.20407912,28.81787627,-66.58370579,0.0160739388517541
131.35585719,40.32607964,-74.27879437,-39.09077849,27.8293084,-66.1117958,0.0023338279077079
130.87650937,39.20057179,-73.54581661,-39.94305811,26.84149134,-65.95681549,-0.0121472209019001
130.43249035,37.99844812,-72.69818313,-40.79044127,25.83587249,-65.62870002,-0.0273108245714998
130.06182167,36.80433227,-71.80007165,-41.55332558,24.79496198,-65.1718146,-0.0430897922583702
129.86148216,35.6560438,-70.80705642,-42.2202363,23.70889262,-64.41971532,-0.0594069433553831
129.53746009,34.44465944,-69.84133092,-42.91666127,22.63753321,-64.0116171,-0.0761741162198807
129.29718107,33.23074949,-68.80008528,-43.54109421,21.54254882,-63.39951801,-0.0932914441636636
129.27068043,32.1354081,-67.69089759,-44.05148756,20.426047,-62.54648768,-0.110646968386345
129.04173138,30.90673313,-66.62257322,-44.61571787,19.31890383,-62.0162093,-0.128116647687205
128.92659499,29.70398926,-65.47924489,-45.10671322,18.20460488,-61.28564978,-0.145564811922588
129.06884916,28.65805406,-64.27090239,-45.46377588,17.05816766,-60.31561174,-0.162845091282137
128.96500903,27.47699361,-63.14171578,-45.90000757,15.96190047,-59.70427845,-0.179801838599324
128.99103979,26.33464361,-61.93823216,-46.2537872,14.85527629,-58.89530592,-0.196272042664482
128.95800601,25.25323807,-60.87928662,-46.45225974,13.62035634,-57.94440423,-0.21208769833724
128.95238585,24.1550027,-59.77318053,-46.64055991,12.44799553,-57.04911075,-0.227078560113239
129.55062052,23.30816946,-58.34474512,-46.93048557,11.54478051,-56.20867504,-0.241075173018042
129.57035641,22.28059238,-57.29122502,-47.05599823,10.41957611,-55.34354456,-0.253912047876506
130.05412812,21.48711772,-56.04670821,-47.28996502,9.50809636,-54.70907179,-0.265430822927224
130.11706507,20.53202329,-55.0315289,-47.35045729,8.46749743000001,-53.8592184,-0.275483233529544
130.59561639,19.78244447,-53.8598731,-47.52127243,7.60968317,-53.24294358,-0.283933699585537
130.71405593,18.91781487,-52.88953098,-47.51510818,6.65728581,-52.41850883,-0.290661337901297
131.28285253,18.33150223,-51.81808965,-47.62184411,5.87761819,-51.88660941,-0.295561216879956
131.44088691,17.56733232,-50.91339907,-47.5638432,5.02471611000001,-51.10628561,-0.298544696174004
131.82028774,16.93733223,-50.01808615,-47.54135346,4.24880455,-50.50798801,-0.299538735258888
132.49661702,16.59923835,-49.08082696,-47.5517324,3.57955666000001,-50.01252651,-0.298484113927755
132.7157116,16.02182281,-48.2973557,-47.4288834,2.93624712,-49.37554821,-0.295332586696644
133.52536566,15.92375415,-47.44512773,-47.42142312,2.40364275,-49.00247154,-0.290043093004399
133.76634331,15.45009012,-46.74750288,-47.25262024,1.85902201000001,-48.4002408,-0.282577265353704
134.04942595,15.0401141,-46.08306193,-47.07145261,1.35651008,-47.83939017,-0.272894616174509
135.06117517,15.29679147,-45.28688227,-47.03022652,0.978442819999996,-47.51508563,-0.260947937154511
135.31576187,14.99884619,-44.73148311,-46.84012327,0.595670490000002,-47.00595531,-0.246679605816314
136.13170737,15.25218435,-43.93799682,-46.71259231,0.296312539999999,-46.45170913,-0.230019653027999
136.38507511,15.0695286,-43.48754019,-46.5156358,0.023907530000006,-46.01731945,-0.210886592723247
136.6667893,14.95378612,-43.01974544,-46.30893923,-0.233150190000003,-45.52281132,-0.189192147952223
137.53434274,15.46261536,-42.11685155,-46.15299937,-0.395186239999999,-44.77965784,-0.16484013669131
137.75997642,15.44140918,-41.80145468,-45.9818356,-0.572764669999998,-44.35445453,-0.137692101718149
138.20797777,15.69744662,-41.11525912,-45.74255646,-0.754875029999997,-43.40205075,-0.107471466620063
138.75898053,16.08250602,-40.54246008,-45.60930307,-0.828105949999994,-42.85315931,-0.0736091623783001
139.0241097,16.24199178,-40.21736774,-45.39008896,-0.97937649,-42.15683868,-0.0351388537554476
139.31412931,16.48578603,-39.78334219,-45.18412151,-1.11193474,-41.3368735,0.0091661088675248
139.61093689,16.76256692,-39.41755758,-44.98741737,-1.23893604,-40.56421722,0.0603739309492708
139.90192631,17.05439202,-39.11054503,-44.78449572,-1.37911052,-39.77003096,0.118901851215138
140.18032911,17.35181261,-38.85900432,-44.57082802,-1.53343319,-38.94599927,0.18420336436854
140.76745451,17.81746013,-38.52540829,-44.30591809,-1.77945424,-38.17807065,0.254787396941843
140.9686076,18.07442818,-38.3897396,-44.02513584,-1.9764315,-37.20462374,0.32855643910379
141.26190404,18.16467787,-38.02207962,-43.5298749,-2.4205794,-35.95441396,0.403250848317094
141.53613207,18.46849509,-37.90524617,-43.17473355,-2.66822594,-34.82613273,0.476782023216488
141.85484941,18.70595086,-37.63805387,-42.7440119,-2.98665695,-33.44096539,0.547407594247748
142.29675581,18.82511923,-37.34481073,-42.0138393,-3.61271988,-31.8086168,0.613787794230493
142.64774605,19.02010363,-37.04538214,-41.49584219,-3.98027122,-30.27201556,0.674971211591837
143.04697231,19.19286443,-36.65244656,-40.87802272,-4.41182443,-28.40865983,0.730356496297968
143.35970852,19.00397273,-36.23702179,-39.99206672,-5.11704385,-26.05631162,0.779636476432497
143.86895533,19.20806134,-35.81608357,-39.23509956,-5.62398612,-24.16802548,0.822706576819151
144.24615191,19.11608739,-35.33056399,-38.18370606,-6.39730446,-21.47160971,0.859555109629672
144.76166945,19.23778427,-34.77317004,-37.31604773,-6.93139797,-18.98642634,0.890198119460775
145.15055742,19.05652942,-34.30528815,-36.21047646,-7.71900829,-16.32479964,0.914693791237386
145.70663709,19.08122759,-33.63062486,-35.19855956,-8.32543468,-13.53977498,0.93318114518483
146.09925367,18.8856167,-33.1385029,-34.04893379,-9.06812481,-10.73497816,0.945880111432117
146.68785225,18.9382287,-32.46422718,-32.89859217,-9.77627043,-7.86155836999999,0.953082589816208
147.08509938,18.72500738,-31.99264937,-31.63921267,-10.59174311,-5.06505602,0.955175703610584
147.73143065,18.89598128,-31.47187764,-30.47705475,-11.30790302,-2.48524594,0.952653362321963
148.11060894,18.5531859,-30.81392318,-29.09003671,-12.17082384,0.586100850000005,0.946069375338018
148.70618099,18.56489592,-30.14330955,-27.77635662,-13.00816469,3.40995151,0.935966371230049
149.19908659,18.45842397,-29.58235022,-26.39350154,-13.89059967,6.12302848000001,0.922827747002514
149.84720928,18.56914586,-29.15880016,-25.10580897,-14.74040654,8.36421501,0.907056604804342
150.24663933,18.28109765,-28.40023923,-23.56918221,-15.75309309,11.21471446,0.888980408504812
150.9895934,18.30532309,-27.86613377,-22.22315629,-16.70467363,13.35083079,0.868875433357578
151.25837026,18.00397062,-27.31150988,-20.60352136,-17.81460701,15.90661159,0.846978303228576
152.02581929,18.0414376,-26.73375861,-19.19140436,-18.84232215,18.13299938,0.823476691859635
152.75277735,18.1201754,-26.19814977,-17.7290166,-19.91630393,20.40389805,0.798516825729792
152.95329762,17.7585057,-25.50993402,-16.01719292,-21.17384255,22.61220302,0.772238592791716
153.71941225,17.78098978,-24.96723151,-14.52022544,-22.26887602,24.87396768,0.744802203731833
154.04549008,17.4701654,-24.36981436,-12.82558413,-23.55008513,26.90459163,0.71638911679
154.80511433,17.50029567,-23.8171629,-11.29975279,-24.65886811,29.17969935,0.687195701733734
155.17012777,17.15004985,-23.15748421,-9.58342545000002,-25.96430628,31.10546473,0.657425782293279
155.91592497,17.20155087,-22.63004673,-8.05072316000002,-27.05504378,33.35631471,0.627274753244048
156.32741275,16.91328968,-22.00036395,-6.35586827,-28.32402107,35.18301731,0.596920454820166
157.05215995,16.9312536,-21.44851886,-4.81515544999999,-29.37671304,37.39204312,0.566533365062892
157.46320709,16.54060187,-20.7547769,-3.11319541,-30.61341162,39.14772496,0.536287719170486
157.96730098,16.29569375,-20.19757765,-1.47662972000001,-31.68526197,41.09051168,0.506360406971099
158.53798705,16.09302545,-19.53148913,0.109706950000003,-32.71834115,43.0312444,0.4769260376059
159.05195124,15.951832,-19.05796267,1.68012499,-33.6733548,44.77411425,0.448152805372671
159.71799118,16.03535764,-18.58711349,3.15217339,-34.46902795,46.70995129,0.420197143388937
160.16616836,15.64870365,-17.9277955,4.76675875999999,-35.41723711,48.19920599,0.393198842010273
160.67517018,15.44086533,-17.38833718,6.31345462000002,-36.17777202,49.85087072,0.367278167254235
161.27799774,15.30539129,-16.74452266,7.81704514999998,-36.85426437,51.54881174,0.342533758802045
161.7786567,15.16256378,-16.3262714,9.31350953999998,-37.46558204,52.85118671,0.319041256820854
162.36518966,15.030771,-15.69963608,10.78703671,-37.98623473,54.41826862,0.29685356547659
162.92686685,14.88656924,-15.14281853,12.25776951,-38.43302078,55.76202742,0.276001173690388
163.4698475,14.75631979,-14.64330465,13.71593377,-38.78970688,56.98303252,0.25648918919025
164.00795727,14.6326197,-14.15438847,15.15938611,-39.05276488,58.13672908,0.23829186326624
164.54051677,14.51533772,-13.6799187,16.58369358,-39.2264559,59.20756385,0.22135036351834
165.07595898,14.3981853,-13.19139102,18.00174494,-39.31529148,60.22348194,0.205576336654341
165.58096727,14.26926175,-12.89044949,19.44978978,-39.29450669,60.93266008,0.190859670253661
166.10981521,14.16532543,-12.31426696,20.80740151,-39.21908984,61.93489571,0.177080963336933
166.63220587,14.02791838,-11.97098781,22.23613927,-39.03393612,62.52667172,0.164126138544401
167.1478838,13.8956985,-11.48204716,23.61129581,-38.78302375,63.24498967,0.151893748263351
167.64881785,13.78101395,-10.94033638,24.92443052,-38.46360882,63.93505048,0.140291069846908
168.14356319,13.64670895,-10.61281508,26.30098008,-38.020372,64.28189006,0.129226460434081
168.61388021,13.50569451,-10.03834567,27.57585738,-37.55562266,64.85089996,0.118605659587123
169.06973777,13.35528999,-9.73541613,28.91000351,-36.95352034,65.02978232,0.108332020490599
169.49865456,13.17759046,-9.27316295,30.18071519,-36.32029375,65.32956656,0.0983076348708356
169.91144264,13.07651452,-8.75507172,31.33570453,-35.62544144,65.6133076,0.0884349320216054
170.31093791,12.83577897,-8.43773796,32.60650282,-34.8513871,65.55487238,0.0786188393858073
170.68206728,12.63218627,-7.97059153,33.77273585,-34.03697792,65.64439064,0.068768127867907
171.0360486,12.4333471,-7.53171273,34.88063171,-33.15451753,65.58813344,0.0587957314522134
171.38480619,12.32087349,-7.04417383,35.8934205,-32.25518136,65.58139126,0.0486201624089622
171.71069,12.06060349,-6.76020582,36.9832812,-31.24365606,65.21227425,0.0381689504730038
172.02899476,11.96826271,-6.24965441,37.87936975,-30.22826455,65.07922459,0.0273802692325337
172.35492268,11.70220951,-5.93268154,38.89578716,-29.16239477,64.64776162,0.0162006934782179
172.67254095,11.52330288,-5.45742089,39.78335987,-28.07420494,64.33793937,0.0045843093375099
172.9889439,11.37298626,-5.03233132,40.6024742,-26.94820638,63.89409817,-0.0075042914433565
173.31024051,11.25074747,-4.62759567,41.36335544,-25.78830574,63.37871027,-0.0200874746181116
173.60649292,11.16191189,-4.15785639,42.04850836,-24.62222253,62.89015213,-0.0331752557622655
173.92046137,11.04071696,-3.7165849,42.69992496,-23.43911299,62.26932952,-0.0467679175606849
174.25192219,10.97194313,-3.3299551,43.28604538,-22.23086191,61.56175799,-0.0608582221756593
174.5769253,10.94501787,-2.94979989,43.79500682,-21.00882634,60.8134658,-0.0754319211305713
174.90568154,10.94957656,-2.58717449,44.23927575,-19.78038066,59.99980077,-0.0904648931594407
175.24100768,10.98933022,-2.24078725,44.61620268,-18.55239947,59.1279274,-0.105916349834814
175.58355132,11.06369997,-1.90785721,44.92709422,-17.3311324,58.20383248,-0.121723556035952
175.94409012,11.19159602,-1.60327511,45.16932517,-16.11511066,57.21695733,-0.137802283999065
176.10338485,11.33655693,-1.47341199,45.29356947,-14.8760526,56.19836821,-0.154048805679135
176.55520924,11.44610307,-1.06899964,45.48100668,-13.74420452,55.13162754,-0.170339328821323
176.69610089,11.61055972,-0.97326867,45.49797996,-12.56746971,54.08532584,-0.186529080864524
177.32979138,12.03308239,-0.660846019999999,45.5096004,-11.45495926,52.91370156,-0.202452908922727
177.43710797,12.16143938,-0.56027276,45.46233694,-10.37125543,51.89201409,-0.217925457079958
177.84266935,12.46183304,-0.364486540000001,45.38440637,-9.29989214,50.62158222,-0.232743190585074
177.9458982,12.60439907,-0.274163869999999,45.25110781,-8.32949839,49.65177488,-0.246694036653587
178.56413747,13.17314546,-0.0567246400000005,45.06083804,-7.3503334,48.45918731,-0.25957266907141
178.62425198,13.31336797,-0.0351177399999987,44.85752503,-6.46279798,47.48905361,-0.271194328637233
179.12644003,13.87000862,0.0858811599999996,44.59592509,-5.55034308,46.31826718,-0.281403943777306
179.1685481,14.0222327,0.0626981400000002,44.32620887,-4.77050554,45.38904841,-0.29008062006704
179.62817905,14.62168654,0.11539011,43.99623021,-3.94130286,44.29834237,-0.297134364818962
179.65456497,14.79898504,0.0317475399999996,43.66681508,-3.26101301,43.3943027,-0.302491721224525
179.8338623,15.27338152,-0.1815082,43.28136771,-2.50289803000001,42.28567725,-0.306086585290083
180.24695089,15.82126757,-0.0707683500000016,42.90821839,-1.88429693,41.45544642,-0.307875686667338
180.23143769,15.95454069,-0.169478160000001,42.56730872,-1.37602747,40.69403663,-0.307861167521803
180.27266688,16.41126144,-0.590828110000002,42.08634522,-0.770570839999994,39.59265126,-0.306093591107644
180.27281864,16.5794727,-0.699979899999999,41.73977301,-0.353044099999995,38.88977188,-0.302661244916267
180.62703885,17.44482009,-0.996507879999999,41.20846648,0.268231520000001,37.7073439,-0.297681845756221
180.60713017,17.76250948,-1.40708946,40.7907727,0.663157569999999,36.8767668,-0.291299759809232
180.78123341,18.52927272,-1.7284817,40.26295395,1.25905200999999,36.04217512,-0.283687517730856
180.65955936,18.8824389,-2.32647131,39.82249749,1.61632563,35.00667521,-0.275049154957264
180.56319151,19.25663247,-2.92189506,39.39703227,1.9697858,34.01491711,-0.265616838293695
180.45464998,19.72572841,-3.69132693,38.95816384,2.33742506,32.89901898,-0.255637965662193
180.1707544,20.35491533,-4.49746955,38.3540302,2.96784953,31.80401623,-0.245371786498134
180.06443228,20.86566215,-5.42690226,37.92717609,3.29192236999999,30.66112542,-0.235097805800408
179.92111226,21.43894201,-6.5290913,37.47967168,3.63977448,29.35391037,-0.225131938666728
179.60397903,22.03121798,-7.91648788,36.89686463,4.12285019,27.55487492,-0.215888306296565
179.44464147,22.66156105,-9.08503052,36.40938755,4.51241644,26.35747999,-0.207873179328208
178.82226295,23.46578155,-10.71606867,35.55404167,5.36474527,24.67190149,-0.201444852694007
178.65097685,24.18793547,-12.20227824,34.97678518,5.78792753,22.98754269,-0.196633250435426
178.41008264,24.98137001,-13.98961109,34.3207129,6.27050666,20.98028822,-0.193334066919476
178.10167205,25.78973485,-15.9466313,33.57261531,6.81750162,18.7398771,-0.191509591805527
177.37710675,26.67677883,-18.29164708,32.47934035,7.79324188,16.07289654,-0.191075260755221
177.06111155,27.55724656,-20.55774771,31.65496713,8.35490853,13.46581082,-0.191766092773553
176.65187569,28.4671489,-22.96258675,30.71443401,9.01446117,10.70640076,-0.193185984778498
175.96653441,29.28734206,-25.54151651,29.50859251,9.93195072,7.64946103,-0.194879522546485
175.53112275,30.33308101,-28.10712018,28.48012009,10.62499256,4.69863322,-0.19633401911103
174.88494468,31.15992102,-30.9227813,27.22661938,11.48128639,1.16990916,-0.196993138650722
174.2291008,32.11731261,-33.70175189,25.95358901,12.35209126,-2.16232729,-0.196351132811068
173.51117577,33.07004442,-36.49314998,24.61618057,13.2743182,-5.52372967,-0.194070130528419
172.79909369,34.04760851,-39.24275412,23.25931416,14.17447885,-8.87740144999999,-0.190009959904539
172.01592444,35.01260671,-41.98783073,21.83430761,15.13689164,-12.26020251,-0.184169978190713
171.29486833,36.09633222,-44.57123022,20.46048359,16.06158203,-15.30204304,-0.17665215256746
170.32848614,36.96009697,-47.23906211,18.87901292,17.12924258,-18.80282269,-0.167683637312746
169.39340595,37.93282627,-49.69978222,17.35346552,18.15692258,-21.87064147,-0.157593890189839
168.4402142,38.90904286,-52.03107231,15.81974206,19.19612743,-24.81336634,-0.146703718587366
167.79177503,39.99192017,-53.85052108,14.43144288,20.19128505,-27.13380712,-0.135240563853597
166.49085112,40.92182098,-56.29069508,12.72910361,21.344459,-30.30462616,-0.123337663827622
165.39902646,41.86731801,-58.20046979,11.1692538,22.41008699,-32.69393303,-0.111062796510776
164.49759414,43.00551505,-60.08250554,9.69049414999998,23.45945567,-34.97816072,-0.0984430688298581
163.75331354,44.08364734,-61.75714089,8.23671913999999,24.52251012,-37.21985465,-0.0854855599288113
162.09070807,44.74375622,-63.51722137,6.49882601000002,25.66107812,-39.46648006,-0.0721936195438567
161.17038892,45.86270815,-64.91390605,5.04019327999998,26.73888292,-41.36213687,-0.0585786722806003
160.39165977,46.96446696,-66.55417676,3.57948535999998,27.77666117,-43.48837509,-0.0446678480940319
158.71114095,47.55932258,-67.91194303,1.89534722000002,28.89327168,-45.29377427,-0.0305082494899926
157.75831054,48.55153829,-69.04339143,0.42124862,29.94099694,-46.96734551,-0.0161686186119516
156.68118031,49.44171476,-70.22088082,-1.08213347,30.97032328,-48.65131997,-0.0017388877693439
155.51363491,50.21898302,-71.45140501,-2.60725610999998,31.95503075,-50.3407402,0.0126719998073093
154.44462006,50.97920511,-72.59283919,-4.11519826999998,32.8995618,-51.99758968,0.0269396005659026
153.15419294,51.59042654,-73.85128693,-5.62817741000001,33.79370912,-53.58927107,0.0409284081362282
152.19374404,52.2504258,-74.84120894,-7.13501982999998,34.63245831,-55.20807842,0.0544968220783303
151.15658703,52.85336614,-75.7529662,-8.61009290999999,35.42020014,-56.63917015,0.0675022697108406
150.10804379,53.35509548,-76.68845676,-10.08857633,36.13245032,-58.0871746,0.0798061303506806
149.07042303,53.78597604,-77.5842861,-11.55812726,36.77407001,-59.48631637,0.091278177471628
148.07020936,54.14679532,-78.41701825,-13.00912791,37.33870486,-60.83861874,0.101800344361091
147.0675934,54.42126163,-79.18026076,-14.45718315,37.81141307,-62.10159967,0.111269678483806
146.09265721,54.62259852,-79.88682771,-15.88458847,38.20148231,-63.30696565,0.119600389156128
145.12972783,54.7383932,-80.51494521,-17.30195603,38.50635137,-64.43409735,0.126724948752784
144.0117831,54.69448946,-81.06932659,-18.71406714,38.71013775,-65.22785914,0.132594270923651
143.19501424,54.69495948,-81.63652289,-20.0973705,38.84893824,-66.46281399,0.137177043694248
142.35881023,54.60944926,-82.01520334,-21.45230197,38.88007816,-67.37471256,0.140458337693416
141.52846155,54.43894329,-82.31902598,-22.78058932,38.82318342,-68.1861635,0.142437639530699
140.70819563,54.18008411,-82.54342184,-24.08850807,38.67423297,-68.89367624,0.143126477821874
139.91015103,53.85130484,-82.71261526,-25.37920946,38.44150355,-69.55186251,0.142545815297876
139.14012675,53.44807083,-82.79736655,-26.63961433,38.12112358,-70.11136468,0.140723376218165
138.31645875,52.89194467,-82.81945274,-27.92822889,37.72550598,-70.43808628,0.137691065858083
137.61779701,52.40666288,-82.82166501,-29.13301398,37.26646953,-70.9719697,0.133482620153259
136.93540665,51.80721763,-82.64671121,-30.31490136,36.73300487,-71.315718,0.128131600594237
136.29515339,51.14926709,-82.35244665,-31.45160424,36.08402838,-71.36646644,0.121669824091658
135.64185908,50.43759628,-82.11096778,-32.56906787,35.4228905,-71.66037102,0.11412629146018
135.00265025,49.6339555,-81.72507095,-33.66769216,34.69364893,-71.76252936,0.105526652487857
134.3849617,48.76881465,-81.25784689,-34.7319199,33.91099535,-71.77014411,0.0958932207288066
133.79420613,47.83804206,-80.70545756,-35.75492409,33.06734586,-71.68245976,0.0852455272872581
133.23467788,46.84768978,-80.06830138,-36.73032464,32.16242069,-71.48144537,0.0736013800570601
132.69644451,45.81670341,-79.37810489,-37.67159255,31.21181789,-71.21268278,0.060978373481083
132.17981793,44.73398485,-78.61785067,-38.57875474,30.22225744,-70.87876247,0.0473957744024371
131.6868962,43.59672148,-77.77831471,-39.45010164,29.19779058,-70.47388549,0.032876692469652
131.22382577,42.42901922,-76.87542155,-40.2802097,28.14347222,-69.98181355,0.0174504292970404
130.78952585,41.21636255,-75.90564728,-41.06323451,27.04005055,-69.42399901,0.0011548897587095
130.38682572,39.96531371,-74.86167457,-41.7997414,25.91048257,-68.78894129,-0.0159610679002747
130.02126893,38.6891539,-73.7490546,-42.48661542,24.75524384,-68.07056727,-0.0338354683510541
129.69239352,37.39143421,-72.57710231,-43.12486063,23.57325849,-67.28798854,-0.0523913635882791
129.41225785,36.08195845,-71.33569339,-43.70478315,22.3685536,-66.41369033,-0.0715353977619489
129.17813839,34.77046238,-70.0480764,-44.22999522,21.14480328,-65.48428743,-0.0911568889890651
129.00147863,33.57565614,-68.98162203,-44.59445079,19.75293137,-64.48148404,-0.111127502535865
128.76689523,32.09915094,-67.46079077,-45.16849438,18.63515187,-63.63155108,-0.131301561731823
128.78387681,30.82833461,-65.88937847,-45.46349587,17.35233661,-62.26897716,-0.151517010411557
128.6990536,29.63871484,-64.74982789,-45.71047974,15.98029324,-61.21476963,-0.171597005320977
128.88731663,28.41672773,-62.979837,-45.9652151,14.80874695,-59.89191631,-0.191352082377068
128.85007265,27.22509483,-61.80096834,-46.14991988,13.45953961,-58.8209688,-0.210582811253893
129.09200701,26.0406088,-60.121685,-46.36042716,12.29776173,-57.63805378,-0.22908282271594
129.11422466,24.89611749,-58.94082223,-46.46850555,10.99612292,-56.54760751,-0.246642053383464
129.46723866,23.80712248,-57.33370565,-46.57519779,9.84456721,-55.38922321,-0.26305001522649
129.81654512,22.84734431,-55.9695281,-46.58559958,8.65082336,-54.26834601,-0.278098879852781
130.05730691,21.82771635,-54.69030276,-46.60305908,7.46365373,-53.17271326,-0.291586167410193
130.47148148,20.95856282,-53.40693364,-46.54955119,6.3613132,-52.14095134,-0.303316839329792
130.60327551,20.01510737,-52.33980191,-46.50998965,5.28728600000001,-51.1581275,-0.313104615897507
130.78886916,19.11993129,-51.27815772,-46.4309691,4.27366098000001,-50.20636703,-0.320772377833049
131.64138867,18.55772943,-49.96938435,-46.30584245,3.30228788999999,-49.35748221,-0.326151569172043
132.19874973,18.01666115,-48.95679768,-46.1576935,2.38686628,-48.53946435,-0.329080600140481
132.39856908,17.304194,-48.06638141,-46.03466525,1.55388012999999,-47.71801869,-0.329402354138591
133.0020646,16.82941001,-47.15234864,-45.86649448,0.696340469999996,-46.9751505,-0.326961031610361
133.24072907,16.26872873,-46.36829591,-45.71343139,0.0445533400000002,-46.3124161,-0.321598713957848
134.1854024,16.19909776,-45.50488844,-45.53456203,-0.606521050000001,-45.80870145,-0.313152199336746
134.41710796,15.75765605,-44.84279006,-45.37209329,-1.16627371,-45.18487244,-0.301450843776784
134.70555609,15.38500229,-44.20461777,-45.17608522,-1.66882565,-44.59949371,-0.286316328671343
135.01916885,15.09423695,-43.61249624,-44.98746558,-2.12275778,-44.04890886,-0.267565460237045
136.23866048,15.53670591,-42.7852891,-44.85956685,-2.50403426,-43.61677289,-0.245017275309298
136.46204605,15.34559866,-42.35011296,-44.70528807,-2.82197817,-43.16604352,-0.218505866003903
137.11424374,15.5150579,-41.56085932,-44.50941036,-3.12999382,-42.32660279,-0.187900430751735
137.32084163,15.43684828,-41.24254083,-44.39039987,-3.31218072,-42.03969503,-0.153123927328589
137.96347562,15.7540095,-40.44437888,-44.24929481,-3.48844818,-41.18173335,-0.114140107373271
138.15823119,15.77935199,-40.22424861,-44.14902218,-3.60729294,-40.91858127,-0.0708830441368672
138.89612036,16.31774,-39.56991256,-44.08367457,-3.67459253,-40.24906143,-0.0231342786583605
139.136654,16.47093329,-39.18433565,-43.9068818,-3.81335854,-39.47919344,0.0295998398222802
139.39089633,16.72093458,-38.78113041,-43.79634377,-3.89853011,-38.70195696,0.0880660825640715
139.92722062,17.22544728,-38.43366216,-43.75792397,-3.9681686,-38.15912007,0.152957047623977
140.1094228,17.47439244,-38.22410561,-43.58727545,-4.08746967,-37.34448218,0.224416530126489
140.39161471,17.7233103,-37.7359342,-43.38714739,-4.2555083,-36.21836124,0.301695398971709
140.8450036,18.21658882,-37.55749981,-43.24518185,-4.43622019,-35.44839092,0.383216243706613
141.05402775,18.53979948,-37.45452707,-42.98363849,-4.62683317999999,-34.42261498,0.466953022724818
141.4534494,18.84464996,-37.10246454,-42.60781561,-5.00567816,-33.06468826,0.550827367847348
141.71709915,19.19019218,-36.96156732,-42.25493013,-5.25894221,-31.7996025,0.632969302824152
142.10992153,19.39863558,-36.53509315,-41.7498368,-5.73351664,-30.04163011,0.71185904020117
142.46269965,19.80052778,-36.41883816,-41.25855334,-6.08742062,-28.53771749,0.786369042866308
142.89204222,19.95306912,-35.99118059,-40.51273439,-6.73686875,-26.37149297,0.855735912688126
143.33050157,20.33760258,-35.78757133,-39.87336024,-7.19243619,-24.57867188,0.919498479621865
143.73605003,20.42631211,-35.31428166,-38.96382626,-7.9201435,-21.97619302,0.977390286693031
144.26841678,20.79505258,-34.89204707,-38.10324567,-8.50453426999999,-19.57500481,1.02922995385709
144.70479949,20.80676134,-34.44589245,-37.01511976,-9.32744366,-16.86477096,1.07489996326018
145.31865055,21.20977119,-34.04985255,-36.00449093,-10.02351337,-14.31713158,1.11436687615588
145.76300216,21.15873071,-33.53806599,-34.72007549,-10.93922232,-11.3414348,1.14765059129659
146.44971282,21.56561444,-33.137276,-33.5777768,-11.74304138,-8.70401273,1.17479737428844
146.89428571,21.45722857,-32.49306618,-32.12341641,-12.7314402,-5.42765554,1.19591838939869
147.6271181,21.86976175,-32.10282953,-30.83885694,-13.63246607,-2.73933735,1.21122296333072
148.05617766,21.73681597,-31.46316086,-29.25141588,-14.7076532,0.51843934,1.22099409041556
148.81935565,22.13928413,-31.0750097,-27.86341178,-15.70645833,3.22427909,1.22555888688258
149.22235896,21.99283233,-30.42680727,-26.18125527,-16.839847,6.40925798000001,1.22528265736072
149.99094901,22.37384612,-30.04536573,-24.70877136,-17.93552184,9.11298411,1.22054782743811
150.35083322,22.19516106,-29.41879739,-22.95307227,-19.1263165,12.15039575,1.21171612522498
151.12017855,22.56794159,-29.04802129,-21.41120859,-20.28969039,14.8401971,1.19911653035957
151.53518113,22.5042496,-28.32710425,-19.65541982,-21.51287267,17.80890641,1.18306176374828
152.01667149,22.51288041,-27.89311243,-17.94991617,-22.75951977,20.50781218,1.16386497442597
152.53096852,22.54116486,-27.40778351,-16.24320138,-24.00943261,23.19615031,1.14184478857991
153.05007413,22.56749752,-26.9192313,-14.52849223,-25.26444654,25.84052875,1.1173200835112
153.56792975,22.58140618,-26.43139601,-12.81406276,-26.51772412,28.44218251,1.0906054231791
154.39061666,22.76659685,-25.94934241,-11.17677209,-27.76405578,31.02727835,1.06201927025375
154.67124342,22.62670415,-25.37356466,-9.39738231999999,-28.98845372,33.5082892,1.03189756378752
155.45919023,22.80440761,-24.93592151,-7.77127231,-30.178368,36.01040911,1.000593596165
155.76583452,22.59890815,-24.3683764,-5.99441757,-31.36680859,38.37429692,0.968458188009917
156.24155119,22.48143046,-23.9550231,-4.28827558,-32.5062463,40.7080966,0.935817408355227
157.01118015,22.64899758,-23.48871576,-2.70163167000001,-33.55801021,43.06088318,0.902964770841662
157.46423323,22.52476514,-22.89322587,-1.00092815000002,-34.61388858,45.2028259,0.870162805211702
158.19054341,22.65668041,-22.44729567,0.551481940000002,-35.54790331,47.39995268,0.837645111473223
158.59642863,22.33895461,-21.86208827,2.27529233999999,-36.51794285,49.38631061,0.805618968188063
159.28785582,22.49246311,-21.45053762,3.78299111000001,-37.29222277,51.41269826,0.774265920519241
159.68957968,22.16036241,-20.88293229,5.44605056,-38.12722086,53.26931583,0.743735646132779
160.36583685,22.2890255,-20.43309973,6.94292382999998,-38.73044209,55.13431515,0.714136792467809
160.98412757,22.04320421,-19.62369719,8.55791690999999,-39.39741979,57.03090054,0.685536335386513
161.54919752,21.91896958,-19.03393186,10.1054463,-39.93004812,58.70080473,0.657974661264038
162.13300719,21.84918715,-18.47896474,11.62141115,-40.34721999,60.28961539,0.631484938262083
162.72487488,21.77276467,-17.90498139,13.12577809,-40.68133139,61.79423664,0.60609897220794
163.32115991,21.69781684,-17.32987878,14.61820047,-40.92252663,63.19756279,0.58183992584037
163.91868498,21.61668791,-16.75130022,16.09371375,-41.08122492,64.50360299,0.558714817737123
164.47250034,21.54450524,-16.32384471,17.55884556,-41.14529717,65.57964276,0.536715325136811
165.08071174,21.47212001,-15.68464318,18.99054414,-41.12237017,66.77914555,0.515822042666813
165.69354617,21.38338976,-15.08551147,20.42728525,-41.02248072,67.81261837,0.496000044894805
166.30069636,21.33193894,-14.66321237,21.85811388,-40.82516753,68.59099183,0.477189562521556
166.88723191,21.26963453,-14.03391571,23.23526381,-40.54256161,69.51546305,0.459308323118573
167.5107898,21.21958458,-13.57390916,24.63569439,-40.17140415,70.14867786,0.442264343453672
168.07966276,21.14326405,-12.9265049,25.97667653,-39.73261925,70.90636826,0.425962402060077
168.66363959,21.04716374,-12.31341836,27.33304587,-39.21741215,71.51647133,0.410300698157194
169.30316539,21.00291181,-11.88546697,28.69203846,-38.60396359,71.86197886,0.395170067715085
169.83134801,20.93738345,-11.24466479,29.95304291,-37.93694061,72.37830215,0.380462424124923
170.38839998,20.80960813,-10.60297538,31.25015959,-37.21161689,72.7656024,0.366077882059456
171.03611276,20.84854018,-10.209961,32.51113585,-36.34561213,72.91396495,0.351920866086915
171.52871648,20.73460794,-9.53724131,33.71880274,-35.47887908,73.19191402,0.337895367245492
172.13231336,20.70277059,-9.08515213,34.93430572,-34.50139383,73.19026827,0.323909793141662
172.60306605,20.57496502,-8.39224386,36.0912677,-33.53330334,73.3518813,0.309883953052277
173.20594195,20.5401226,-7.93097254,37.26422938,-32.43905391,73.21356634,0.295749589327655
173.69048696,20.40060095,-7.28195239,38.38477511,-31.34338694,73.15348844,0.281447691807898
174.21115336,20.28994441,-6.73039299,39.46760408,-30.19340524,72.9283075,0.266931687923096
174.7203445,20.19070797,-6.14876394,40.52568213,-29.0026059,72.69008705,0.25217711081237
175.2420139,20.10864805,-5.59246413,41.54212663,-27.76986587,72.35712568,0.23718351920539
175.78648016,20.10299728,-5.06282158,42.50167315,-26.48174346,71.95794867,0.221961557663863
176.20562904,19.95135239,-4.40722583,43.44206273,-25.20546171,71.59050523,0.206519012047521
176.72647843,19.89574454,-3.96049835,44.31667378,-23.86097552,70.92165125,0.190857483602304
177.20345398,19.80975299,-3.37657757,45.17073776,-22.52116508,70.36892397,0.174973853149734
177.70081669,19.77498446,-2.86961687,45.96133296,-21.15012519,69.68693463,0.15885888315046
178.18458303,19.73883476,-2.34692932,46.70911837,-19.76751783,68.97668058,0.14249667714033
178.58966054,19.65787946,-1.77896918,47.41177402,-18.39234113,68.29862435,0.125870039076828
179.16075635,19.73476801,-1.40932565,48.04909842,-16.96713808,67.3386227,0.108966224289959
179.53274165,19.65903181,-0.820238710000002,48.66330156,-15.58828265,66.6383696,0.091778703065603
179.96366657,19.60918229,-0.34208959,49.23817336,-14.20073855,65.76015832,0.0743109290704361
180.62884987,19.85263988,-0.036017649999998,49.72969299,-12.7710343,64.69797113,0.0565835833584949
180.99966687,19.81547176,0.510004609999999,50.22445867,-11.41203202,63.91743122,0.038639424829509
181.60933691,20.02879344,0.827131249999997,50.64242871,-10.02341282,62.86863149,0.0205426784138149
181.94275127,20.00000822,1.33235946,51.06066343,-8.69462132,62.06979234,0.0023713603110276
182.3537173,20.02952227,1.72612529,51.44122869,-7.38110248999999,61.15433373,-0.0157934322060655
182.84094957,20.15497747,2.09666299,51.79188238,-6.09312125,60.25821581,-0.0338708405114153
183.34423421,20.33640431,2.45379974,52.11012051,-4.83473908000001,59.39281867,-0.0517748042375266
183.56833463,20.49295999,2.63294644,52.28654325,-3.57744265,58.44756959,-0.0694095619627931
184.387001,20.80710523,3.07685317,52.66176231,-2.45599834,57.74026249,-0.0866728529469012
184.58067486,20.93781865,3.26844697,52.8026999,-1.30004506000001,56.88660987,-0.103464387638133
185.26515419,21.17710184,3.72522693,53.13429062,-0.279103740000004,56.3413166,-0.119693403551759
185.45809827,21.34433533,3.85351176,53.22235634,0.769903559999996,55.54031794,-0.135281430496831
186.19089271,21.71849258,4.22569122,53.49564097,1.70631516,55.06377689,-0.150160403936588
186.32385186,21.86749649,4.31465615,53.54034394,2.6225756,54.33832223,-0.16426895615788
186.99402038,22.18020787,4.72276115,53.78227165,3.42742688000001,54.11098503,-0.177547601339874
187.11931285,22.34765068,4.76203857,53.77773024,4.22654935,53.43756773,-0.189933138402413
187.42967411,22.63590432,4.82133306,53.81116666,5.00830424,52.96477124,-0.201353093459155
187.582322,22.77558261,4.92735462,53.79187364,5.64969841,52.4783498,-0.211716397630714
188.57397636,23.37955918,5.31553612,54.04151861,6.21336501,52.63401503,-0.220906606512444
188.67658579,23.54320351,5.30416515,53.93098805,6.7667966,52.06768271,-0.228794770097035
189.45036935,24.17197929,5.44030717,53.98082694,7.26410519,51.9136165,-0.235265218496097
189.53146743,24.31900397,5.41383311,53.83373193,7.70404566,51.43049322,-0.240230686382494
190.1706944,24.92505558,5.40245701,53.78699402,8.15056218,51.20958018,-0.243633834332455
190.23685397,25.0700729,5.34742137,53.59387061,8.50322366,50.74715743,-0.245445725209051
190.44888878,25.49744327,5.02946482,53.3648413,8.9292447,50.1818785,-0.245667293968754
190.55081192,25.66957957,4.97294522,53.15916056,9.21991311,49.77427036,-0.244335611978394
191.45016651,26.53686132,4.79883899,53.01855685,9.5109627,49.29835212,-0.241530913289461
191.49522384,26.70980575,4.64409605,52.76768358,9.74906412,48.80174537,-0.23737700811097
191.55600253,27.0096719,4.27381667,52.46649473,10.02953326,48.10020506,-0.232032994041739
191.63603051,27.36332687,3.80391294,52.15675027,10.28651187,47.30221747,-0.225687099847744
192.28659216,28.12253867,3.38442557,51.87984792,10.46398653,46.21664021,-0.218560665814425
192.32307396,28.48009851,2.8531952,51.59412177,10.66535544,45.48372748,-0.210910577056526
192.35190694,28.87339354,2.1460937,51.2604382,10.87013883,44.39668469,-0.203020856738679
192.38299866,29.27642426,1.39915841,50.93675435,11.05992791,43.26216245,-0.195196822186158
192.39684815,29.69924787,0.58585244,50.62005756,11.25178926,42.11152755,-0.18777204065677
192.38274467,30.13926085,-0.333686529999998,50.27001472,11.45509509,40.82204835,-0.18109144513471
192.54943564,30.95374271,-1.13807025,49.77899814,11.90628836,39.61973194,-0.175451638700419
192.38624994,31.33350871,-2.30922457,49.40021477,12.11251809,38.0661422,-0.171070467286049
192.20486473,31.76692833,-3.57126963,48.98364765,12.36693585,36.47975321,-0.168118112480392
191.82518466,32.31745321,-4.93039779,48.39082787,12.87975435,34.92717405,-0.166727854566629
191.70250529,32.90825268,-6.33100916,47.96837215,13.11308834,33.34857797,-0.166951296037574
191.49745185,33.48425128,-7.93519005,47.44300621,13.43004411,31.43137611,-0.168731077347537
191.13000794,33.93049196,-9.77655469,46.7937203,13.82503573,29.04672434,-0.171920141334475
190.55630128,34.57335577,-11.65236108,45.97356723,14.49824566,26.98260134,-0.176286978363398
