thigh,shank,foot,thigh_,shank_,foot_,knee_moment
187.10612252,27.75893995,-10.65694622,43.15485908,1.60585674,31.52095842,-0.235050188359944
187.02275577,27.92426806,-11.95268828,42.49685837,1.85768881,29.29323195,-0.224927388634939
186.90688818,28.07918395,-13.31652266,41.81448533,2.11467289,27.02549741,-0.215280448445126
186.7616905,28.23062743,-14.74577685,41.11103948,2.37606392,24.73515642,-0.206054033640257
186.60587618,28.38664799,-16.21529433,40.39206008,2.63946315,22.42651793,-0.197161020158162
186.42870125,28.54746133,-17.72746059,39.65267496,2.90806314000001,20.10492294,-0.188516547239717
186.19731347,28.69741941,-19.29122585,38.88578419,3.18996237,17.78900238,-0.180069596590609
186.01395477,28.91360896,-20.86659141,38.11172778,3.47492214,15.47453724,-0.171808760107112
185.75132258,29.11075691,-22.47911891,37.2963608,3.7833972,13.16895945,-0.163742245824964
185.49522387,29.3514079,-24.09535505,36.45992121,4.10796427,10.87931613,-0.155881538181284
185.25493084,29.64024394,-25.69189496,35.60254569,4.43658172,8.61391082999999,-0.148247533832186
184.97070294,29.96125102,-27.28943372,34.69999995,4.81260977,6.36352342,-0.140893359762432
184.66086547,30.32045871,-28.86863781,33.75943438,5.2199499,4.14295572,-0.133933188844468
184.32856202,30.72226348,-30.42300481,32.78190532,5.66126789,1.95625996,-0.127551056614612
183.97180163,31.18041787,-31.94243548,31.75628867,6.15499768,-0.21071714,-0.121956497234117
183.58700625,31.68611094,-33.43209598,30.69001479,6.69308865,-2.34097569,-0.117308630634578
183.16991504,32.23057621,-34.89804251,29.58810659,7.27331136,-4.4374135,-0.113669096381043
182.715821,32.84013825,-36.33332141,28.43149807,7.91900816000001,-6.51140688000001,-0.111000092591775
182.21875507,33.47631949,-37.75346616,27.23941295,8.60650895000001,-8.57330973000001,-0.109184749479553
181.67523024,34.15311836,-39.16903277,26.00651312,9.34734982,-10.6215909,-0.108053009967569
181.07141152,34.84490996,-40.59129622,24.73983815,10.13290998,-12.67895728,-0.107405445928991
180.43068589,35.5918079,-42.01140861,23.42984753,10.97143014,-14.71872278,-0.107032330622809
179.72119874,36.33830367,-43.45291737,22.09314143,11.84972086,-16.78399904,-0.106728225314468
178.96879167,37.11303923,-44.90633039,20.73105892,12.76810252,-18.83520981,-0.106302446786507
178.17250293,37.9070691,-46.38591421,19.3401406,13.71947306,-20.91558706,-0.10558585402091
177.33163464,38.71008476,-47.88283102,17.93589201,14.70011309,-22.98858887,-0.104434617104147
176.45519434,39.52521397,-49.40720336,16.51191032,15.70377318,-25.08981348,-0.102732051835089
175.54795634,40.34804477,-50.95345567,15.07558908,16.72639516,-27.20455499,-0.100389503234922
174.61275647,41.17467543,-52.51465171,13.63170452,17.76402686,-29.32203491,-0.0973465000454461
173.65434116,42.00289103,-54.08893233,12.18097567,18.81206722,-31.44388252,-0.0935700305392506
172.68495654,42.84168603,-55.67984497,10.72183481,19.86614684,-33.57813583,-0.0890530075937985
171.69247415,43.66390761,-57.25080511,9.26587105000002,20.92463262,-35.67971086,-0.0838121381839515
170.69836412,44.49218265,-58.8257437,7.79998224000002,21.98307278,-37.79502064,-0.0778853877320236
169.69829767,45.31577554,-60.38279557,6.33195154999999,23.03841129,-39.88798335,-0.0713291915291964
168.69485815,46.13245438,-61.91432774,4.86180496999998,24.08805167,-41.95314531,-0.0642155327313424
167.6889285,46.94101491,-63.4190037,3.38784951,25.12776718,-43.99469841,-0.0566289794622518
166.70410681,47.7575516,-64.88679085,1.90608618000002,26.15668728,-46.00217801,-0.0486637067350153
165.70196408,48.54165109,-66.29338168,0.429676209999997,27.16998698,-47.95895848,-0.0404203933107199
164.67120448,49.28565793,-67.66344062,-1.03536922000001,28.16030348,-49.84426991,-0.0320028819850131
163.67022922,50.03311788,-68.96932291,-2.50953321999998,29.13134887,-51.68542756,-0.0235147592537262
162.67900383,50.76510283,-70.22315669,-3.98856000000001,30.07624392,-53.48080407,-0.015056207102005
161.67840859,51.45929759,-71.40178544,-5.45857692999999,30.99276756,-55.193235,-0.0067213650426773
160.6757469,52.11601625,-72.50237651,-6.91761650999999,31.87964454,-56.81400682,0.0014037415340795
159.68383567,52.74835431,-73.542336,-8.37892296999999,32.73048995,-58.38065145,0.0092427180839742
158.69980444,53.34799047,-74.51754558,-9.83864147,33.54108282,-59.88768126,0.0167297879718516
157.7155396,53.90185494,-75.40519778,-11.28038837,34.31475289,-61.28274636,0.0238102845672022
156.74139463,54.41829099,-76.22817688,-12.71886128,35.04248346,-62.6193895,0.0304406924195875
155.77136656,54.89058593,-76.9895333,-14.15004292,35.72155449,-63.89103432,0.0365882914552411
154.80859818,55.31569068,-77.67612177,-15.56573104,36.35402932,-65.07414776,0.0422304639312736
153.85478934,55.69330131,-78.29803692,-16.96897634,36.93538657,-66.1864803,0.0473537239616498
152.9087881,56.02085451,-78.85779308,-18.35839053,37.46411992,-67.22740019,0.051952532772363
151.97188045,56.29723412,-79.3592442,-19.73330714,37.9385652,-68.20203198,0.0560279747454644
151.04386469,56.52088864,-79.80572565,-21.09273665,38.35724155,-69.11276273,0.0595863731245263
150.12580445,56.69109295,-80.19925675,-22.43581971,38.71888263,-69.96240562,0.0626379093335707
149.21723796,56.80649426,-80.54388634,-23.76271308,39.02271534,-70.75524696,0.0651952916670046
148.31985207,56.86715556,-80.84011694,-25.0716004,39.26802992,-71.49197742,0.0672725085392126
147.43316716,56.87135647,-81.09058736,-26.36334165,39.45256553,-72.17855703,0.0688836940770561
146.57525946,56.82848354,-81.27035331,-27.62293235,39.57667546,-72.7646481,0.0700421264482479
145.69558306,56.71337109,-81.46088718,-28.89053251,39.64576187,-73.39896251,0.0707593723576581
144.84897719,56.55232816,-81.57890312,-30.12483263,39.652724,-73.93375061,0.0710445849542838
144.01651618,56.33584707,-81.65558397,-31.34006183,39.60065925,-74.42583548,0.0709039572369539
143.20021463,56.06586761,-81.68798525,-32.53431367,39.49066722,-74.86918128,0.0703403290664203
142.40169525,55.74200258,-81.67704278,-33.70800222,39.32150638,-75.26948363,0.0693529430965201
141.6190188,55.36392156,-81.62035822,-34.86045264,39.0939277,-75.62186077,0.0679373432791998
140.87138795,54.94307691,-81.50698257,-35.98473583,38.81510266,-75.90124486,0.0660854090017099
140.12695997,54.46134758,-81.35741833,-37.09409933,38.47592537,-76.15248236,0.0637855182210382
139.38157129,53.91566781,-81.18122399,-38.18114555,38.06649862,-76.4106546,0.061022833890005
138.68935041,53.34140958,-80.93329067,-39.2208737,37.60412855,-76.56337339,0.057779709172557
138.00959119,52.71576246,-80.64339669,-40.26199538,37.11000417,-76.65842511,0.0540362080944604
137.33935377,52.0300503,-80.31383443,-41.25258992,36.53151489,-76.74067344,0.0497707390861099
136.69332821,51.30804384,-79.9315832,-42.24800807,35.93783794,-76.73522421,0.0449607990725605
136.0654691,50.53096522,-79.51363902,-43.18005119,35.25537295,-76.72062882,0.0395838251000471
135.45000042,49.71756787,-79.04063955,-44.12537676,34.56925684,-76.61279721,0.0336181488204033
134.85289053,48.85098783,-78.53811251,-45.00494053,33.79462907,-76.50167414,0.0270440465185818
134.27383333,47.94762495,-77.98493157,-45.87201676,33.00089731,-76.31505505,0.0198448738980976
133.71606634,47.00685316,-77.3820257,-46.70544234,32.16816102,-76.07126924,0.0120082706627579
133.17331534,46.02819595,-76.74021175,-47.51082315,31.29907123,-75.78077995,0.0035274151789127
132.64677324,45.01625069,-76.06582357,-48.28755337,30.39610242,-75.45125793,-0.0055976956083338
132.14806071,43.97521304,-75.34260799,-49.02411389,29.46608156,-75.06342335,-0.0153589709700316
131.67113161,42.91062305,-74.5931167,-49.7390523,28.51093476,-74.64899222,-0.0257389907073851
131.21954271,41.83234239,-73.78544505,-50.41863877,27.54929473,-74.14011294,-0.0367098481307194
130.77889761,40.709975,-72.97070844,-51.03054304,26.52733964,-73.64881707,-0.0482321145744402
130.3864559,39.60608497,-72.09855255,-51.63617263,25.52919404,-73.07553588,-0.0602539713438413
129.99955242,38.46152906,-71.21947857,-52.17890257,24.49434622,-72.49506757,-0.0727105571961972
129.65666889,37.33253617,-70.29692489,-52.69285844,23.46622268,-71.85972521,-0.085523580695708
129.34713658,36.20847451,-69.35111068,-53.17024217,22.43602776,-71.19451204,-0.0986012468836033
129.060623,35.07844446,-68.3846814,-53.59889764,21.3990098,-70.49156552,-0.111838546514204
128.81099039,33.96681997,-67.40375801,-53.99818668,20.36459902,-69.758236,-0.125117953480941
128.59457989,32.86310011,-66.4098416,-54.34821255,19.32702155,-69.00935067,-0.138310571823258
128.4087938,31.77333191,-65.41957709,-54.65401821,18.28626578,-68.2670884,-0.151277767606473
128.25683657,30.7110203,-64.41968736,-54.92604335,17.25561852,-67.47719847,-0.163873312618847
128.13774947,29.67610185,-63.426598,-55.15981712,16.2317475,-66.68779216,-0.175946055771799
128.04982643,28.67328948,-62.44762293,-55.35667541,15.21901947,-65.90105689,-0.187343123890163
127.99265264,27.70637762,-61.49626269,-55.51387327,14.21867246,-65.14196151,-0.197913636314867
127.9649839,26.78323662,-60.56347827,-55.64101769,13.23820158,-64.37058116,-0.207512898127919
127.95377246,25.89327879,-59.66185048,-55.73063147,12.26800579,-63.60577093,-0.216007013289337
127.99581667,25.08616227,-58.80299207,-55.80148483,11.34532755,-62.87656931,-0.223277828059653
128.04733803,24.31574485,-57.97947434,-55.84907879,10.4415047,-62.15021721,-0.229228079168013
128.13620866,23.61045305,-57.21682735,-55.8618283,9.58765814,-61.50552794,-0.233786585999308
128.23766892,22.95801583,-56.50884478,-55.83950807,8.73972673,-60.86922152,-0.236913290848624
128.36914729,22.37330428,-55.84130976,-55.81187966,7.96371452,-60.25981938,-0.238603913201932
128.52233843,21.85164996,-55.23526726,-55.75700393,7.22350330999999,-59.7020655,-0.23889394411881
128.69216173,21.39045563,-54.68411829,-55.68261161,6.52600406,-59.1830734,-0.237861666972174
128.88652401,21.00109565,-54.202181,-55.57842038,5.86948631,-58.70792428,-0.235629852318506
129.08856464,20.65860023,-53.73946009,-55.46955762,5.27193661,-58.25129645,-0.232365739131392
129.31241665,20.38326869,-53.33915855,-55.32891652,4.70782778000001,-57.83137869,-0.228278884107925
129.55687166,20.17090566,-52.958824,-55.182222,4.20910623,-57.41639425,-0.223616437948518
129.8093639,20.01002396,-52.61337819,-55.02330663,3.75535170000001,-57.02762476,-0.218655395874189
130.07845746,19.90187358,-52.26954029,-54.84981827,3.35260987000001,-56.6198673,-0.213691373555638
130.35558917,19.84320947,-51.93491719,-54.66940908,2.99671677000001,-56.21186674,-0.209023484532857
130.64051672,19.8294825,-51.59092965,-54.48223056,2.68724364000001,-55.78195168,-0.20493494778073
130.93057048,19.85696061,-51.22828967,-54.29170622,2.42275127,-55.32126421,-0.201669142358439
131.22277391,19.92039336,-50.83834476,-54.10087149,2.20114372,-54.82055832,-0.199400959527421
131.50961942,20.0114543,-50.41714824,-53.91560724,2.01929399,-54.28617469,-0.198204861836424
131.79599499,20.12762385,-49.96499133,-53.73290228,1.87307103999999,-53.70132969,-0.198026157038613
132.07806042,20.26639257,-49.49368335,-53.55839206,1.76037780999999,-53.07305579,-0.198667039318176
132.341243,20.40933159,-49.00149573,-53.39916223,1.67457424,-52.43126188,-0.199790855752211
132.59207005,20.55608711,-48.50375588,-53.25204403,1.60898263,-51.75767594,-0.200934545900972
132.83129791,20.70836719,-48.01599598,-53.1191576,1.56363779,-51.07063547,-0.201532445868007
133.04890788,20.85166425,-47.5420914,-53.00444589,1.53121041,-50.3885711,-0.20097176425521
133.24145996,20.98008269,-47.09120817,-52.91432102,1.51387905,-49.72835775,-0.198677469068952
133.43409745,21.11562469,-46.66623701,-52.82068741,1.49003296,-49.06374637,-0.194196365815363
133.59483082,21.22215044,-46.29039585,-52.75599528,1.48143245999999,-48.41947727,-0.187255371954301
133.73536198,21.31317151,-45.95960823,-52.71886579,1.49232021,-47.80153135,-0.17778390819808
133.88519758,21.41067746,-45.6662992,-52.68960868,1.50391676000001,-47.20015042,-0.165890624034491
134.04800161,21.51681499,-45.38159713,-52.63554039,1.48521876,-46.58219977,-0.15179242915695
134.19851086,21.59800714,-45.13618054,-52.60858609,1.48577723999999,-45.97573588,-0.135724053442309
134.37306801,21.68991037,-44.90959378,-52.57763438,1.48912316999999,-45.353228,-0.117871160011491
134.56280516,21.77660858,-44.67940275,-52.54635252,1.48905970000001,-44.70829037,-0.0983453496201394
134.77407367,21.85664054,-44.44891748,-52.49290483,1.47171484999999,-44.00261183,-0.0771870010536788
135.02185348,21.94504707,-44.19309246,-52.42751271,1.45347025999999,-43.24694836,-0.0543767050186002
135.30659902,22.03703235,-43.90729624,-52.3390757,1.42634809,-42.41975809,-0.0298515170887906
135.62848514,22.12926708,-43.58051036,-52.22150641,1.38797517,-41.50453557,-0.0035336094075164
135.99223028,22.22435676,-43.20622345,-52.07023509,1.33974064000001,-40.49415998,0.0246239684198932
136.39824108,22.32209337,-42.76346512,-51.88535122,1.28608672,-39.37870961,0.0545820893869192
136.83489254,22.40856306,-42.29971971,-51.64314526,1.20604670999999,-38.14655411,0.0861712049571643
137.31552101,22.50297266,-41.75835307,-51.36202741,1.125538,-36.80218742,0.119079809591026
137.81808656,22.5800709,-41.18878696,-51.02505999,1.02826443999999,-35.3442761,0.152882876722623
138.34628617,22.64704235,-40.56427302,-50.63497296,0.916559219999993,-33.76829578,0.187102100189096
138.89509109,22.70591208,-39.90641741,-50.19351291,0.794907920000004,-32.08790319,0.221285951444995
139.45532863,22.74721032,-39.22294206,-49.69530394,0.656842539999992,-30.30425664,0.255097139550077
140.04180402,22.7840275,-38.52495516,-49.14241588,0.510602730000002,-28.44214472,0.288389321041295
140.59100685,22.77871167,-37.81620522,-48.53305884,0.334335969999998,-26.46230372,0.321239156456936
141.15834066,22.76790473,-37.10974505,-47.87181818,0.150047739999998,-24.42329329,0.353895321478451
141.72601251,22.74173931,-36.4121239,-47.15255797,-0.0464690900000022,-22.32314258,0.386641629355668
142.28421804,22.69609115,-35.7179799,-46.38235398,-0.266082300000001,-20.15049608,0.419621567626949
142.83109361,22.62813544,-35.01909913,-45.56159939,-0.5057081,-17.90796322,0.452694916834013
143.38538483,22.55989607,-34.35076911,-44.68797286,-0.763302969999998,-15.63259804,0.485389633098708
143.94188062,22.47667164,-33.68540663,-43.75447627,-1.04887225,-13.31050577,0.516980137612977
144.47259657,22.35839523,-33.02605689,-42.77363422,-1.35162879,-10.96068548,0.546667599113653
145.05834869,22.27301819,-32.36373038,-41.72354251,-1.69607942,-8.57438214,0.573777935709949
145.6104341,22.1561191,-31.70463541,-40.64890798,-2.04042344,-6.19049625,0.597878198182508
146.18228903,22.03769046,-31.05579418,-39.50388972,-2.43945167,-3.79224435,0.61876717948348
146.78079344,21.92915878,-30.39642918,-38.30821786,-2.87601413000001,-1.39194109,0.636379289324744
147.39679695,21.82179573,-29.73396145,-37.05982023,-3.35850388999999,1.00385523,0.650682227922887
148.03242964,21.71703226,-29.06668257,-35.75980954,-3.89209965,3.39120008,0.661619473354329
148.69958397,21.62534313,-28.38749505,-34.41156447,-4.47995683,5.77000281,0.669094196480819
149.36912742,21.52045136,-27.71221165,-33.0114238,-5.13051102,8.14319006,0.672974112465429
150.06445475,21.42324535,-27.01670793,-31.56310949,-5.84862088,10.51799494,0.673110763346871
150.78514471,21.33533261,-26.32626933,-30.07306157,-6.62747394,12.88956395,0.669371871011897
151.52625548,21.25169623,-25.62840406,-28.53989477,-7.47303806,15.27208622,0.661678929631612
152.28744573,21.17595016,-24.92464923,-26.97002487,-8.38609588,17.65577902,0.650037766497888
153.05541582,21.09118448,-24.21133637,-25.36022677,-9.36467515,20.07339939,0.634551112093691
153.83704204,21.00957117,-23.49703353,-23.72004807,-10.40516313,22.50227135,0.615411203973234
154.62464222,20.92570558,-22.786065,-22.05307791,-11.50132078,24.94084798,0.592881277184256
155.41564646,20.83860286,-22.07716559,-20.36382946,-12.64883623,27.39317291,0.567280386270486
156.20541416,20.74590351,-21.37297718,-18.65632666,-13.84107415,29.85832959,0.538979828886023
156.98973334,20.64706485,-20.67709906,-16.936236,-15.07150051,32.32950983,0.508404379330265
157.7871725,20.55586592,-19.99050955,-15.20268463,-16.33319727,34.80335716,0.476026856293849
158.55083573,20.44236811,-19.31562238,-13.46771446,-17.61754004,37.27554332,0.442351266951253
159.27318834,20.3085285,-18.66258608,-11.74033924,-18.91645389,39.73282751,0.407887216113097
160.00335105,20.18246355,-18.02172969,-10.01029322,-20.22495477,42.17273464,0.373125445576487
160.71924425,20.05562643,-17.39795683,-8.28735053,-21.53435654,44.58833777,0.338524639817779
161.4457822,19.94613981,-16.78275562,-6.56895524000001,-22.83874166,46.98117118,0.304506719589493
162.1272304,19.81730329,-16.19418701,-4.86833630999999,-24.13062576,49.3276226,0.271448170121445
162.78001497,19.67790978,-15.6238163,-3.18705267000001,-25.40758006,51.61884118,0.239667412703517
163.44259802,19.56312684,-15.0665273,-1.51606665,-26.66016826,53.86846234,0.209419273731937
164.09288754,19.4508298,-14.51853461,0.138130869999998,-27.88561651,56.06258524,0.180897661159212
164.72554398,19.34348252,-13.9812697,1.77272378000001,-29.07889073,58.20349041,0.154240949280907
165.37899342,19.27018162,-13.44188776,3.39592309,-30.23289198,60.29932675,0.129536017442095
165.97907055,19.16615085,-12.93372985,4.99459026999997,-31.34463666,62.30029376,0.106818672253774
166.56135208,19.07745675,-12.44832611,6.56311042000002,-32.41165774,64.20483493,0.0860755893998545
167.15263088,19.01001282,-11.96468679,8.11910817,-33.4246562,66.0434662,0.0672527058329018
167.72911634,18.95399867,-11.49194431,9.65231366999998,-34.3783266,67.79614386,0.050266134653169
168.30403142,18.91922233,-11.02510176,11.16791821,-35.2678303,69.46878211,0.0350110047180753
168.84576458,18.87511909,-10.57744548,12.65496656,-36.09595134,71.03029531,0.021367639516384
169.39225921,18.85514767,-10.1476523,14.11439386,-36.85956077,72.4783668,0.0092059616493198
169.92038886,18.85336205,-9.71861659,15.55252168,-37.53876616,73.83777788,-0.0016105203922243
170.43677482,18.85961061,-9.30428152,16.96473746,-38.14534601,75.08836508,-0.0112204401945525
170.94148613,18.87277966,-8.9000918,18.35401674,-38.67668925,76.23186594,-0.0197617239329227
171.43623611,18.89536069,-8.51276062,19.72107678,-39.1324984,77.26747504,-0.02737176211737
171.91782847,18.93652732,-8.12630196,21.06303961,-39.49626792,78.20834321,-0.0341883194910502
172.38742173,18.98704169,-7.75495148,22.38411676,-39.77876887,79.04349765,-0.0403478235586618
172.84508074,19.04624379,-7.3927405,23.68523507,-39.97784019,79.78401348,-0.0459821718535565
173.28946215,19.11623077,-7.04105705,24.96698515,-40.08960036,80.43009211,-0.0512198115128634
173.72065092,19.19562351,-6.6966894,26.22998704,-40.11271435,80.99299055,-0.0561916379164038
174.13770572,19.28432433,-6.36398798,27.47382336,-40.05295604,81.46431518,-0.0610334743899922
174.54820077,19.39740568,-6.03263877,28.69732651,-39.89651497,81.86213355,-0.0658819462620343
174.92447006,19.48561173,-5.72338997,29.90324584,-39.66370953,82.18342874,-0.0708687487665239
175.28575697,19.58181371,-5.42236031,31.0925711,-39.35031252,82.42314747,-0.0761136460025137
175.63162429,19.70020254,-5.12513148,32.25660903,-38.94236079,82.5955806,-0.0817139487810177
175.93784588,19.78718596,-4.85087136,33.40554026,-38.46212081,82.69369829,-0.0877355907996583
176.20830483,19.85210846,-4.59513128,34.53723435,-37.90922367,82.71578403,-0.0942124189499479
176.4479028,19.90425795,-4.34286242,35.65290362,-37.27488962,82.69007777,-0.101153021377855
176.64604013,19.94400986,-4.11338217,36.74087452,-36.56243326,82.57809444,-0.108549199143619
176.81854727,19.96342774,-3.88843068,37.81259197,-35.77618911,82.42104883,-0.116381225670055
176.95010092,19.96285496,-3.68348949,38.85418746,-34.92088824,82.1850849,-0.124618505489679
177.04833663,19.9452438,-3.49502078,39.86297569,-33.99788591,81.87478135,-0.133217656346067
177.13608952,19.91471597,-3.30871931,40.84865143,-33.01297539,81.52358775,-0.142122929097106
177.18214168,19.86120179,-3.14824949,41.79068726,-31.97122833,81.07945511,-0.151270529950526
177.22249426,19.79947906,-2.98805197,42.70337679,-30.87268373,80.59925209,-0.160591422774685
177.23674038,19.72043682,-2.8451415,43.57377539,-29.72378491,80.04586336,-0.170008663371248
177.23275904,19.62674237,-2.71400564,44.40461759,-28.52709451,79.43403649,-0.179434896631462
177.20526206,19.51715412,-2.60714589,45.19070334,-27.28408058,78.74574361,-0.188779344907993
177.17439342,19.40208984,-2.49238612,45.9450758,-25.99764715,78.04301192,-0.197963810633423
177.12365945,19.273169,-2.4056681,46.64984044,-24.67491324,77.26374912,-0.206937923195195
177.06812316,19.13864111,-2.3210869,47.31252257,-23.3216677,76.46159168,-0.21568642429696
177.01559347,19.00730468,-2.23794918,47.93063481,-21.94715826,75.6214828,-0.224225668897603
176.95738067,18.86953463,-2.1731237,48.49540026,-20.55989877,74.74145079,-0.232590421946876
176.90631181,18.73272923,-2.11516922,49.01076641,-19.16977508,73.83474702,-0.240818632209974
176.85667541,18.59186826,-2.08071999,49.47171018,-17.78781153,72.89873183,-0.248941620964321
176.8291939,18.46651472,-2.03216934,49.88572519,-16.41580214,71.95721175,-0.256979799451489
176.83924772,18.37006197,-2.01578133,50.24521052,-15.06920781,70.98756698,-0.264940707447997
176.80317733,18.22992836,-1.98873148,50.55400081,-13.74458101,70.03499935,-0.272816893181978
176.843584,18.15238092,-1.98598024,50.81482244,-12.46577425,69.06783606,-0.280582017877987
176.88078785,18.07275474,-1.98703698,51.02579657,-11.22421628,68.10954554,-0.288186766185853
176.92380725,18.00749586,-2.00316348,51.18551661,-10.01969237,67.15598326,-0.29555910007467
177.01460763,17.98737279,-2.03462186,51.29888103,-8.87498117,66.20927711,-0.302611233884448
177.14721962,18.01329337,-2.07889159,51.36508599,-7.78685945999999,65.26968636,-0.309250833635465
177.32044334,18.10234632,-2.13013877,51.38155773,-6.75439339999999,64.34526589,-0.315390907840494
177.53849394,18.23110819,-2.20262414,51.35610134,-5.79688354,63.4151396,-0.320953663408389
177.80749713,18.42064411,-2.29248541,51.28460713,-4.91320542,62.48003058,-0.325868852110337
178.11036119,18.63296412,-2.41242587,51.17054112,-4.11986805,61.52555653,-0.330071881321323
178.48267309,18.9827985,-2.53880509,51.00343235,-3.36382351,60.55417978,-0.333503502513595
178.90445873,19.36837059,-2.69257822,50.79849014,-2.70925757000001,59.55551237,-0.336107163400886
179.40307849,19.83022757,-2.86282701,50.56427982,-2.14615063,58.51359997,-0.337823022720889
179.91300321,20.3418901,-3.07006957,50.27566065,-1.64579816000001,57.43248638,-0.338584088408484
180.48832457,20.91661235,-3.30169476,49.96560012,-1.23486836,56.29093668,-0.338319928387492
181.10358606,21.54004965,-3.56384347,49.63022762,-0.903962890000003,55.08855613,-0.336969221049743
181.75772163,22.19317455,-3.85071101,49.28420873,-0.662189809999997,53.83667119,-0.334501479461489
182.41503259,22.85959312,-4.18976914,48.92134135,-0.487958560000003,52.50905591,-0.330944632191902
183.04310574,23.52880811,-4.56375634,48.53171247,-0.357482109999992,51.12613897,-0.326394833253006
183.68450868,24.16150993,-4.96079013,48.16387904,-0.316067270000005,49.71334142,-0.32099505002443
184.28063071,24.76084538,-5.42586604,47.78125874,-0.310387760000005,48.2335604,-0.31491140603885
184.82157221,25.34007042,-5.93215119,47.38350005,-0.321888089999998,46.71170223,-0.308313423673221
185.31388647,25.85085121,-6.46713067,46.98829552,-0.358056689999994,45.1584046,-0.301361243900092
185.74425458,26.2849821,-7.04940213,46.59053373,-0.407607859999992,43.56772305,-0.294225490249524
186.13588133,26.70820211,-7.69330004,46.19319962,-0.42681038000001,41.92169036,-0.287099157277669
186.45496962,27.05317194,-8.37643121,45.79235222,-0.427365300000005,40.24663881,-0.280184477451537
186.70491162,27.34003792,-9.1171036,45.3871916,-0.393666709999998,38.53184469,-0.273696675738125
186.90402432,27.58799768,-9.91776255,44.97812279,-0.320657099999998,36.76743508,-0.267852486774318
187.04622149,27.79632949,-10.78425735,44.55725601,-0.207150789999996,34.95404036,-0.262824406764258
187.13611441,27.97224475,-11.71901179,44.11842332,-0.0571159299999948,33.08946283,-0.258720739286107
187.17930994,28.12303431,-12.72329773,43.65460595,0.124006309999999,31.17010111,-0.255593848928957
187.1780147,28.25782699,-13.80022477,43.15734175,0.33081395,29.19311028,-0.253424438499613
187.13524174,28.38071995,-14.94563144,42.62026203,0.558192930000004,27.15840531,-0.252089748969907
187.05276016,28.50737389,-16.16939729,42.03473011,0.803313039999999,25.06066966,-0.25136188906305
186.93659007,28.63919807,-17.44985688,41.40005776,1.06493824000001,22.91085815,-0.250938909742259
186.78462104,28.78700085,-18.79398184,40.70984718,1.34014957,20.70910871,-0.250470933086731
186.5992977,28.95729053,-20.19178527,39.96207992,1.6300452,18.46484072,-0.249563593187457
186.37372786,29.13427312,-21.62654412,39.16401028,1.92789011,16.19394812,-0.247786721953286
186.11921977,29.35973739,-23.09885624,38.30118245,2.2452355,13.9006794,-0.2447283946483
185.8262417,29.6206012,-24.59358612,37.38051186,2.58356702,11.59942188,-0.240094409695351
185.49375216,29.92356775,-26.10157985,36.40484349,2.94927329,9.30806688000001,-0.233793938153295
185.12207378,30.27166468,-27.61088594,35.37499092,3.34687328,7.03302943,-0.225955882504336
184.71056134,30.66818647,-29.11345603,34.29187648,3.78013218,4.78335845,-0.216890881597904
184.26863216,31.15438145,-30.59886151,33.14266837,4.27497462,2.56715693,-0.207038069116737
183.76821844,31.61942595,-32.0798564,31.97477448,4.77750509,0.379062050000002,-0.196891713211548
183.23588411,32.17866171,-33.53466435,30.74609045,5.35672932,-1.78533371,-0.186908551548807
182.66655719,32.80155096,-34.97415984,29.47743357,5.99357475,-3.89171125,-0.177445257034267
182.05167463,33.45149263,-36.43154861,28.17134912,6.67846958,-6.02874797,-0.168738199061779
181.40293147,34.1678863,-37.87699336,26.82583759,7.42964547,-8.13646589,-0.160893349775754
180.71948733,34.9346793,-39.3310984,25.44374033,8.24116513,-10.25512826,-0.153890773820094
180.00313274,35.74919597,-40.79776319,24.02828853,9.11200731,-12.38742623,-0.147613137471265
179.255617,36.60753712,-42.27128355,22.58503766,10.04154254,-14.5283813,-0.14187961952295
178.47803841,37.50362403,-43.76689479,21.11555551,11.02697696,-16.6921517,-0.136473823480279
177.67203697,38.43260603,-45.2829337,19.6238784,12.0661138,-18.87817734,-0.131165992661099
176.85646628,39.41007195,-46.82608702,18.10734822,13.15891903,-21.08210991,-0.125730387616814
175.97691415,40.3620024,-48.37775863,16.59187159,14.29004097,-23.31296918,-0.119958999702732
175.09248718,41.35291609,-49.95696331,15.05649207,15.46617615,-25.56652392,-0.11367226719626
174.18551587,42.35263943,-51.55025757,13.51481841,16.67743801,-27.82843147,-0.106726775336088
173.29648659,43.39137279,-53.14953127,11.9590642,17.92483382,-30.11298575,-0.0990199258620992
172.30974541,44.36114564,-54.769667,10.41588111,19.18659644,-32.3907681,-0.0904918879803918
171.38711583,45.39641482,-56.37891143,8.85990713999999,20.47246643,-34.67904737,-0.0811252613158268
170.41007135,46.39336522,-57.99165803,7.30984418,21.76787328,-36.9498474,-0.070942873882013
169.38258778,47.33926617,-59.57245748,5.77377242,23.07463943,-39.1696676,-0.0600041256516733
168.3883955,48.31047244,-61.1395303,4.23251121999999,24.3791777,-41.38153902,-0.04840026931534
167.38880738,49.26595681,-62.67947495,2.69550516999999,25.67506245,-43.55727985,-0.0362488975428227
166.38635737,50.20256954,-64.18751237,1.16242859000002,26.95590179,-45.69162526,-0.0236876940009099
165.38342561,51.11750606,-65.65927608,-0.366865060000009,28.21488925,-47.78104076,-0.010867614551536
164.38174284,52.00533381,-67.08779488,-1.89352395,29.44401167,-49.82432696,0.0020539293203173
163.38533239,52.86972876,-68.47853389,-3.41804457999999,30.63967302,-51.81287509,0.0149192679307415
162.3842021,53.69320361,-69.81516103,-4.93788332999998,31.78641205,-53.74821976,0.0275757552029896
161.38584973,54.4766068,-71.1006681,-6.45367430000002,32.88408666,-55.61130514,0.0398800550072409
160.39213877,55.22093717,-72.33861307,-7.97153311,33.92884881,-57.43589055,0.0517014243401231
159.39728984,55.91317232,-73.52102322,-9.48201447000002,34.9128661,-59.18644616,0.0629240297539811
158.4032571,56.55505998,-74.64754587,-10.99002877,35.83427105,-60.87985591,0.073448366777409
157.40907037,57.13995333,-75.73160314,-12.49772278,36.6806674,-62.53277734,0.0831918770291577
156.41482039,57.66585845,-76.73524195,-13.98968217,37.46898712,-64.08489577,0.09208886846189
155.41833219,58.12917822,-77.6841426,-15.47704124,38.18419618,-65.57517502,0.100089843280276
154.4233516,58.52826123,-78.56713358,-16.95361593,38.82509371,-66.98917626,0.107160347540707
153.42791242,58.86041001,-79.38200705,-18.41874657,39.39323843,-68.32323006,0.11327947203071
152.43319446,59.12417252,-80.12924951,-19.87186452,39.88796861,-69.58114515,0.11843812344847
151.43908598,59.31748807,-80.81416408,-21.31307686,40.29967984,-70.76655073,0.122637155514358
150.44731717,59.4391941,-81.42800419,-22.73959517,40.63288603,-71.87115737,0.125885430318059
149.45541965,59.48915597,-81.96660985,-24.14899659,40.89064442,-72.88377041,0.12819787168787
148.4659884,59.46575574,-82.43921856,-25.54283844,41.06658458,-73.82250283,0.129593566238877
147.48381316,59.37335016,-82.8333541,-26.91402189,41.16095528,-74.669767,0.130093962433984
146.49507768,59.19948046,-83.1760019,-28.27421217,41.17935074,-75.45561756,0.129721213173313
145.50964492,58.95498696,-83.43634691,-29.60819661,41.12452745,-76.13696363,0.128496702782144
144.53528834,58.64060681,-83.64719169,-30.92757985,40.98494265,-76.7717368,0.126439794439134
143.5702735,58.25714597,-83.77799776,-32.21412354,40.76540856,-77.31099002,0.123566828763609
142.6138081,57.8041579,-83.85579458,-33.48567618,40.47460739,-77.78582404,0.11989039832933
141.67219329,57.28700196,-83.87514977,-34.74034952,40.11284209,-78.19291651,0.115418916377816
140.74186057,56.70216542,-83.81956381,-35.95651733,39.6737862,-78.50540184,0.110156491151019
139.84095707,56.06361545,-83.71828673,-37.15882101,39.1588414,-78.77906746,0.104103110192406
138.96428197,55.36604163,-83.53593742,-38.31221367,38.56259771,-78.95071278,0.097255131780005
138.13529947,54.6362265,-83.28250192,-39.45069066,37.91935648,-79.02400164,0.0896060734977634
137.27576303,53.80664683,-83.00202828,-40.54773587,37.17708447,-79.09291521,0.0811476809755793
136.46949726,52.94933782,-82.64032783,-41.61627239,36.38402806,-79.05330884,0.0718712530733779
135.71373744,52.06760182,-82.20318548,-42.65794932,35.54709315,-78.9097162,0.061769193150296
134.91508486,51.0747662,-81.74862521,-43.65417937,34.61981992,-78.76509504,0.0508367494053687
134.22650848,50.10677636,-81.18246402,-44.59960416,33.64337151,-78.48187253,0.0390739005054083
133.5430106,49.07871285,-80.57290404,-45.51324962,32.62060705,-78.13958646,0.0264873358069485
132.91082256,48.03502368,-79.88742966,-46.39451873,31.56865957,-77.69415547,0.0130924725209108
132.26683241,46.90509032,-79.16328321,-47.19496808,30.43805647,-77.20098647,-0.0010845546249876
131.71759626,45.81416804,-78.36344367,-47.98869246,29.30114066,-76.6141491,-0.0160050020229724
131.17299923,44.65196654,-77.52411817,-48.69176078,28.0871241,-75.98397879,-0.0316158005268621
130.69865606,43.50728086,-76.60488999,-49.36462267,26.88021138,-75.23076219,-0.0478480943819527
130.24045297,42.31387239,-75.64791033,-49.96136735,25.61762468,-74.43478498,-0.0646161194513753
129.85065411,41.13825504,-74.62295207,-50.51108223,24.34997685,-73.54408913,-0.0818165050392085
129.49214053,39.94224761,-73.55452325,-51.00462859,23.06349266,-72.58264832,-0.0993280814381576
129.18777713,38.75495174,-72.43653749,-51.44138768,21.76590809,-71.55417566,-0.117012269940317
128.93775638,37.58181939,-71.27620598,-51.82684578,20.472448,-70.46829214,-0.134714123040172
128.71977307,36.4010483,-70.07232383,-52.1441223,19.16687578,-69.30104229,-0.152264069552571
128.55199931,35.24187171,-68.85062878,-52.41750141,17.8695475,-68.11183425,-0.169480402034823
128.41970089,34.09250651,-67.61799132,-52.64064309,16.57537787,-66.89550065,-0.186172522009938
128.34296701,32.98329317,-66.3623637,-52.81625551,15.31263501,-65.63743577,-0.202144931930087
128.298508,31.89666456,-65.12143656,-52.95447717,14.06611507,-64.37404448,-0.217201931601011
128.29286885,30.8349433,-63.87299113,-53.03458331,12.84768842,-63.10122592,-0.231152941056339
128.32446,29.81695458,-62.66107411,-53.09196266,11.66084257,-61.85389247,-0.243818332009635
128.388779,28.8374804,-61.46584042,-53.10574347,10.5066767,-60.59781219,-0.255035606705815
128.49164095,27.91144071,-60.32300215,-53.10153809,9.39995054,-59.40003597,-0.264665718136411
128.62627296,27.03357181,-59.20510311,-53.06118645,8.34028165,-58.21033286,-0.272599281366432
128.79194164,26.21061844,-58.14637049,-53.00002823,7.32747724,-57.07226264,-0.278762379963055
128.98507581,25.43973947,-57.13433397,-52.90931976,6.35228164999999,-55.96499216,-0.283121622241525
129.21550796,24.7413215,-56.1751233,-52.80473394,5.45785498,-54.91085505,-0.285688057163999
129.47291995,24.10239047,-55.2749706,-52.67429977,4.61079795,-53.88830392,-0.286519527978607
129.75360988,23.51917713,-54.4123634,-52.52657119,3.81320993,-52.91591114,-0.285721022681065
130.05961486,23.00092195,-53.60234198,-52.36023357,3.09791802,-51.96966022,-0.283442573577292
130.40159173,22.55775779,-52.82548376,-52.17610361,2.43694524000001,-51.0560152,-0.279874267936734
130.75010928,22.16135737,-52.10101341,-51.97411577,1.8190491,-50.16702336,-0.275237962609689
131.12820778,21.83655131,-51.38987944,-51.75425505,1.28118834999999,-49.26745979,-0.269775351527166
131.51882107,21.56328186,-50.69728518,-51.5246775,0.796811510000001,-48.38310481,-0.263732120443391
131.92649305,21.34896071,-50.00619778,-51.28436787,0.375082899999995,-47.48764986,-0.257338042609521
132.33400494,21.16665094,-49.32015796,-51.03507532,0.0140474999999967,-46.56174665,-0.250783027132588
132.76849635,21.06807157,-48.60624593,-50.78064146,-0.314769840000007,-45.60945727,-0.244189333844122
133.19234346,20.98529917,-47.88522084,-50.51979506,-0.573527740000003,-44.59946424,-0.237575277781397
133.6297092,20.96655244,-47.12986624,-50.26308638,-0.810595420000009,-43.55203747,-0.230804610468722
134.05587746,20.96835227,-46.36966985,-50.00300063,-1.00234087,-42.45017117,-0.223541255989821
134.46686336,20.99103172,-45.61206255,-49.75071125,-1.14448914,-41.31367936,-0.215242290542234
134.88046306,21.04949893,-44.85335133,-49.51008592,-1.27028576,-40.14769755,-0.205183875162386
135.28343813,21.1188237,-44.07980787,-49.25636963,-1.41697897,-38.92532089,-0.192499255216205
135.65075458,21.18457483,-43.38136296,-49.02243488,-1.50425907,-37.72006263,-0.176248665458178
136.03125398,21.27369723,-42.68009296,-48.77778618,-1.63022525,-36.4647961,-0.155543336039145
136.38346089,21.35096352,-42.03554821,-48.54211664,-1.73595988,-35.21281663,-0.129690544003637
136.72362284,21.42539122,-41.42604398,-48.30899032,-1.84218394,-33.95151209,-0.0983099922143403
137.06364275,21.50358089,-40.88140751,-48.05630107,-1.96440458,-32.6671051,-0.0613984335932994
137.40193751,21.57620346,-40.35090838,-47.79864409,-2.09251842999999,-31.35494079,-0.0193314383923196
137.75407146,21.66114953,-39.88389303,-47.52211129,-2.22314456000001,-30.01581355,0.027188540263041
138.11423192,21.73218864,-39.39941373,-47.20955711,-2.39363782,-28.60262333,0.0771975153995422
138.50494828,21.81790948,-38.92191614,-46.87386767,-2.5603865,-27.1328833,0.129524991567832
138.92160603,21.90963496,-38.45205891,-46.49411604,-2.75115897,-25.5818476,0.182862898275337
139.3650315,22.00853661,-37.99582807,-46.07077654,-2.95922237,-23.95852172,0.235876651076101
139.84794016,22.11816113,-37.50310659,-45.5994782,-3.18010204,-22.23028163,0.287352737718688
140.36703569,22.23892566,-36.99113372,-45.07426782,-3.41453771,-20.40294662,0.336353630293109
140.91544531,22.36470989,-36.45809452,-44.49001374,-3.65938193,-18.47455936,0.38232200005097
141.48192872,22.48576258,-35.9044953,-43.85730896,-3.91305795,-16.45106081,0.425062850734429
142.09173152,22.62983063,-35.32614303,-43.15627319,-4.19335128,-14.32269073,0.46461673209098
142.72036955,22.77641759,-34.73046556,-42.39842521,-4.48457355,-12.10358419,0.501129974750431
143.36528263,22.92065319,-34.11976515,-41.58096143,-4.78388846999999,-9.80775347,0.534776777736138
144.02427696,23.06421565,-33.49977237,-40.70235458,-5.09199219,-7.44624945,0.565704223108061
144.68049748,23.1962825,-32.85812875,-39.76444333,-5.40286191,-5.02016842000001,0.593986753642189
145.32940125,23.32208154,-32.25469216,-38.77502107,-5.71456828,-2.58358442,0.619609482761279
145.98718401,23.44511848,-31.63498433,-37.72607054,-6.04410639,-0.10757139,0.642487208246213
146.64289324,23.56134976,-31.01955226,-36.62401409,-6.38583439,2.38003206,0.662506391352262
147.29519801,23.670268,-30.40971423,-35.47122744,-6.74266466,4.86746986,0.67957239429355
147.94453453,23.7727893,-29.80783441,-34.27063234,-7.11816758,7.34328545,0.693645907178024
148.59122238,23.86877528,-29.21152142,-33.02535091,-7.51683023,9.80204292999999,0.704755635414513
149.23463478,23.95599453,-28.62079893,-31.73726221,-7.94503082,12.24284795,0.712983800461211
149.87895725,24.03456586,-28.02176607,-30.40755865,-8.40963669,14.67545472,0.718439193529791
150.52533084,24.11644294,-27.45055061,-29.04826206,-8.90480718000001,17.06294465,0.721237565458755
151.17566055,24.18353604,-26.85498106,-27.64920033,-9.45181157,19.46398026,0.721491861049455
151.83044487,24.25645372,-26.28397939,-26.22786946,-10.0344891,21.82748991,0.719307855119
152.49460151,24.32212643,-25.69747925,-24.77612712,-10.6707406,24.19873935,0.714789368408605
153.16585689,24.38225811,-25.10813227,-23.3003935,-11.35720235,26.57006702,0.70805294398605
153.85056636,24.43569446,-24.50738061,-21.7988248,-12.09873366,28.95371944,0.699239695841093
154.5578629,24.50080182,-23.93044947,-20.28045302,-12.88848056,31.3029777,0.688515953905183
155.25140129,24.54236196,-23.32600833,-18.74806078,-13.72163681,33.69367959,0.676066469151206
156.00075079,24.60752188,-22.70203005,-17.19910214,-14.60463954,36.06638514,0.662080706478558
156.68247388,24.6215952,-22.11346351,-15.63954761,-15.52245337,38.46462438,0.64673219020789
157.44636659,24.67424429,-21.50621499,-14.06458896,-16.48409253,40.82317558,0.630164325548999
158.16344041,24.69105262,-20.92297155,-12.48327394,-17.47337064,43.20136941,0.612491471213793
158.90773696,24.71205617,-20.32358923,-10.89394968,-18.49432165,45.55796798,0.593806529729767
159.66434729,24.72959354,-19.72051564,-9.30356600000002,-19.54311516,47.88785743,0.574188360797878
160.36579588,24.70995648,-19.15397591,-7.70827344999998,-20.59938765,50.21328058,0.553710141112015
161.09680714,24.70139191,-18.58258227,-6.11286865,-21.67379294,52.4982409,0.532445729588367
161.84263511,24.70203897,-18.0157413,-4.51658924,-22.75532731,54.75357101,0.510477622140271
162.57466252,24.68152746,-17.44816208,-2.92262367000001,-23.84129448,56.97109678,0.487909032828575
163.28602679,24.65217962,-16.89822904,-1.33423824000002,-24.91993116,59.14636959,0.464863563505302
163.94486265,24.58249393,-16.37316152,0.240640860000013,-25.98946969,61.25782965,0.441470077750031
164.63913142,24.53932893,-15.84012647,1.81485470000001,-27.0456472,63.32857971,0.417853804249002
165.36378104,24.53101973,-15.29776764,3.38417084,-28.07815552,65.35495564,0.394138186848647
166.05444222,24.47863479,-14.76136889,4.94865177,-29.08813683,67.32841507,0.370444410067507
166.70838921,24.39326704,-14.24348644,6.49503683,-30.07943786,69.21380038,0.346887285994994
167.42552745,24.37337775,-13.69499288,8.04344825000001,-31.02135189,71.06703287,0.323573285001409
168.09100753,24.30667097,-13.18154969,9.5717846,-31.93718144,72.82298829,0.300598655332541
168.78629134,24.2675141,-12.64691227,11.0970023,-32.80967633,74.52676247,0.278049345480135
169.48909714,24.24875913,-12.10190048,12.61051363,-33.62901538,76.17051847,0.256006063507497
170.15465793,24.18976646,-11.58363256,14.10770628,-34.4197224,77.71268222,0.234550113453532
170.82890791,24.16436119,-11.05292338,15.59023759,-35.14073237,79.20275844,0.213767040123786
171.4804131,24.1197637,-10.53090337,17.05881432,-35.81786098,80.60763155,0.193745456274859
172.11076908,24.06580217,-10.0234092,18.50783869,-36.44871256,81.91643659,0.174570868735706
172.72800922,24.02160244,-9.51625965,19.94481349,-37.00426692,83.17767354,0.156320621695433
173.32744743,23.97131994,-9.01892839,21.3617545,-37.51257732,84.34010545,0.139060501549968
173.90862074,23.92295902,-8.52332356,22.76330776,-37.94775461,85.45606291,0.122840361807552
174.47647837,23.87394118,-8.04051882,24.14457301,-38.33273604,86.47376247,0.107689982373042
175.02757236,23.827762,-7.56189575,25.50761986,-38.64772204,87.43760904,0.0936155489704401
175.55985368,23.78378608,-7.08611676,26.85137553,-38.89241639,88.34744501,0.0805988437640408
176.08067568,23.74368138,-6.62209392,28.17496839,-39.07670808,89.17431452,0.0686024502818224
176.58690891,23.70894391,-6.1662604,29.47744887,-39.1930201,89.93869368,0.0575765752697544
177.08033672,23.6774431,-5.71403803,30.76078177,-39.24295353,90.64505079,0.0474607909597777
177.5670927,23.65279394,-5.27617262,32.0251985,-39.23002041,91.26997095,0.0381820601565962
178.03455125,23.633093,-4.83287619,33.26758805,-39.14162236,91.86628452,0.029653460857537
178.49609891,23.61958194,-4.40054504,34.49146511,-38.98838201,92.38894479,0.0217764652818374
178.95369475,23.61367525,-3.97359804,35.69757629,-38.77112651,92.85259631,0.0144484429292951
179.40374276,23.6156925,-3.55184401,36.88472025,-38.48505719,93.26068868,0.0075737324395103
179.8574209,23.62696717,-3.14000353,38.05645217,-38.13812753,93.5992859,0.0010724625011809
180.29875278,23.64413571,-2.72541803,39.20780808,-37.71944976,93.89848761,-0.005119371715541
180.72228781,23.66046188,-2.34069148,40.33475903,-37.23176932,94.11343776,-0.011054809396309
181.16826719,23.69745827,-1.91293648,41.45890222,-36.68857829,94.32983037,-0.0167772373658825
181.578549,23.72104768,-1.54964165,42.54810129,-36.07310832,94.41902066,-0.0223220815458233
181.99277049,23.75856446,-1.16184583,43.62436816,-35.39631947,94.48578159,-0.0277230488893299
182.42621063,23.84338136,-0.75185304,44.67853335,-34.64442965,94.5312273,-0.033015316157041
182.79426899,23.8676203,-0.404930650000001,45.70014125,-33.84242028,94.45809018,-0.0382338863960933
183.18510642,23.94697655,-0.0279432299999982,46.6951539,-32.96985992,94.35281787,-0.0434146908480259
183.52623067,24.00678614,0.310514000000001,47.64831103,-32.02709118,94.1705782,-0.04859887040071
183.85313067,24.03804701,0.62725691,48.58284297,-31.0527834,93.90836925,-0.0538334813205981
184.16548507,24.13225477,0.9491862,49.45127543,-29.98905109,93.59539013,-0.0591671692609601
184.45517622,24.19060529,1.26115803,50.30101694,-28.89469577,93.22979819,-0.0646461766244392
184.71927531,24.26967985,1.52817351,51.08210663,-27.74727145,92.73776133,-0.0703122390897098
184.97187267,24.35151708,1.79537757,51.834379,-26.55480262,92.20072648,-0.0761979988397947
185.20184551,24.42870925,2.04630861,52.52396763,-25.33549099,91.59165624,-0.082321575981977
185.40955672,24.52625481,2.26358264,53.16217782,-24.06195318,90.88978959,-0.0886860238973655
185.60322502,24.62398937,2.46441417,53.74398135,-22.76702361,90.11548207,-0.0952808333720453
185.77967108,24.72819942,2.64221858,54.26961592,-21.44426705,89.26480602,-0.102080760628065
185.94378215,24.83273463,2.80575034,54.7414629,-20.10693422,88.34303246,-0.109044482248234
186.08639227,24.95311081,2.92497778,55.15136086,-18.73394675,87.3317472,-0.116116404528341
186.21930601,25.0685695,3.02756515,55.52514649,-17.34773908,86.25772366,-0.123232468020811
186.33941798,25.21728658,3.13143233,55.82762647,-15.92810392,85.14700603,-0.13033071501097
186.44940552,25.34461966,3.21077801,56.09447674,-14.51462988,83.97455539,-0.137364893262099
186.55127576,25.49763355,3.26278532,56.30982475,-13.07259604,82.74587865,-0.144314548362026
186.64395899,25.64805264,3.30434358,56.48233134,-11.6314496,81.47249554,-0.151186699579772
186.72156868,25.78692512,3.31993081,56.61789483,-10.1954432,80.15614115,-0.158010964270883
186.8114558,25.94470724,3.35573951,56.70585675,-8.76536475,78.84403855,-0.164832257009561
186.90921922,26.13125541,3.35375186,56.7579238,-7.32865254,77.4940973,-0.171705474649428
186.98702819,26.29057348,3.34962491,56.77540445,-5.92309303,76.13878483,-0.178694040431641
187.06817718,26.45409573,3.34865184,56.76616923,-4.53667233,74.79964037,-0.185866773916588
187.16688291,26.63673744,3.33243329,56.72196366,-3.17712762999999,73.46086188,-0.193288037643523
187.26103761,26.80839344,3.31726716,56.65728414,-1.85516179,72.15090341,-0.201004374416177
187.39417922,27.02866707,3.29231647,56.56902441,-0.558472950000009,70.86574104,-0.209035066461109
187.49592415,27.20330036,3.25438819,56.45219682,0.671702529999997,69.60519826,-0.217371348855019
187.59474322,27.37458725,3.21204879,56.32291771,1.85798308,68.3844851,-0.225979080352237
187.75013437,27.58374202,3.19511761,56.1880504,2.98153265000001,67.23610416,-0.234795373695595
187.85542017,27.74495769,3.15075612,56.02792864,4.03745163999999,66.11150949,-0.243721941950101
187.97653777,27.92071045,3.07902067,55.86098597,5.0301426,65.02019549,-0.252625458893277
188.1195776,28.09645528,3.04655348,55.69494951,5.94151216,64.00726545,-0.261346860871942
188.23971714,28.26672715,2.95507281,55.51359319,6.78787757999999,62.99573642,-0.269715896209904
188.37822017,28.4440277,2.88820994,55.33800896,7.55453360999999,62.04251073,-0.277568221922728
188.48474767,28.59365103,2.77668716,55.1502661,8.23551011,61.09156693,-0.284760692842315
188.59672527,28.73993665,2.66370028,54.9695277,8.83055831,60.17117235,-0.291178572259167
188.70342003,28.87923451,2.53742992,54.79152835,9.34234115000001,59.26493768,-0.296733701580078
188.80080162,29.01560048,2.38129287,54.61453398,9.77228136,58.35396673,-0.301362337433534
188.89092931,29.14461608,2.20529641,54.44193782,10.12245751,57.4409294,-0.305028581561571
188.97613203,29.27195357,2.00349463,54.27581994,10.39732902,56.52409062,-0.307725339807485
189.05644208,29.39812073,1.77269111,54.11653209,10.6054343,55.5989282,-0.309466092641386
189.13275567,29.52438076,1.51471283,53.96475974,10.75155174,54.67402029,-0.310274017893582
189.20817322,29.64990893,1.22296486,53.82545619,10.85218308,53.74771261,-0.310175697534149
189.27680857,29.77316819,0.91606749,53.6914741,10.89646389,52.84341681,-0.309202196319837
189.35315301,29.91542579,0.550704969999998,53.57333298,10.93083156,51.93941944,-0.30740020908321
189.42512134,30.05486708,0.158906760000001,53.46365805,10.93894661,51.05418425,-0.30484861363707
189.49757232,30.20080238,-0.271209289999998,53.36281249,10.93859632,50.1822774,-0.301666854856873
189.57829561,30.36547315,-0.742660949999998,53.27470274,10.94198444,49.33380517,-0.298008383744963
189.66277782,30.5375446,-1.24515848,53.19060395,10.95129514,48.49968209,-0.294044142424611
189.75717818,30.73178413,-1.79824301,53.11228562,10.96795061,47.67267575,-0.289941251440203
189.85967566,30.95363839,-2.39632544,53.02328634,11.01204918,46.83544901,-0.285840821655391
189.97771338,31.17674113,-3.03432658,52.94685009,11.05308519,45.99569426,-0.281841934835973
190.10822647,31.45250848,-3.72164334,52.83979541,11.14079055,45.10699896,-0.277995579382876
190.2579368,31.72449548,-4.45485532,52.73810645,11.22311636,44.18865815,-0.274304822831746
190.42543891,32.03846906,-5.24668395,52.6057372,11.33415516,43.19992464,-0.270727538428056
190.59040618,32.39444238,-6.0963705,52.42926023,11.48868904,42.10794102,-0.267185610979412
190.77343716,32.7381005,-7.00140258,52.24427768,11.62971445,40.95187802,-0.263583391003438
190.9542853,33.13407782,-7.97889535,52.00019421,11.81776286,39.66194228,-0.259828235622306
191.13408628,33.50864661,-9.01950174,51.73108334,11.99138496,38.28744822,-0.255845949446954
191.2956161,33.92172472,-10.14310977,51.40383166,12.20688917,36.76294822,-0.251588539542863
191.43817013,34.31906921,-11.33992597,51.03597578,12.41707225,35.13557673,-0.24703342274221
191.54831856,34.70654068,-12.61673597,50.6198176,12.63524915,33.38961055,-0.242176265864144
191.62258425,35.07143342,-13.96965511,50.15793782,12.84300875,31.54628903,-0.237022051792589
191.65335226,35.44186871,-15.40512961,49.64310832,13.07758106,29.57781807,-0.231579346548752
191.63257418,35.76933082,-16.91152135,49.08387072,13.28672883,27.54229568,-0.225858434496121
191.56552891,36.0919837,-18.47896707,48.48065323,13.51495091,25.41080877,-0.219869883725116
191.41693552,36.34476057,-20.10580429,47.83295039,13.70973063,23.23546525,-0.213622548166777
191.26535895,36.64430056,-21.76537532,47.14328855,13.93496462,21.0042007,-0.207124418793135
191.03298749,36.89896418,-23.46854577,46.40830886,14.14739376,18.74365716,-0.200389255694613
190.75001684,37.135145,-25.1772585,45.63276058,14.3609619,16.47208236,-0.193447608144964
190.40949974,37.35962116,-26.88870176,44.81318675,14.57575824,14.20898586,-0.186360787968512
