thigh,shank,foot,thigh_,shank_,foot_,knee_moment,shank_new,shank_new_second derivative,T_physics,knee_moment_minus_T_physics
173.58761868,76.95460801,-67.18360085,-9.07106237000002,52.54493852,-55.6616548,0.51539939693092,-1.7984813692336918,-43.35771711479364,-12.66548101634651,13.18088041327743
172.78058043,77.41981828,-69.7468028,-9.96635464000002,52.41720802,-58.25502493,0.465134895382255,-1.7903619183081,-67.40785329778065,-16.524090416960092,16.98922531234235
171.99003322,77.76081784,-72.00540647,-10.82400779,52.15330663,-60.50188409,0.419037182540163,-1.784410353238248,-94.01313056173863,-20.78845524986889,21.20749243240905
171.20440646,77.96402027,-73.96743434,-11.67237623,51.75713513,-62.41798696,0.376764962117413,-1.780863801786695,-97.500139582265,-21.350761391568483,21.727526353685896
170.43519058,78.02837211,-75.61284012,-12.49036266,51.22681122,-63.99662702,0.338157282961948,-1.779740650298978,-99.4245937207161,-21.66004755849628,21.99820484145823
169.68018261,77.94958761,-76.95636022,-13.28743921,50.56850518,-65.26079266,0.303306179565795,-1.7811156992235158,-100.27519040364918,-21.79446048097465,22.097766660540444
168.94265598,77.72626542,-78.00638928,-14.06272676,49.78519555,-66.22879593,0.272329435496897,-1.7850134067317798,-99.27444129984364,-21.62951220500294,21.901841640499836
168.22476957,77.36062043,-78.78163976,-14.81958684,48.88351458,-66.927529,0.245129332358582,-1.7913951157007018,-96.52940316026591,-21.182212118982097,21.42734145134068
167.53110803,76.85535808,-79.29748837,-15.55793474,47.86908256,-67.37839188,0.221355809912661,-1.8002136072945658,-93.31255365465418,-20.655947155366704,20.877302965279366
166.87201422,76.21858051,-79.56990353,-16.26926311,46.74503926,-67.60287905,0.200485935454728,-1.8113274724939143,-85.90871686938284,-19.456118807819955,19.656604743274684
166.23520021,75.44980919,-79.63142909,-16.97235524,45.52510703,-67.6404163,0.181906884254614,-1.8247450632228173,-84.13697904047667,-19.153332918036003,19.335239802290616
165.6494217,74.5843199,-79.4728196,-17.66387059,44.23222583,-67.48861125,0.164980897178981,-1.8398507009740648,-85.0928365306003,-19.28330728300637,19.44828818018535
165.0855455,73.56219092,-79.17864042,-18.30808202,42.80815189,-67.21307858,0.149093964167495,-1.8576902170551164,-71.10649745274644,-17.01670900167744,17.165802965844936
164.5702712,72.46251325,-78.69451928,-18.946334,41.33566426,-66.78352759,0.133690300329813,-1.876883213107276,-63.91650015275418,-15.83333765201835,15.967027952348163
164.11652493,71.26716243,-78.08354627,-19.55467832,39.7750285,-66.25963225,0.118294807037435,-1.8977460206326904,-62.1426975993411,-15.51134667903534,15.629641486072774
163.70221503,69.97449203,-77.37801214,-20.14538468,38.1474835,-65.67770965,0.102525686678357,-1.9203073752557624,-52.733622365848106,-13.961876312991143,14.0644019996695
163.35363988,68.61608251,-76.55032526,-20.70776689,36.46497473,-65.00664587,0.0860992474440328,-1.944016093970198,-48.95540865029524,-13.3080755850622,13.394174832506232
163.05621969,67.18432941,-75.65284012,-21.24883289,34.73244017,-64.284881,0.0688287305508503,-1.9690048996408336,-46.67876801274007,-12.888534808103625,12.957363538654475
162.81476231,65.68450876,-74.69728285,-21.7537331,32.94845564,-63.53572559,0.0506187487520871,-1.9951817081727357,-37.39196356531637,-11.341111018105284,11.391729766857372
162.63006868,64.12671715,-73.70034981,-22.22525166,31.12143572,-62.77465377,0.031456668411581,-2.0223703008271787,-33.51413867336061,-10.652859000994177,10.684315669405757
162.52307319,62.53869484,-72.65578147,-22.66420756,29.25617393,-62.01992527,0.0114020184083495,-2.0500865187318045,-32.891961956293954,-10.480170059466865,10.491572077875214
162.44669741,60.87708302,-71.62028949,-23.06100248,27.35834691,-61.27042742,-0.0094252264869694,-2.07908711588086,-25.934816013122308,-9.286207028260026,9.276781801773057
162.44453433,59.20442386,-70.59760044,-23.42206954,25.437232,-60.57043517,-0.0308568592635404,-2.108280525486503,-27.489127705124798,-9.449177079293097,9.418320220029557
162.48039617,57.47885334,-69.58706634,-23.73751261,23.48755855,-59.88821795,-0.0526886926501311,-2.1383974125358534,-27.38481635705448,-9.339545941973835,9.286857249323704
162.55767675,55.71265178,-68.59653009,-24.00528637,21.51763476,-59.23217058,-0.0746924953054863,-2.169223445011714,-15.02080096149605,-7.261517685591505,7.186825190286019
162.67946553,53.92372022,-67.64787923,-24.22572162,19.53171632,-58.62472886,-0.0966273354266311,-2.200446190826552,-12.798066563219912,-6.800105038658071,6.70347770323144
162.85739465,52.13481685,-66.7634246,-24.40216234,17.52940264,-58.11689772,-0.118250122921304,-2.2316684446330743,-17.277637348040997,-7.406430435118143,7.288180312196839
163.04901062,50.29525958,-65.90338124,-24.51435138,15.50685443,-57.60508713,-0.139325184797882,-2.263774775773573,-7.18101932631221,-5.672721707965187,5.533396523167305
163.28402599,48.45798835,-65.0970308,-24.58116832,13.48764394,-57.15278596,-0.159632732344795,-2.295841207989239,-0.6055245306857415,-4.497885519251352,4.3382527869065575
163.55644224,46.62565473,-64.34055232,-24.60236021,11.47443508,-56.74882804,-0.17897609892865,-2.327821462653225,-2.459121792179886,-4.667527105523773,4.488551006595123
163.846601,44.77769045,-63.60092558,-24.55947276,9.46646824,-56.32427887,-0.197187647297343,-2.360074523798472,3.709779355594023,-3.5480595632800744,3.3508719159827316
164.16516549,42.94196015,-62.96005373,-24.47394129,7.43734518,-56.00963004,-0.214133162196704,-2.3921140617120957,12.625025894537067,-1.985787950994657,1.771654788797953
164.502638,41.11864802,-62.32510215,-24.33111561,5.43243346999999,-55.68332807,-0.229714273614609,-2.423936861672146,19.571066307664253,-0.7354377705892361,0.5057234969746272
164.87238135,39.33060164,-61.73469248,-24.1487178,3.44760106,-55.36805181,-0.243868398839694,-2.455144158181512,19.69952952193044,-0.57478452475089,0.330916125911196
165.25679165,37.57173954,-61.17452092,-23.91724094,1.48159405999999,-55.07355691,-0.256566204695888,-2.4858420929150533,22.452461785706923,0.007038588311026661,-0.26360479300691464
165.64535318,35.83211312,-60.64789078,-23.64195298,-0.467078549999997,-54.77731395,-0.267807118908394,-2.516204301698735,32.56998536119937,1.76897411070324,-2.036781229611634
166.0528248,34.15347419,-60.13113594,-23.33006102,-2.36497525,-54.46711074,-0.277613447383946,-2.54550207797939,37.72894301066199,2.735530793937901,-3.013144241321847
166.47185476,32.52023687,-59.67149891,-22.97894178,-4.25987248000001,-54.18051627,-0.286023507793414,-2.5740074466798384,41.92382790519478,3.5467393959439057,-3.83276290373732
166.89642699,30.95137976,-59.21590155,-22.59490424,-6.09881019,-53.8680862,-0.29308417259802,-2.6013891687426605,46.518016207302,4.418736784209788,-4.7118209568078075
167.32725613,29.44856646,-58.77646122,-22.18257882,-7.89020113999999,-53.53454262,-0.298843248172255,-2.6276182088704223,50.59096192832069,5.203698614074442,-5.502541862246697
167.75627689,28.01581393,-58.35290438,-21.74156437,-9.63316301,-53.18090295,-0.30334212926102,-2.6526244578852007,53.70471134436006,5.83082818637325,-6.13417031563427
168.19396267,26.66676091,-57.93638448,-21.27855627,-11.31968124,-52.79566531,-0.306609381646085,-2.676169874868174,55.286993682961416,6.20697116670182,-6.513580548347905
168.62266606,25.38795343,-57.52098043,-20.79200217,-12.94543183,-52.35731953,-0.308656344321029,-2.698489275893305,56.83903644694066,6.573224081431364,-6.881880425752392
169.04710309,24.2017265,-57.13500041,-20.28829243,-14.51681205,-51.88534316,-0.30947554721498,-2.71919284149763,54.60460136135215,6.326227168031849,-6.635702715246829
169.48273954,23.08575662,-56.7105863,-19.75355927,-16.05094457,-51.3954076,-0.30904155160388,-2.738670190256715,55.774921419300405,6.618389785245794,-6.927431336849674
169.89961771,22.04955341,-56.29651628,-19.20586522,-17.51364828,-50.8240087,-0.30731328750227,-2.7567553479909503,57.02797182913777,6.91707441311499,-7.224387700617259
170.30536145,21.10312657,-55.89132849,-18.64610077,-18.90757306,-50.20106311,-0.304237449328483,-2.773273612478196,54.2473150101852,6.562489820552636,-6.866727269881119
170.71731599,20.22412653,-55.44509565,-18.05577327,-20.2711941,-49.52257188,-0.299752937117151,-2.788615057301357,53.62251506322746,6.546925477148076,-6.846678414265226
171.10957599,19.43131074,-55.01207205,-17.46097974,-21.55671691,-48.7763751,-0.293796391041785,-2.802452303198657,47.45785855621243,5.637119370605907,-5.930915761647692
171.5019192,18.70593403,-54.53690757,-16.83978397,-22.8029997,-47.94552001,-0.286308828159733,-2.815112515105441,45.39284083578732,5.37707332521765,-5.663382153377383
171.88381904,18.03140841,-54.02767827,-16.19476168,-24.02973747,-47.0543089,-0.277243331829013,-2.8268852080634974,47.04660487924617,5.707371587033874,-5.984614918862887
172.25920161,17.44782335,-53.49697082,-15.54185819,-25.17623973,-46.05502025,-0.266573692514125,-2.8370706888259463,42.3216058950171,5.008414392644689,-5.274988085158815
172.62120371,16.90106327,-52.91209262,-14.86541613,-26.31396722,-44.98235,-0.254303871954298,-2.846613452440413,44.80526178046507,5.45940858077996,-5.713712452734258
172.97956071,16.43219761,-52.27298185,-14.17432759,-27.3950895,-43.78596532,-0.240478135661736,-2.85479670195695,47.4357696691996,5.926385790299777,-6.166863925961513
173.33093607,16.02743337,-51.56456419,-13.46866195,-28.43559944,-42.46666285,-0.225191650976076,-2.8618611706392825,45.98502581500963,5.734150366859335,-5.959342017835412
173.67501868,15.68835881,-50.7759118,-12.74959,-29.43445704,-41.016292,-0.208601283877335,-2.8677791381210334,47.402315198099565,5.994389952032964,-6.202991235910299
174.01213612,15.41727826,-49.89420171,-12.01937817,-30.38983052,-39.42237239,-0.190936249533815,-2.872510386256651,48.565975079628565,6.207376590876977,-6.398312840410791
174.34365733,15.21611527,-48.90491552,-11.28066474,-31.30053062,-37.67557155,-0.172508174900755,-2.876021342765307,48.16022617110782,6.162367899544479,-6.3348760744452335
174.67155566,15.08538569,-47.79482143,-10.53399211,-32.16548083,-35.76148406,-0.153720012829104,-2.878303004366056,52.55505249408987,6.878489952765469,-7.032209965594573
174.97364286,15.0198095,-46.56100457,-9.78448424999999,-32.97420627,-33.65237136,-0.135073103337329,-2.87944752479247,56.60300859087197,7.5326617945978045,-7.667734897935134
175.30334506,15.05461139,-45.19957673,-9.03016751000001,-33.73875293,-31.39236094,-0.117171504860295,-2.8788401172260527,51.49043830228628,6.711201290888567,-6.828372795748862
175.61890334,15.14781508,-43.70385519,-8.27223275,-34.45619202,-28.92952409,-0.100722518672818,-2.877213405960545,47.88768428177104,6.1255258955823795,-6.226248414255197
175.92811579,15.31885557,-42.09854678,-7.51650218,-35.1228835,-26.2948775,-0.0865233451801784,-2.8742281862558205,46.99192720444056,5.965268426816772,-6.0517917719969505
176.2286451,15.55019688,-40.38862693,-6.76748024,-35.74609182,-23.48039334,-0.0753881891326771,-2.870190518700444,42.68759096717645,5.253689390946766,-5.329077580079443
176.54653648,15.85234366,-38.61513491,-6.00389454,-36.34548253,-20.54989406,-0.0679294195110063,-2.8649170625651443,34.2233898668276,3.869566364857588,-3.9374957843685943
176.8542519,16.19716056,-36.79119149,-5.25075938000001,-36.91694894,-17.47802881,-0.0642326388138374,-2.858898872343625,26.579395776478165,2.61251545092992,-2.6767480897437577
177.17513328,16.58191733,-34.93536708,-4.48244434999998,-37.48261316,-14.30170991,-0.0636794709339796,-2.8521835998877854,18.699270855631056,1.3138142182220962,-1.3774936891560758
177.49585675,16.99641296,-33.08602453,-3.71611720999999,-38.04419293,-11.03125732,-0.0650172665343034,-2.844949286409158,5.9752237059917945,-0.7627577913195589,0.6977405247852555
177.81820614,17.41862993,-31.24856155,-2.94120894,-38.61597703,-7.6712257,-0.0665174898817006,-2.8375802101248637,-1.0860206550811211,-1.9339474855030843,1.8674299956213836
178.12834435,17.82990087,-29.4533161,-2.15835832000002,-39.2065096,-4.24361988,-0.0661977913050444,-2.830402178104092,-2.1468195571339166,-2.1439009698209133,2.077703178515869
178.44682027,18.24912009,-27.71395115,-1.35910746000002,-39.81990479,-0.758228939999999,-0.0621697997256756,-2.8230854224274493,-6.417622783465582,-2.868137068404522,2.805967268678846
178.75406233,18.65108841,-26.0375506,-0.550412549999976,-40.455236,2.80076487,-0.0529905850551285,-2.816069751754739,-8.13641604951787,-3.182275678371945,3.1292850933168164
179.0543221,19.04283998,-24.43791635,0.276503649999995,-41.11523773,6.41377638,-0.0378343881470307,-2.809232397008382,-6.595881986628527,-2.9738382730835107,2.93600388493648
179.34176388,19.42565772,-22.92285797,1.11751491000001,-41.79087271,10.09470241,-0.0164412964928763,-2.802550967010338,-4.6680506360718965,-2.702478991804449,2.6860376953115725
179.61445459,19.79876825,-21.50697783,1.97544714,-42.48448275,13.81868529,0.0110670522955584,-2.7960389597879773,3.650061169904184,-1.4076502478004809,1.4187173000960394
179.86881459,20.17348107,-20.18962973,2.84585643,-43.1790095,17.6074047,0.0443868357290573,-2.7894989873295444,4.936494492326915,-1.2379599513623178,1.2823467870913752
180.11063584,20.57560983,-18.97310114,3.72582867,-43.85848249,21.44656815,0.0831842607078774,-2.7824805164505824,1.870909182333236,-1.7671402322703655,1.850324492978243
180.3201522,20.94958845,-17.87630677,4.62068882,-44.55095315,25.30485345,0.127182609067829,-2.775953358199518,13.379596307356856,0.038362562427955105,0.08882004663987389
180.51554499,21.36317093,-16.88696292,5.51883430999999,-45.21122587,29.17616965,0.176151991777611,-2.768734982194954,20.831445355020684,1.1910752232525401,-1.014923231474929
180.68235901,21.80235527,-16.01281622,6.41359241000001,-45.83348509,33.03079077,0.22980503653863,-2.761069769438756,21.813184332617475,1.3062421973184102,-1.0764371607797802
180.82775926,22.27008742,-15.25666387,7.30881817,-46.40694389,36.84991511,0.287686656808404,-2.752906303403824,22.488782087441983,1.3698434187855666,-1.0821567619771626
180.93225198,22.78010243,-14.6054403,8.19497887,-46.89191206,40.62100297,0.349145738370596,-2.744004862244732,20.662059405780475,1.0292204341588227,-0.6800746957882267
181.02507037,23.30585514,-14.11230348,9.06097262,-47.34247039,44.26587348,0.413407296589092,-2.734828746403949,24.317443829904303,1.564431588424784,-1.1510242918356919
181.09033068,23.87623447,-13.71224474,9.91940001,-47.69404222,47.79331423,0.479701734026298,-2.72487374911013,26.59999764297094,1.8759971135682014,-1.3962953795419035
181.14108332,24.48095155,-13.42320105,10.76147999,-47.96642502,51.14758328,0.547371340092835,-2.714319445021084,25.983133708136208,1.7206841026721258,-1.173312762579291
181.15930396,25.12477327,-13.24213123,11.56757669,-48.13979392,54.30237877,0.615900809941059,-2.703082636211231,23.192832199741,1.21425849233803,-0.598357682396971
181.15665794,25.80492035,-13.15892318,12.34203911,-48.21552908,57.22988036,0.684870400151709,-2.691211830267405,16.54157964258829,0.08703926955633978,0.5978311305953692
181.14829781,26.50619721,-13.1510039,13.09222845,-48.21312544,59.8952431,0.753842012458477,-2.678972240092358,10.516909013551512,-0.941506853686038,1.695348866144515
181.13935155,27.22366542,-13.19718655,13.82204849,-48.13112663,62.28513581,0.822224803219588,-2.666450057549468,4.103220202220648,-2.0333804502846013,2.8556052535041894
181.12650757,27.9478786,-13.30214668,14.51942325,-47.97286152,64.38996191,0.889224842414592,-2.6538101530721296,-4.041261013774111,-3.402370543078272,4.291595385492864
181.12052015,28.66592021,-13.43490818,15.19814949,-47.74522979,66.20983206,0.953891514065018,-2.641277962811309,-11.927354960659107,-4.729022683867848,5.682914197932866
181.12632961,29.36640527,-13.57459763,15.86327632,-47.4514991,67.75632409,1.01515268207972,-2.629052192153279,-15.127725067460853,-5.303945927222475,6.319098609302196
181.15025326,30.03983629,-13.70319002,16.5196895,-47.09528791,69.04684808,1.07187409286498,-2.617298603569215,-20.675905102742757,-6.251684602382332,7.3235586952473115
181.20912291,30.69825646,-13.78974675,17.16405076,-46.67336025,70.11324824,1.12302783181569,-2.605807003741174,-36.9574586120569,-8.915031879271302,10.038059711086992
181.29729223,31.29528816,-13.84352087,17.82479567,-46.20396087,70.96868694,1.16782900429559,-2.595386834837396,-39.97239272181652,-9.449942025791724,10.617771030087315
181.39701593,31.81835701,-13.87049248,18.48823216,-45.68821606,71.62452549,1.20573921774621,-2.586257561190275,-31.745701262071435,-8.179413228785066,9.385152446531276
181.5554167,32.32171509,-13.8223738,19.14820863,-45.11149221,72.12545022,1.23642302212066,-2.577472305377758,-42.21387370160201,-9.898095062959547,11.134518085080206
181.74865305,32.75656809,-13.72059212,19.82648137,-44.4876171,72.50532163,1.25970168831279,-2.569882688765583,-43.19908762973945,-10.093350796034487,11.353052484347277
181.97235054,33.10627434,-13.59798315,20.51817104,-43.83670805,72.72394186,1.27550593894294,-2.5637791632882805,-27.15882065353448,-7.557030228519865,8.832536167462806
182.22892602,33.44726663,-13.36525488,21.19698827,-43.08433869,72.88421424,1.28385283117094,-2.557827725103865,-28.098263322040573,-7.736597423726328,9.020450254897268
182.54192226,33.73522501,-13.10198601,21.89204275,-42.30274835,72.93030407,1.2848426810146,-2.5528019032641565,-36.85463253916499,-9.162233319868307,10.447076000882907
182.89243675,33.97697398,-12.78687214,22.58279503,-41.46889024,72.86780212,1.27865888489347,-2.548582587774351,-26.44014468210276,-7.5165180958606355,8.795176980754105
183.26278615,34.15301419,-12.44026827,23.28109449,-40.59396929,72.72687522,1.26557433814041,-2.545510106493949,-14.242974036400293,-5.579936867408483,6.845511205548893
183.70736005,34.35519046,-12.01953329,23.96742815,-39.6323843,72.51228516,1.24596600797295,-2.5419814649130474,-16.160130953259966,-5.903831554159849,7.1497975621327985
184.17483678,34.48919714,-11.58049182,24.66165622,-38.64281326,72.23256838,1.22032333027144,-2.539642607127381,-10.922815001706,-5.077205348844737,6.297528679116177
184.69104315,34.64081621,-11.10503988,25.3247367,-37.58240586,71.81614927,1.18924023323946,-2.53699635514707,-6.583778128255169,-4.395772809635183,5.5850130428746425
185.23813096,34.76279697,-10.59275553,25.98915374,-36.47024025,71.38132446,1.15340111354112,-2.5348673892609845,-6.848780195243265,-4.448464775408506,5.601865888949626
185.81099238,34.88871969,-10.04928791,26.62929029,-35.28936108,70.88169894,1.11356648284802,-2.5326696231939176,-6.187220123590187,-4.3532234450038425,5.466789927851862
186.4229586,34.99715618,-9.49574082,27.25182902,-34.07115157,70.30995199,1.07054751882445,-2.530777049414112,-5.930222136556473,-4.321225915511124,5.391773434335574
187.04620135,35.10117301,-8.92926196,27.84290263,-32.79505192,69.67697355,1.02517530692621,-2.5289616132531245,-5.26731641605771,-4.223899997207382,5.249075304133592
187.67287356,35.19753772,-8.35768847,28.39667426,-31.46430331,68.99150507,0.978282460597815,-2.527279731780895,-7.145311635157192,-4.532465391291548,5.510747851889363
188.29135556,35.28344683,-7.79219832,28.90662097,-30.07949188,68.25708212,0.930691953926529,-2.525780334953937,-8.581872943849156,-4.769515926447591,5.70020788037412
188.88759936,35.35697964,-7.23854558,29.36375104,-28.64232716,67.47620994,0.883195840066074,-2.524496945311194,-9.344943110121129,-4.897764458320448,5.780960298386522
189.45223156,35.41655014,-6.70630113,29.7643024,-27.15163053,66.6576292,0.836528456980486,-2.5234572439491347,-9.135784597886776,-4.8692831521956,5.705811609176086
189.97839213,35.46287898,-6.1986323,30.10342661,-25.61059286,65.80799533,0.791353106589511,-2.5226486531525047,-7.947649964270553,-4.6830552371292615,5.474408343718773
190.46111322,35.49730926,-5.71963682,30.37921754,-24.02008965,64.93665904,0.748260423395238,-2.522047731404121,-6.031493121088083,-4.3793474668269505,5.127607890222189
190.89855998,35.52324164,-5.27164965,30.58971356,-22.38297046,64.05267838,0.707760769520156,-2.5215951259902427,-3.8963131647262728,-4.039885018372359,4.747645787892514
191.29213312,35.54351047,-4.85478797,30.73607949,-20.70318885,63.16458885,0.670268464042582,-2.521241368171216,1.4373624148245057,-3.1881896601229585,3.8584581241655407
191.64037081,35.56128007,-4.46962565,30.81816216,-18.98417259,62.28458382,0.63608990996478,-2.5209312301444533,2.580858507497119,-3.0067139467672894,3.6428038567320695
191.95324028,35.59794716,-4.09995012,30.84010203,-17.21689515,61.44040378,0.605422434583244,-2.5202912686968286,-1.3586602828574712,-3.640097408847413,4.245519843430657
192.21345664,35.61410573,-3.78737801,30.79619078,-15.43890303,60.57810783,0.578361399888499,-2.520009248447914,3.367193912700017,-2.885308983981079,3.463670383869578
192.45456876,35.6445993,-3.49648237,30.70861855,-13.63795674,59.77244391,0.55491238091946,-2.519477035250727,8.492955399770352,-2.067730741010159,2.6226431219296193
192.64504331,35.68622399,-3.23101554,30.55216632,-11.81725622,58.98130237,0.535007745842461,-2.518750547360105,8.916646293002373,-2.0034107190333224,2.5384184648757833
192.82460548,35.73991249,-2.98845485,30.36789704,-9.9880556,58.26513169,0.518524043251009,-2.5178135062646483,9.816878394537376,-1.863847268322757,2.382371311573766
192.9663128,35.80943087,-2.77008233,30.12995164,-8.1530886,57.57742263,0.505296723975831,-2.516600181642996,8.435233870756065,-2.090698648227227,2.595995372203058
193.08349777,35.89147225,-2.57444248,29.85407694,-6.32382641,56.93426034,0.49513529816315,-2.515168289439116,8.069622299049506,-2.15602093276415,2.6511562309273002
193.18143576,35.98096808,-2.3877393,29.55370119,-4.50803161,56.35985569,0.48784204027587,-2.5136062925388107,8.99071632112669,-2.0160823437320294,2.5039243840078993
193.24897795,36.08926754,-2.22827797,29.21129772,-2.70940754,55.79853546,0.483226315490224,-2.5117161103836785,9.785225103216,-1.8979485656527355,2.3811748811429596
193.31025055,36.2040183,-2.07724239,28.87147847,-0.932634909999997,55.34127278,0.481105604040646,-2.509713331802513,10.849713631317924,-1.7371399099307565,2.2182455139714023
193.35038267,36.34312804,-1.93812259,28.50179049,0.814907560000002,54.91025634,0.481302202177672,-2.5072854088179195,8.294556842387557,-2.1574744733124085,2.6387766754900803
193.36697785,36.4892328,-1.81653207,28.11723183,2.52707715999999,54.51534254,0.483643623260527,-2.504735399703084,8.127150096521873,-2.1963256568963896,2.6799692801569166
193.35662985,36.64451285,-1.71012483,27.71254062,4.19984487,54.1350034,0.48795923792922,-2.5020252515679218,10.70370811273591,-1.7968752968446895,2.2848345347739096
193.33214445,36.82101244,-1.62515207,27.30602113,5.8376706,53.80824158,0.494076559880905,-2.498944752594002,8.254124544930797,-2.203325299690994,2.697401859571899
193.2769456,37.00722539,-1.55769798,26.88107806,7.43105998000001,53.47984568,0.501825981941347,-2.4956947235066504,7.476559419221651,-2.3430149957388258,2.844840977680173
193.19404986,37.20008473,-1.51867964,26.44592714,8.98018693,53.14875262,0.511045710992812,-2.492328693030428,9.586596162369789,-2.0211943355911997,2.5322400465840116
193.08733519,37.41277546,-1.48978451,25.99963388,10.48368276,52.82863672,0.521580967515818,-2.488616539503457,8.856781499657629,-2.155326354871254,2.6769073223870716
192.95292066,37.63408417,-1.49108555,25.5432078,11.94101921,52.48953567,0.533283355031385,-2.484753973850616,8.172326198878643,-2.282852087065457,2.8161354420968423
192.79401664,37.86907115,-1.51193886,25.07694095,13.35085323,52.13644057,0.546012146062402,-2.4806526773502977,8.784011741824749,-2.2040499522950583,2.75006209835746
192.61142631,38.11490759,-1.56065982,24.60205944,14.71373289,51.75757087,0.55963482556671,-2.476362022050916,9.289555086309242,-2.143045938560962,2.702680764127672
192.4091422,38.37569552,-1.62878435,24.11580656,16.02442221,51.34226442,0.574027246333293,-2.471810414022956,9.864609658927217,-2.0720563419491818,2.6460835882824747
192.18701799,38.64895624,-1.71745122,23.62968785,17.29324098,50.92941475,0.589076807015019,-2.4670411147425857,10.429984635500489,-2.0035396248282202,2.592616431843239
191.94964569,38.93883994,-1.83515441,23.12838156,18.51036915,50.45048715,0.60468924258391,-2.461981689729721,10.478895742442871,-2.01890065982342,2.6235899024073297
191.69625318,39.2427643,-1.96814735,22.62456338,19.68506743,49.96498286,0.620793007245744,-2.456677208970705,11.54168606517736,-1.8730624939603617,2.493855501206106
191.4340924,39.56202401,-2.12678518,22.11227691,20.81132933,49.42988256,0.637338213755242,-2.451105075862243,13.28951462866712,-1.618726975085222,2.256065188840464
191.16422473,39.90270135,-2.30092051,21.59645521,21.89843931,48.88520581,0.65429449893144,-2.445159134592307,13.940269366923276,-1.5414934096328299,2.1957879085642698
190.88357639,40.26135139,-2.50676664,21.06485972,22.94092324,48.26786204,0.671649741111796,-2.4388995105318974,14.706732453260152,-1.4470208536153084,2.1186705947271043
190.60295598,40.64251026,-2.71615002,20.53264225,23.9465295,47.65489521,0.689407167637583,-2.4322470332772164,17.173177646969684,-1.0821553408252353,1.7715625084628184
190.32006956,41.04494214,-2.95885628,19.9876272,24.91421538,46.97948883,0.707581029052321,-2.425223271956226,17.88018958301052,-1.0002764441086107,1.7078574731609317
190.04525784,41.48071423,-3.20753354,19.43551605,25.8493974,46.28439338,0.726195130312253,-2.417617614197429,14.697340836558048,-1.543148788997604,2.2693439193098572
189.76560611,41.93097883,-3.4782161,18.87730362,26.74606162,45.55490699,0.745284192757997,-2.4097590144222534,17.06962028113157,-1.1980819324663385,1.9433661252243355
189.48866327,42.40312776,-3.77602588,18.31014155,27.60876585,44.78389992,0.764892827924477,-2.401518461033985,19.08703763687125,-0.9112090461157369,1.676101874040214
189.22250367,42.91481724,-4.08409049,17.73404057,28.4463562,43.96105702,0.785071940240056,-2.392587794860168,16.639407092498004,-1.3414473635649578,2.1265193038050136
188.95088652,43.43490196,-4.42796,17.15005559,29.24698196,43.10034786,0.805874158275333,-2.383510604106855,18.125064513050404,-1.14266595590856,1.948540114183893
188.69375989,43.99399243,-4.77912602,16.56380926,30.01962383,42.18567142,0.827349729074191,-2.373752634588832,16.796200491175917,-1.396755623386468,2.224105352460659
188.43496338,44.57052513,-5.1697942,15.96809646,30.7611254,41.19979648,0.849549552764015,-2.3636902407284195,14.025994703787958,-1.8823464671752714,2.7318960199392865
188.17688075,45.16940276,-5.59560057,15.36546673,31.47288415,40.13790481,0.87253461486014,-2.353237854268379,14.127431494586062,-1.9096737082778747,2.782208323138015
187.91639917,45.78651133,-6.04643225,14.75865316,32.15340387,39.00960366,0.896380551520184,-2.342467277879605,12.655174712032924,-2.1896412308115756,3.0860217823317595
187.65524367,46.42575731,-6.54063562,14.14479894,32.80635315,37.77496256,0.921172706350758,-2.3313103307984675,14.160753320671128,-1.9942324916457856,2.9154051979965434
187.37573326,47.07500634,-7.08975784,13.52468919,33.43214858,36.42750333,0.94699537287383,-2.319978797559588,14.224304249381705,-2.0297171175037745,2.9767124903776043
187.12058515,47.763247,-7.66289364,12.89969001,34.03247838,34.96092896,0.973911244656056,-2.3079667319964887,12.66337426884423,-2.32725665824754,3.301167902903596
186.83194945,48.44500061,-8.30211708,12.27485168,34.60608124,33.35822809,1.00191538903093,-2.296067886814632,15.065244025578297,-1.9896785180849843,2.9915939071159143
186.56433398,49.17329248,-8.97876449,11.63573329,35.16972249,31.61027024,1.03086969819299,-2.283356795767625,13.212906891815202,-2.3352744008507496,3.3661440990437397
186.27403191,49.90131237,-9.72189288,10.99980233,35.71238363,29.70569894,1.06045818744861,-2.270650451667118,10.996954842998896,-2.7383118134852045,3.7987700009338146
185.98594727,50.65904234,-10.51935189,10.3564441,36.25081895,27.65734009,1.09018918756409,-2.257425568849581,12.548196500863362,-2.539805544294873,3.6299947318589627
185.68456714,51.42063204,-11.39346524,9.7169691,36.77493116,25.44827717,1.11943226325835,-2.2441333210353047,19.86499197101033,-1.4182623487680037,2.5376946120263537
185.38533447,52.21668807,-12.32889048,9.06921622000002,37.31050141,23.11111985,1.1474648546405,-2.2302395222814497,22.45903993165488,-1.0537145629995237,2.2011794176400237
185.09083158,53.05376973,-13.33540522,8.41462618,37.86346471,20.6610058,1.17350998854115,-2.21562969120639,14.3422727988618,-2.404531981175453,3.578041969716603
184.78535716,53.90301462,-14.42833026,7.75698688999998,38.42635106,18.09266292,1.19675731829657,-2.200807571720153,16.344170686890536,-2.13609548432662,3.33285280262319
184.46878619,54.76908259,-15.61969988,7.09900530000002,39.00343595,15.41496699,1.21637439542796,-2.185691834097589,21.870836048467623,-1.3036485669611917,2.5200229623891515
184.15474196,55.68298637,-16.89777544,6.42348855999998,39.61869694,12.65984717,1.23152667450386,-2.169741204090168,18.759455044228268,-1.8549610170851554,3.0864876915890154
183.81984404,56.60970611,-18.29674806,5.75024479999999,40.24816347,9.80871067,1.24140911367088,-2.153566893383942,18.315462481153236,-1.97897969859492,3.2203888122658
183.47555774,57.57044188,-19.81131614,5.06125746999999,40.9122467,6.86751957000001,1.24526969928591,-2.136798890955759,18.87515117502403,-1.9429979695687822,3.1882676688546923
183.11103564,58.5552695,-21.45613857,4.36235532000001,41.60133045,3.83861556,1.24242729391012,-2.1196104064221792,18.411712153403315,-2.0706115280096102,3.31303882191973
182.72463133,59.56604404,-23.25024424,3.64851861,42.31680664,0.708186470000001,1.23231067046367,-2.1019690627038483,18.314479860777052,-2.139499309257082,3.371809979720752
182.32088647,60.60632423,-25.17835901,2.91964793,43.05501629,-2.50481142,1.21451386850616,-2.083812748245076,16.139159076962173,-2.5407903353522534,3.7553042038584135
181.88634049,61.66658044,-27.27671474,2.17384081,43.80885636,-5.82375546,1.18883657021525,-2.06530778646586,13.77444039869946,-2.9716695165823355,4.160506086797586
181.42883608,62.74984953,-29.52964529,1.41068759999999,44.57374547,-9.23756219,1.15530520537522,-2.046401174160277,15.502544996301992,-2.7470065220034248,3.9023117273786445
180.94250241,63.84603857,-31.9507385,0.620040289999992,45.35307548,-12.77486749,1.11419396119591,-2.0272690661880013,3.3232831740548363,-4.7462381960826345,5.860432157278544
180.45625437,64.98219787,-34.53169246,-0.175274809999991,46.10697271,-16.41095749,1.06605273261158,-2.0074393455758472,-11.524489336058874,-7.172235721893866,8.238288454505446
179.84470245,66.04453771,-37.31364294,-1.00166050999999,46.86968106,-20.13118976,1.01172898505753,-1.988898017592737,-1.117448798919618,-5.552296546266361,6.564025531323891
179.25297242,67.14851575,-40.23798802,-1.85508685000002,47.61912842,-23.96378796,0.952362996193147,-1.969629965925024,-2.131122065847091,-5.759485200441119,6.711848196634266
178.61753783,68.23663434,-43.32036495,-2.73036350000001,48.34084462,-27.88139159,0.889342245582205,-1.950638713877365,-14.527741957153228,-7.785330458229222,8.674672703811426
177.95857837,69.3026232,-46.51636582,-3.61200393000001,49.01238533,-31.85112792,0.82421509958525,-1.9320336984807849,-15.703039694123788,-8.012992404421881,8.837207504007132
177.26262122,70.34549314,-49.83243239,-4.51708898000001,49.6466864,-35.84622774,0.758584957077965,-1.9138321843577089,-21.89824295371734,-9.041137744347612,9.799722701425576
176.56204439,71.36675886,-53.2103896,-5.43103366,50.2319479,-39.84475415,0.694013062359719,-1.896007735005958,-33.52868948334198,-10.936379537681466,11.630392600041185
175.82056066,72.32888425,-56.63208384,-6.34295752,50.73179605,-43.79556404,0.63193033312317,-1.879215479133424,-35.51897569585183,-11.285586141255036,11.917516474378207
175.06884609,73.23878928,-60.04720429,-7.25878367999999,51.16303944,-47.68626022,0.573541974075346,-1.8633346404794655,-33.847044520221026,-11.045715045979273,11.619257020054619
174.3156002,74.10876662,-63.41012636,-8.16184411999998,51.51406577,-51.41101448,0.519738279432206,-1.848150671478724,-40.832922073528174,-12.188552840672175,12.70829112010438
173.56032069,74.91689042,-66.67070517,-9.05620307000001,51.78310891,-54.97386546,0.471044072846403,-1.8340462504049957,-46.73788755048536,-13.155492385687818,13.626536458534222
172.80726928,75.65469358,-69.78596318,-9.93066819999999,51.96512232,-58.32507788,0.427609171047833,-1.821169156031377,-48.41412619871477,-13.442922467661226,13.870531638709059
172.05937097,76.32720319,-72.71089491,-10.78741619,52.05596519,-61.40745805,0.389216639481658,-1.8094316490855735,-51.34013752843058,-13.927791376082933,14.317008015564591
171.31886599,76.92322803,-75.40948741,-11.62297416,52.05492271,-64.2042086,0.355312119905889,-1.7990290532039015,-49.77525088648349,-13.691558646771897,14.046870766677786
170.59507304,77.44335864,-77.84888159,-12.42946389,51.96402694,-66.68820209,0.325092244279856,-1.789951061518995,-59.01267124270193,-15.181386986948807,15.506479231228663
169.90732017,77.9065713,-79.9949804,-13.20371742,51.79320608,-68.82082727,0.297679378963646,-1.7818664754650744,-73.73490047438702,-17.547090833220306,17.844770212183953
169.19086997,78.22139639,-81.88609944,-13.96110496,51.51075317,-70.69605756,0.272349620616307,-1.7763717410766866,-67.78131186980562,-16.60119877867324,16.873548399289547
168.51102429,78.46744471,-83.47315942,-14.69253453,51.15032462,-72.23167777,0.248707109727739,-1.772077387773686,-66.85622278907344,-16.45828589139913,16.706993001126868
167.85105603,78.61107583,-84.77682041,-15.3943916,50.6980634,-73.47740617,0.226715161066895,-1.7695705518213587,-73.96886709661653,-17.59923780393498,17.825952965001875
167.20105394,78.64526018,-85.8242213,-16.09073015,50.16145973,-74.46239179,0.206586756806603,-1.7689739223612049,-75.91298411441905,-17.91098825377889,18.117575010585494
166.58197409,78.57694488,-86.62321257,-16.75729593,49.53279809,-75.21206087,0.188585586558853,-1.7701662492756924,-78.78846118096972,-18.369680163930617,18.558265750489472
165.96986751,78.38812629,-87.20083991,-17.42138169,48.82587834,-75.74047465,0.172839636658986,-1.7734617553601657,-76.47765223264935,-17.99608167893923,18.168921315598215
165.38844689,78.0913893,-87.57786032,-18.06368517,48.03031197,-76.0915234,0.159275197377505,-1.7786407928481232,-74.61074683561941,-17.691170043395225,17.85044524077273
164.84278065,77.69280773,-87.76883462,-18.68437823,47.15054456,-76.28156026,0.147655523089922,-1.7855973535823917,-74.11165946403564,-17.602736206953008,17.75039173004293
164.31401234,77.17834563,-87.80476583,-19.30968233,46.19675014,-76.33416627,0.137640711697973,-1.7945764111041158,-73.12943877556322,-17.434095653448033,17.571736365146005
163.82535045,76.57286064,-87.70134287,-19.9174628,45.17007465,-76.25767981,0.128836046736906,-1.8051441177510208,-70.83280015543147,-17.05252408593778,17.181360132674687
163.36391353,75.84630114,-87.45097492,-20.51108437,44.05945534,-76.08864538,0.12082974122596,-1.8178249732376648,-66.91929724290002,-16.408589974884514,16.529419716110475
162.9457853,75.0470715,-87.09464107,-21.10132026,42.89691726,-75.82282586,0.113221311319075,-1.8317741619351933,-69.03533442802923,-16.726545735020576,16.839767046339652
162.55984934,74.13083732,-86.6199648,-21.66962127,41.65373785,-75.48019199,0.105641944357979,-1.847765465095504,-63.78219357615844,-15.861056049528997,15.966697993886976
162.20530244,73.12573903,-86.05494399,-22.22268537,40.35181199,-75.07497457,0.0977682421633919,-1.8653077395621689,-55.79027682606208,-14.553275481931838,14.65104372409523
161.90337561,72.04992845,-85.403473,-22.77064897,39.0025297,-74.61079293,0.0893306473959272,-1.8840841763109584,-57.86994484022534,-14.85298474673577,14.942315394131697
161.63317561,70.88475182,-84.67675806,-23.3024719,37.59937743,-74.09907849,0.0801177273599622,-1.9044203448717505,-56.59829969255181,-14.61151531061945,14.691633037979413
161.39180678,69.63744922,-83.88269113,-23.81953616,36.14891984,-73.54710347,0.0699773212311025,-1.926189882010436,-52.89347881737516,-13.97551317760161,14.045490498832711
161.20578656,68.31948024,-83.02318118,-24.31624326,34.6552584,-72.95915741,0.058815374880468,-1.949192780150587,-51.40362562530365,-13.688618490270006,13.747433865150473
161.04163317,66.92191268,-82.12829309,-24.79493588,33.12047909,-72.36045849,0.0465931093354191,-1.9735849355916508,-45.69025890296396,-12.719873719561782,12.766466828897201
160.91713117,65.45968758,-81.18969382,-25.25150036,31.55021316,-71.74235773,0.0333230070551522,-1.9991055779919544,-43.68549169364355,-12.338534001811965,12.371857008867117
160.83330932,63.94459024,-80.22142835,-25.6906396,29.95670651,-71.11365797,0.0190639629796382,-2.025549015063162,-42.04654025956822,-12.009860188702355,12.028924151681993
160.7713612,62.34959549,-79.21590375,-26.089207,28.31734841,-70.46622205,0.0039158392931601,-2.0533869250026857,-36.98725487304655,-11.126439280566048,11.130355119859209
160.76063395,60.72635887,-78.20435408,-26.46724296,26.66491865,-69.83793857,-0.0119864151112732,-2.08171774856063,-35.9325366980956,-10.878296473769728,10.866310058658454
160.76443441,59.02758204,-77.16747124,-26.80154438,24.97617543,-69.17980917,-0.0284789805569402,-2.111366997500722,-25.750970011029217,-9.161756221246364,9.133277240689424
160.8167912,57.30224923,-76.12655867,-27.10062915,23.26962039,-68.53546762,-0.0453756704692132,-2.141479735727908,-21.820252916091576,-8.439448563213851,8.394072892744639
160.91073136,55.5580264,-75.10290361,-27.36840932,21.55453846,-67.92611722,-0.0624746853503149,-2.171922166999861,-24.78446775779908,-8.814747282571483,8.752272597221168
161.0194373,53.75311875,-74.06978014,-27.57773581,19.80625219,-67.28756038,-0.0795655371739889,-2.2034237481867947,-13.85066590844808,-6.95819006766583,6.878624530491842
161.17729541,51.94646622,-73.06064548,-27.74958153,18.05130758,-66.68995733,-0.0964360270695078,-2.23495578327478,-6.5701889947078485,-5.681349051332247,5.584913024262739
161.36822409,50.1246298,-72.07214133,-27.87383449,16.28393252,-66.10645579,-0.112879142747598,-2.2667528272365263,-5.749543907067611,-5.432479056058004,5.319599913310406
161.59379564,48.29726163,-71.10853475,-27.95210093,14.50716231,-65.54372464,-0.128699722202971,-2.2986464184491697,-0.125752717936578,-4.4101659945304625,4.281466272327491
161.8466863,46.46319839,-70.16726585,-27.97875439,12.72371908,-64.98932212,-0.143720712010351,-2.3306568606769646,4.670583108810078,-3.5153073617481976,3.3715866497378464
162.13866477,44.64733653,-69.26830235,-27.96313374,10.9318711,-64.46920319,-0.157788844393946,-2.362349628895353,5.96949204473507,-3.1769987865836047,3.0192099421896588
162.44878694,42.82852745,-68.37642134,-27.88974987,9.13767365,-63.92194032,-0.170779563062962,-2.394093835806522,11.0145058739608,-2.2349415307093703,2.0641619676464082
162.78408677,41.0316141,-67.52288925,-27.7725699,7.34157902,-63.38911922,-0.18260090126715,-2.425455890137063,16.035762281405574,-1.294353124184433,1.111752222917283
163.14095811,39.25696498,-66.69965362,-27.6197875,5.55406546,-62.89385544,-0.193195712365838,-2.4564293603486838,18.78537492895571,-0.7152008389717781,0.5220051266059401
163.51286098,37.50776982,-65.89591651,-27.41974359,3.7688355,-62.37468854,-0.202541720704325,-2.4869585751506325,23.75369899085822,0.22044206433877633,-0.4229837850431013
163.8985599,35.79303478,-65.10768406,-27.17655587,1.99556208,-61.83395166,-0.210649484280753,-2.516886347397949,26.197980248392483,0.7527054913086269,-0.9633549755893799
164.29684154,34.12002421,-64.35985797,-26.90086913,0.228671970000001,-61.31102786,-0.217558750917701,-2.546085890265116,29.589086917178875,1.4359951629109853,-1.6535539138286863
164.69592895,32.47920795,-63.60270367,-26.58448741,-1.51689628,-60.74054164,-0.223333581161722,-2.5747235364223755,36.04317486471498,2.6093861108561733,-2.8327196920178954
165.10990734,30.90181158,-62.85294395,-26.24267416,-3.23276294,-60.15953477,-0.228056491270784,-2.6022542966878817,40.286019661754935,3.4259810589666038,-3.654037550237388
165.52063699,29.3718933,-62.11164285,-25.86729886,-4.92784204,-59.55701808,-0.231821882787643,-2.6289564079603305,41.195995936504914,3.7073586073630795,-3.9391804901507226
165.94429871,27.91442084,-61.35573885,-25.47597038,-6.57347696,-58.91260526,-0.234729054515944,-2.654394101144472,41.354344423556455,3.8639599635295605,-4.098689018045505
166.35247895,26.50061432,-60.63286912,-25.05490975,-8.20802417,-58.27227145,-0.236875108005498,-2.679069679904635,46.58832330556972,4.830432166988455,-5.067307274993953
166.77181219,25.16397304,-59.89261362,-24.62342642,-9.78776324,-57.5878557,-0.238348302454874,-2.7023984711587064,48.39455233115242,5.242892032018664,-5.481240334473537
167.18595632,23.89626677,-59.16031965,-24.17401052,-11.32941024,-56.89826456,-0.239222901694476,-2.7245241195183825,44.294819296775145,4.705288834973896,-4.944511736668372
167.59312963,22.6908056,-58.42488115,-23.70925101,-12.82734886,-56.18177158,-0.239556258015805,-2.7455633859398256,44.39784259186563,4.835397802252676,-5.074954060268481
167.99043382,21.54570984,-57.69304251,-23.23051514,-14.28187661,-55.43534852,-0.239387691700649,-2.7655490772024525,48.46777063860497,5.595452196921949,-5.834839888622598
168.3840827,20.47201906,-56.97239277,-22.74411097,-15.6901958,-54.68946981,-0.238738274269606,-2.7842885164617583,46.01127731227894,5.305274918419084,-5.5440131926886895
168.76803286,19.47285278,-56.2675179,-22.25676861,-17.03533655,-53.91526274,-0.237611155891387,-2.801727257822662,39.53458386027897,4.365375498377515,-4.602986654268902
169.1504115,18.51685772,-55.57027193,-21.74670637,-18.37454415,-53.18380359,-0.235992475654163,-2.818412519252463,40.52451017740655,4.616529701524255,-4.852522177178417
169.51801207,17.6265122,-54.89352481,-21.23579476,-19.65150618,-52.41957994,-0.233852942477287,-2.833951980056844,40.68673853137028,4.7293499337280025,-4.9632028762052895
169.87837488,16.79388472,-54.23770927,-20.71822287,-20.88860322,-51.65749501,-0.231150140923317,-2.8484840710254278,37.67339965254024,4.328837785313787,-4.559987926237104
170.22558992,16.01328946,-53.60586655,-20.19447763,-22.0850674,-50.8960622,-0.227831559559681,-2.862108028437888,36.60412019564241,4.234600619769288,-4.462432179328969
170.5659178,15.2867644,-52.99664441,-19.66526992,-23.24407206,-50.13841636,-0.223838297354402,-2.874788282833137,35.21826419237151,4.084658944635243,-4.308497241989645
170.89288609,14.60979288,-52.41170013,-19.13034613,-24.3649988,-49.37888278,-0.219109388846538,-2.8866036647993685,35.383433426141586,4.178208997745308,-4.397318386591846
171.2075519,13.98142987,-51.84358812,-18.58995887,-25.44948537,-48.61359557,-0.213586672842729,-2.8975706682216105,34.579243302688134,4.112027413860242,-4.325614086702972
171.5106655,13.40902844,-51.30150557,-18.04873378,-26.48297594,-47.80748541,-0.207220100562682,-2.907560957818234,32.55985721556609,3.84599817638684,-4.053218276949522
171.79809497,12.87421981,-50.75599594,-17.49679298,-27.5069016,-47.04527955,-0.199973347716084,-2.916895129279814,34.98721401534066,4.287822620044266,-4.48779596776035
172.07234937,12.39481824,-50.22205704,-16.94336222,-28.48079421,-46.2217991,-0.191829566026839,-2.925262265115544,37.31235909813169,4.707853111891753,-4.899682677918592
172.33176964,11.96747172,-49.68424125,-16.3871629,-29.41469401,-45.36112678,-0.182797055448462,-2.9327208689364848,38.714506004651206,4.97506569376573,-5.157862749214192
172.57858326,11.59439211,-49.14378823,-15.82235846,-30.30747597,-44.42018424,-0.172914558714721,-2.9392323365030406,41.29542036268141,5.425492844399845,-5.5984074031145665
172.81627993,11.28254141,-48.53764519,-15.25729804,-31.16666847,-43.44180826,-0.162255909769052,-2.9446751579926898,42.97684612943442,5.7258890675069525,-5.888144977276005
173.03897856,11.03057131,-47.91341499,-14.68650568,-31.97996243,-42.36401896,-0.150933919857172,-2.949072865854269,40.83421885316074,5.408438534573738,-5.5593724544309095
173.25463409,10.84385029,-47.23044631,-14.10801008,-32.75174655,-41.17494295,-0.139103400237408,-2.9523317624359517,46.88879744426,6.395985342692352,-6.53508874292976
173.44432792,10.70071335,-46.48502804,-13.52012041,-33.48167551,-39.85629183,-0.126963039966481,-2.954829973320181,56.47545643848506,7.9442813968533885,-8.07124443681987
173.67038762,10.67381219,-45.63478373,-12.92875315,-34.16482598,-38.40585241,-0.114755708085167,-2.955299487134787,49.23286189615794,6.7881791235988835,-6.902934831684051
173.87206704,10.69443592,-44.69447203,-12.3276036,-34.80675106,-36.78833271,-0.102766710428147,-2.9549395351422447,45.386943368250776,6.1707523329466465,-6.273519043374794
174.07195728,10.78585761,-43.64584508,-11.71856555,-35.40657351,-34.99715286,-0.0913195241124578,-2.9533439256440066,46.68890313969332,6.369848066286571,-6.461167590399029
174.27178368,10.94820652,-42.48398752,-11.10136899,-35.96739342,-33.02095432,-0.0807685217925967,-2.9505104026274838,44.58790720208494,6.017326384264734,-6.098094906057331
174.46630303,11.16541074,-41.19806615,-10.48161843,-36.49312272,-30.84058786,-0.0714881852983096,-2.946719473839257,43.14130850486375,5.763993714615381,-5.835481899913691
174.6830954,11.45744701,-39.81969104,-9.83700605999999,-36.9983954,-28.50720864,-0.063860890338649,-2.941622479392513,34.64808606969516,4.375689986477562,-4.439550876816211
174.89506118,11.79214536,-38.34285432,-9.18961683000001,-37.48094996,-25.98042929,-0.0582491047015496,-2.935780891184021,27.14628395350971,3.141757709599771,-3.2000068143013207
175.10545096,12.16520641,-36.79699298,-8.54054151,-37.95074827,-23.28693986,-0.0548789203998059,-2.929269747550574,17.68320125165701,1.5902126895342232,-1.6450916099340291
175.31880569,12.57441673,-35.22779539,-7.8734695,-38.42370064,-20.47061223,-0.0535976077806778,-2.922127680133434,9.902045226044542,0.30420736647478486,-0.35780497425546265
175.53207072,12.97428309,-33.60885349,-7.17720303999999,-38.91772406,-17.51678341,-0.0536704623296556,-2.915148695583469,4.9084034180069125,-0.5347959550702263,0.48112549274057065
175.74992884,13.41342264,-32.01511857,-6.48857620000001,-39.41642927,-14.4531399,-0.0538216939141115,-2.907484264560243,-7.155931963658269,-2.508966751271217,2.455145057357105
175.94989537,13.81148285,-30.4188131,-5.76764760999998,-39.95417743,-11.26536348,-0.052499940494653,-2.900536803274563,-7.420951483916305,-2.591073355151467,2.538573414656814
176.15139011,14.21142808,-28.87397635,-5.02639254000002,-40.52704838,-7.99384306,-0.0482184689219313,-2.893556442183417,-3.270780179485122,-1.9668692049854775,1.918650736063546
176.34997594,14.60616369,-27.36958956,-4.27239849,-41.12686865,-4.61126727,-0.0398485580778424,-2.886667006114049,-4.861480241076244,-2.2606167817759935,2.220768223698151
176.54508558,14.99069333,-25.92663417,-3.49546562,-41.76351288,-1.14123554,-0.0267825853428267,-2.87995569782454,1.122728419900021,-1.3412968618426693,1.3145142764998425
176.75079151,15.3729903,-24.54852668,-2.69390647,-42.44101514,2.41455776,-0.0089190907659798,-2.8732833569776424,12.003566507772234,0.3617732007703611,-0.3706922915363409
176.96622294,15.77639134,-23.22952465,-1.87945257999999,-43.13435678,6.07950975,0.0135236587517984,-2.866242680623673,21.62179501751016,1.860810793252267,-1.8472871345004687
177.20095781,16.20859228,-21.97408997,-1.04666779999999,-43.84484474,9.8445814,0.0402725532977638,-2.8586993511904586,26.667269613658284,2.6254486797610292,-2.5851761264632653
177.44877186,16.68597311,-20.78009123,-0.199369630000007,-44.5506976,13.7104712,0.0711991100324404,-2.850367483921055,25.957939880369985,2.4649693742644345,-2.393770264231994
177.7363993,17.19698646,-19.65449672,0.671414489999989,-45.27877222,17.65238086,0.106364870348826,-2.841448618441909,23.148300123869703,1.9652601227270727,-1.8588952523782467
178.03071941,17.74428292,-18.59740887,1.55557902999999,-45.99090999,21.69120825,0.145931590354566,-2.8318964932304,18.44492576908774,1.1591448408732672,-1.0132132505187013
178.32383251,18.31801063,-17.61064362,2.45645453,-46.67979075,25.80205577,0.190018816643883,-2.8218830556809724,12.2923033072464,0.11873811121608302,0.07128070542779999
178.61035843,18.90827437,-16.69972284,3.3742038,-47.34056005,29.96841271,0.238585664906397,-2.811581009962836,7.603476271755838,-0.6888815736928364,0.9274672385992334
178.88201517,19.50946451,-15.86818384,4.30475466999999,-47.96074922,34.16058574,0.291381985949943,-2.801088262589311,5.038147703952944,-1.157596259377339,1.448978245327282
179.1366134,20.11583053,-15.11660888,5.24816668,-48.53574311,38.35448755,0.34796888731557,-2.790505179068097,3.429571980162472,-1.473513075707831,1.821481963023401
179.36249193,20.72978485,-14.45620518,6.19190053,-49.04851399,42.51330213,0.407764037928607,-2.7797896547272547,0.4963751299280616,-2.001871133622508,2.4096351715511153
179.56566255,21.34303669,-13.88337564,7.13935122000001,-49.50307096,46.59948732,0.470088614478726,-2.769086390975341,0.3528497242299977,-2.083575635844981,2.553664250323707
179.75043013,21.95294921,-13.39760748,8.08916426000002,-49.90104129,50.57233185,0.534241644169664,-2.7584414093522054,2.1699381884099367,-1.8510189130341854,2.3852605572038494
179.89297058,22.57226453,-13.01343778,9.01718179,-50.21078074,54.40104217,0.599594893380496,-2.7476323179101625,0.4409085662882006,-2.1864830709564074,2.7860779643369034
180.02036502,23.1885464,-12.71543665,9.93657250000001,-50.46152803,58.04118564,0.66564449584928,-2.736876170158315,-1.695274954380821,-2.5865419957306766,3.2521864915799563
180.12830283,23.80401859,-12.49796249,10.84149507,-50.64457796,61.46795479,0.731960554544478,-2.726134153988355,-0.5002776861262603,-2.4532681043218822,3.18522865886636
180.22973641,24.41443038,-12.34986272,11.73467519,-50.76999871,64.64953384,0.798038423721428,-2.715480458459863,2.187487474034633,-2.080404626795115,2.878443050516543
180.30713948,25.03290627,-12.25443494,12.60396622,-50.80880141,67.582947,0.863157414301375,-2.70468601783516,-5.80232789963997,-3.416428050509947,4.279585464811322
180.39928785,25.65284774,-12.22494828,13.4540379,-50.79986857,70.22994248,0.926369711463317,-2.693865998014007,-14.363454114656449,-4.843706885108037,5.770076596571354
180.46879448,26.22854906,-12.22387871,14.28961753,-50.73809383,72.59648966,0.98662476584777,-2.6838181144719293,-10.74804296639531,-4.318369805876499,5.3049945717242695
180.55314132,26.80896857,-12.22871513,15.11569737,-50.60769469,74.68172905,1.04293062088093,-2.673687882979617,-14.05503174656264,-4.900786524640871,5.943717145521801
180.6514102,27.3626101,-12.2418256,15.93185931,-50.43052492,76.48078072,1.09444807326186,-2.664025015405338,-20.78017281758715,-6.0273951268712675,7.121843200133128
180.7682988,27.88456,-12.25327836,16.74101447,-50.20740571,77.9992823,1.14049419752202,-2.654915271119884,-20.12490640320941,-5.970011874413487,7.110506071935507
180.91156338,28.37760952,-12.23518874,17.55477732,-49.92977529,79.24670077,1.18051672239178,-2.6463099336205054,-24.83691839248348,-6.7685557948130874,7.9490725172048675
181.08985675,28.84484421,-12.19467856,18.36464901,-49.60256581,80.24685306,1.21408242128229,-2.6381551499004705,-29.25773964934653,-7.517981977149434,8.732064398431724
181.26034756,29.25030388,-12.13138079,19.16823464,-49.21742869,81.00998134,1.24087138764719,-2.631078543674921,-24.392307982830097,-6.775889386695594,8.016760774342783
181.47823384,29.63749392,-12.02505236,19.97768796,-48.76923197,81.58399537,1.26067651470195,-2.6243208026459923,-20.89201002538843,-6.250444823568225,7.511121338270176
181.7128773,29.98324061,-11.88839353,20.77927281,-48.26088846,81.96902604,1.27340515120526,-2.61828638452762,-22.657972559811945,-6.563785973442426,7.837191124647687
181.99385632,30.31044123,-11.71103713,21.57760082,-47.68854885,82.20650995,1.27906516302534,-2.612575656394053,-24.766099912763018,-6.9301235233505025,8.209188686375843
182.27410645,30.58635672,-11.5023331,22.37086669,-47.04541687,82.32878556,1.27774341415537,-2.6077600226363,-19.854298338675136,-6.16864600899831,7.446389423153681
182.57988172,30.84148924,-11.27205507,23.14835046,-46.33462972,82.32222992,1.26959958579309,-2.60330712013339,-15.055431784505302,-5.4233376621165466,6.6929372479096365
182.91458618,31.07571608,-11.00796717,23.90997096,-45.55504402,82.21688998,1.25487627102361,-2.5992190905788477,-14.759875983663129,-5.3966619157720865,6.651538186795697
183.27068523,31.28627598,-10.71531175,24.65602838,-44.70813486,82.03033292,1.23390731846565,-2.595544127051177,-12.307444038515136,-5.022759888812113,6.256667207277763
183.64928143,31.48050758,-10.39711136,25.37980478,-43.79415783,81.76307139,1.20711473171553,-2.592154146119761,-9.50392340635542,-4.591213492229156,5.798328223944686
184.04773335,31.66054626,-10.05432038,26.07738039,-42.81482909,81.42348258,1.17501202161428,-2.5890118783728164,-10.764787655244136,-4.808693705606628,5.983705727220908
184.45868969,31.83084561,-9.68417735,26.74468888,-41.76644527,81.01761866,1.13822295739796,-2.5860395940013103,-12.963022866809837,-5.175273657934575,6.313496615332535
184.88143239,31.97313885,-9.30865151,27.38624088,-40.66635545,80.53760799,1.09748955717504,-2.58355610845998,-7.294238834893996,-4.280665385714442,5.3781549428894815
185.31583591,32.10691099,-8.9198613,27.9902872,-39.50677892,79.99555252,1.05365605278785,-2.5812213441695406,-7.350436691488937,-4.301294310627576,5.354950363415425
185.75744813,32.24393853,-8.48073997,28.55955426,-38.2790787,79.41722711,1.00763241374679,-2.5788297624306327,-9.100694753287897,-4.59323840264612,5.60087081639291
186.18682561,32.34086147,-8.09142853,29.08532943,-37.01257256,78.73743869,0.960336244386087,-2.57713813800692,-3.854381629442294,-3.7622366162735843,4.722572860659671
186.64691431,32.46259507,-7.61278839,29.58011883,-35.68552047,78.04432639,0.912636180862615,-2.5750134858766143,-8.410675342847007,-4.501791556888445,5.414427737751059
187.0947352,32.55272797,-7.16704951,30.03309533,-34.32234191,77.27041519,0.865322113357542,-2.5734403700072432,-11.6565653818812,-5.028934602189339,5.894256715546881
187.53598779,32.63306199,-6.72147367,30.44030874,-32.91499879,76.432056,0.819091374724883,-2.5720382768568806,-7.270532027665588,-4.334115252505188,5.153206627230071
187.95829165,32.69780727,-6.26624371,30.79942388,-31.46736931,75.55091595,0.774534178888061,-2.5709082585457548,-2.1698631392474965,-3.5236018194384116,4.298135998326472
188.38815211,32.76187183,-5.80376353,31.12222196,-29.98298505,74.63433545,0.732118083249407,-2.569790121039913,-4.4982807143911785,-3.9016794182334826,4.633797501482889
188.78483387,32.83045417,-5.32665382,31.39815009,-28.43494756,73.72336003,0.692178690031772,-2.568593133398191,-10.257418696362208,-4.82905789959042,5.521236589622192
189.17034929,32.86490842,-4.88300228,31.62862195,-26.88356634,72.72255949,0.65492469622538,-2.567991793294385,-1.559985757415561,-3.4404391767677662,4.095363872993146
189.55263219,32.90433039,-4.43010246,31.82210026,-25.29738923,71.72982512,0.620462444701418,-2.567303750120264,-0.0667501172380014,-3.2049189089898973,3.8253813536913155
189.90199065,32.95900695,-3.96695361,31.96869009,-23.65263909,70.75846485,0.588836921093536,-2.566349464124599,-8.452030919472442,-4.551273428200431,5.140110349293967
190.23965971,32.97782416,-3.53600464,32.08079917,-22.01684954,69.75142381,0.560069611150059,-2.56602104185406,0.1697454870575043,-3.1734093586722585,3.7334789698223174
190.56906589,33.00467891,-3.10734364,32.15773732,-20.35321238,68.76594652,0.534171353192819,-2.56555233804676,6.439839079517284,-2.1725059709786105,2.7066773241714297
190.87928522,33.0522905,-2.66889368,32.20176521,-18.64631301,67.85061411,0.511133793684625,-2.5647213590391504,0.3835779910277281,-3.1456042971975102,3.6567380908821354
191.15995687,33.08724843,-2.2726449,32.20025183,-16.93379412,66.90204674,0.490918702226405,-2.564111228060969,-0.7261494712729188,-3.3261670990706,3.8170858012970053
191.42221434,33.12895458,-1.89628336,32.16529338,-15.20421485,65.98306845,0.473453668030542,-2.5633833184251382,2.3205985001029106,-2.8422726201679174,3.3157262881984595
191.66572755,33.16565742,-1.5478706,32.10282787,-13.47319816,65.08147745,0.458632739540906,-2.562742733022305,8.94102505199168,-1.7861580590514936,2.2447907985923994
191.89399764,33.21891471,-1.21636955,32.01232448,-11.729174,64.23481713,0.44632373122698,-2.561813217961116,11.620196210921918,-1.3620644523272216,1.8083881835542015
192.10129422,33.29529471,-0.888387260000002,31.89242116,-9.96483154999999,63.45145577,0.436384543412988,-2.5604801354784423,7.654527152385349,-2.0031262181645584,2.439510761577546
192.29173452,33.37545366,-0.606407349999998,31.74566838,-8.21325355,62.66548145,0.428679425123096,-2.559081097876001,7.291283992469921,-2.0681179698932235,2.4967973950163196
192.45790344,33.46878921,-0.345273780000003,31.57556742,-6.45946991,61.92441968,0.423084183623041,-2.557452085219341,10.13468190736777,-1.6211689353177035,2.0442531189407447
192.60939181,33.57376859,-0.0988256099999987,31.39358996,-4.70888685,61.24354818,0.419485688554837,-2.5556198493916398,12.707852239524088,-1.2184433797309908,1.6379290682858278
192.73527846,33.70035116,0.12447663,31.18444301,-2.96344611000001,60.58466878,0.417784762522144,-2.553410566769503,12.295746841863853,-1.2951957205320261,1.7129804830541702
192.84099099,33.84489415,0.319279210000001,30.9585628,-1.22654687,59.95597297,0.417899680104122,-2.550887815683325,11.256855312566929,-1.4737489413339573,1.8916486214380792
192.92181928,34.00236255,0.498248150000002,30.71393139,0.495258950000007,59.34825052,0.419766585737735,-2.5481394736354783,13.310521411549203,-1.15857185017876,1.5783384359164951
192.99094979,34.18051674,0.659230300000001,30.46362447,2.2033314,58.78819416,0.423337781145718,-2.5450300964437544,13.74422351335891,-1.1043205803489506,1.5276583614946686
193.04169416,34.38063761,0.794724680000002,30.20157642,3.89602254,58.2527781,0.428577161679739,-2.541537328360299,11.26191676739996,-1.5184595475654175,1.9470367092451566
193.07151833,34.59488793,0.915477880000001,29.92849808,5.5675765,57.73129726,0.435452285612823,-2.537797954852848,12.340376656170273,-1.3640291022289188,1.799481387841742
193.08133997,34.8234387,1.01979251,29.64480548,7.21636535,57.21514541,0.443927357756977,-2.5338089914083795,12.00915505204403,-1.4363058852432742,1.880233243000251
193.07731871,35.07996427,1.08496314,29.35638378,8.84407192,56.70578269,0.453958671237104,-2.529331775596324,8.275876583399011,-2.05520816380338,2.5091668350404843
193.06345838,35.33504718,1.18452199,29.06676533,10.44361743,56.23642911,0.465484048233262,-2.524879738951256,9.911403681490684,-1.8149130326051444,2.2803970808384064
193.03641619,35.61245789,1.24255125,28.77546095,12.01877068,55.76387216,0.478405543492187,-2.5200380086814604,10.445751939953674,-1.7526022188338024,2.2310077623259894
192.9961926,35.90344382,1.29444357,28.47794647,13.56427703,55.2831311,0.492579447502288,-2.5149593461259827,8.478270199447913,-2.0916325070297352,2.584211954532023
192.94534144,36.20480126,1.33347497,28.17788327,15.08109496,54.79462549,0.507816211257869,-2.509699666572601,9.122689392517811,-2.0135286249995046,2.5213448362573736
192.88590405,36.52041737,1.36642401,27.87597988,16.56868932,54.30485339,0.523883315932574,-2.504191126280765,7.6258479021174,-2.2791064530453857,2.8029897689779597
192.82030695,36.84941379,1.37309638,27.57410288,18.02216174,53.79101867,0.540518867982429,-2.4984490555244907,5.126368861652075,-2.706099026243313,3.246617894225742
192.7414784,37.18108381,1.39962717,27.26589217,19.45563516,53.28707925,0.557460235766351,-2.492660321645336,6.706321185707687,-2.480484923714188,3.0379451594805387
192.65724833,37.52339825,1.3974797,26.95572519,20.85276569,52.7422092,0.574468811916193,-2.4866858075902147,8.165309975289858,-2.274972350738402,2.849441162654595
192.57195182,37.88017464,1.37784104,26.65191289,22.21912181,52.19999746,0.59134026457838,-2.480458884891336,8.246333395152128,-2.2909779587483987,2.8823182233267786
192.47173433,38.24416649,1.37043844,26.33181096,23.57597537,51.63511257,0.607912928727748,-2.47410602865841,8.084754303654407,-2.346241571894317,2.9541545006220646
192.37296849,38.62651348,1.347224,26.01464871,24.89730107,51.05574141,0.624079162325564,-2.46743281479782,9.467320361280509,-2.1557668603755538,2.779846022701118
192.2692967,39.01125696,1.285737,25.69704973,26.18269672,50.43065893,0.63979297986027,-2.4607177742962394,10.504628876946144,-2.020561005176398,2.660353985036668
192.16066646,39.42709607,1.24481307,25.36187286,27.46993741,49.80427846,0.655074093459521,-2.4534600126681765,7.95972415204016,-2.46080791007014,3.115882003529661
192.04544226,39.83853452,1.14432019,25.03001924,28.71122636,49.1226207,0.670008951405474,-2.4462790570463744,14.049429239659794,-1.5189737717590543,2.1889827231645285
191.92811565,40.27328452,1.03537889,24.68737728,29.93735312,48.42291401,0.684746299982938,-2.438691238123329,17.543074001991066,-0.9941406529651804,1.6788869529481185
191.82407185,40.74630938,0.95595308,24.33790142,31.15577679,47.73173614,0.699486587848392,-2.4304353968725434,10.621983070508987,-2.1384231165853853,2.8379097044337773
191.70877852,41.21998738,0.81862808,23.98395427,32.33907866,46.99502141,0.714464907938034,-2.4221681561782824,11.18628117894982,-2.0848321637113747,2.7992970716494088
191.59575747,41.71494372,0.660063400000002,23.62450193,33.49804621,46.2401327,0.729930188562467,-2.413529538391661,14.9235442342599,-1.5249323226147058,2.2548625111771727
191.48462481,42.23078291,0.478705260000002,23.26053236,34.63129861,45.46903871,0.746124251318193,-2.404526446115341,15.382228978988444,-1.4909001395718127,2.2370243908900056
191.37584526,42.76908367,0.270724580000003,22.89219919,35.73674986,44.68091804,0.763263234939979,-2.3951313254873536,16.19128158974803,-1.4021812554588924,2.1654444903988717
191.27750137,43.32971212,0.0507459099999963,22.52703267,36.80573797,43.90459467,0.781524483732302,-2.3853465131545004,16.851174871947983,-1.3386425304516352,2.120167014183937
191.18624346,43.91599283,-0.193172480000001,22.16207484,37.84041972,43.12658997,0.801039477248972,-2.375113984424071,17.22706294230214,-1.3220551395234694,2.123094616772441
191.10574707,44.52519145,-0.4581655,21.80007938,38.83502051,42.35132023,0.821895286647026,-2.364481462706465,18.03352199378772,-1.2378265099434071,2.0597217965904333
191.03721244,45.16160579,-0.74621303,21.44234029,39.78821823,41.5811088,0.844142865415776,-2.353373937066558,18.855942081268395,-1.1525478477359719,1.996690713151748
190.98378617,45.82399525,-1.05430552,21.09147525,40.69491144,40.8238546,0.867795309535613,-2.341813060059051,19.685652409049403,-1.0674464016385738,1.9352417111741869
190.94447326,46.51525534,-1.39042475,20.746295,41.55527543,40.06273756,0.892808474113799,-2.3297482955009183,20.49526527048151,-0.9870363845106715,1.8798448586244705
190.92111482,47.23558953,-1.75282885,20.40786043,42.36674888,39.3014742,0.919064201104448,-2.3171760921707323,21.25822548102008,-0.9154962773386326,1.8345604784430805
190.91251815,47.98633411,-2.14742682,20.07487319,43.12926054,38.52436038,0.9463713049654,-2.3040731274082304,22.497126506606516,-0.76921277494997,1.71558407991537
190.91825992,48.76898447,-2.57704914,19.74622527,43.84324849,37.72134233,0.974471240841761,-2.290413301734312,23.10755017649324,-0.7248943926239226,1.6993656334656837
190.93465818,49.58631192,-3.05646255,19.41250216,44.51378515,36.86041301,1.00303771712452,-2.276148246664882,22.39671946005384,-0.8934595642996457,1.8964972814241656
190.95909153,50.43477592,-3.57921114,19.08531743,45.13624585,35.92932945,1.03167747406498,-2.261339756280241,21.2273715505118,-1.1365124817127081,2.168189955777688
190.98318227,51.31461348,-4.16471959,18.74860729,45.72115097,34.89158678,1.05993638316585,-2.245983693975528,20.26542286130084,-1.347400673014874,2.407337056180724
190.99735228,52.22219125,-4.82194527,18.3973678,46.27448695,33.71512066,1.08730990862818,-2.23014347367112,18.19211831757261,-1.7367680187854546,2.8240779274136347
190.99152953,53.15902736,-5.56660821000001,18.02319496,46.80519671,32.36808089,1.11325741139376,-2.213792599000044,14.161212342251872,-2.439986489216332,3.5532439006100924
190.95211975,54.11383974,-6.40845902,17.61777909,47.32182024,30.81343648,1.13721304402946,-2.197127979230241,12.609290005998195,-2.74639113542651,3.88360417945597
190.86590444,55.08457901,-7.3580711,17.17145962,47.83514507,29.02774804,1.15858926659255,-2.180185382790335,9.228423183933463,-3.345039676771134,4.503628943363684
190.72886547,56.07773414,-8.43363084,16.67605515,48.35918183,26.99670031,1.17678747572871,-2.1628515557887624,11.253401305988396,-3.0786531879681522,4.255440663696862
190.53112558,57.06300563,-9.6378023,16.1380923,48.88976142,24.68613189,1.19123064875007,-2.1456553242622323,19.25958437738462,-1.8533680794448277,3.044598728194898
190.31270459,58.10610578,-10.97178796,15.55061032,49.45308432,22.1488688,1.20140486182132,-2.127449792216685,17.463076835726454,-2.19819232481713,3.3995971866384496
190.04595782,59.15178154,-12.4491702,14.93668767,50.0251636,19.37247589,1.20687819142747,-2.1091993072963917,16.636155544098585,-2.3863637068791115,3.5932418983065815
189.76019463,60.23453348,-14.06739274,14.28716871,50.62625625,16.3816304,1.20728359681817,-2.090301720961035,25.826125633954256,-0.9720411185659286,2.179324715384099
189.44638681,61.3358756,-15.83010363,13.6063799,51.25370171,13.18460842,1.20227744747675,-2.0710796747761404,29.62825559624349,-0.4188655971414956,1.6211430446182455
189.14122931,62.51093398,-17.7424656,12.89258522,51.92399745,9.8366988,1.19149220398495,-2.0505710371419896,18.9812776655085,-2.1791373074300693,3.3706295114150193
188.8019643,63.68972706,-19.82034202,12.16570275,52.60463275,6.32242016,1.17451362079496,-2.029997216696265,16.88142491855782,-2.5698450248788114,3.7443586456737714
188.45256556,64.89608919,-22.06192651,11.40912651,53.29163122,2.6564127,1.15092290126295,-2.0089422255563933,21.329502982350142,-1.911853796895266,3.062776698158216
188.08260848,66.14030196,-24.44980512,10.6316297,54.045663,-1.13022958,1.12041077101346,-1.9872266161245344,13.434918008647934,-3.227900712229649,4.348311483243109
187.7046585,67.40345345,-27.01188547,9.81899672999998,54.80195132,-5.05953115000001,1.08291490757918,-1.965180463672562,2.776707138849588,-4.984339123248373,6.067254030827552
187.29240662,68.66785327,-29.74213664,8.99581233000001,55.54913294,-9.09768281,1.03872177003282,-1.9431125237519384,1.3355783035073898,-5.26345263628367,6.302174406316491
186.84154682,69.92672707,-32.64857967,8.15482519,56.29138528,-13.24125614,0.98850547646216,-1.9211410310748456,-3.7160765035326726,-6.1173884577170154,7.105893934179176
186.39650439,71.20305688,-35.6980339,7.29629387,57.00632298,-17.49892739,0.933297443416528,-1.898864873548992,-10.112812931850623,-7.184448809724456,8.117746253140984
185.86958411,72.42870914,-38.91770284,6.39488641,57.74123088,-21.84584429,0.874396122000477,-1.8774732061274828,-19.45440326447168,-8.718355813430612,9.592751935431089
185.36132119,73.68031834,-42.245569,5.49503412000001,58.4192675,-26.25891623,0.813247083909569,-1.8556285046392305,-31.4893263575855,-10.681380099938462,11.494627183848031
184.74133589,74.81922569,-45.73724254,4.55788933999997,59.06189245,-30.73753279,0.751327685339276,-1.835750821506567,-25.72744646337277,-9.791205412796177,10.542533098135454
184.14432656,75.97715925,-49.26988719,3.59682555000001,59.69156305,-35.24337726,0.690059455542121,-1.815541068365228,-31.43341124434373,-10.734117141623326,11.424176597165447
183.49343098,77.06233483,-52.87112278,2.62393478000001,60.23883434,-39.75013957,0.630745688348894,-1.7966011815319884,-40.822121976122894,-12.262271148268816,12.89301683661771
182.81351582,78.09389998,-56.47538561,1.62451451999999,60.74787371,-44.22495718,0.574503720895591,-1.778596973215659,-39.76076805936479,-12.115226602014985,12.689730322910576
182.1159137,79.07155044,-60.04511299,0.627566839999986,61.20157709,-48.57561294,0.522176452039366,-1.7615337537550222,-45.58326672915669,-13.066687103744314,13.58886355578368
181.39932282,79.98282829,-63.54226558,-0.383200929999987,61.57204343,-52.81791248,0.474249590506234,-1.745628954872027,-37.59413901521346,-11.805425558078,12.279675148584234
180.65928474,80.81959317,-66.9145985,-1.40393058000001,61.88410854,-56.87951699,0.430814122885224,-1.7310246526509716,-26.00993323879752,-9.966271699526125,10.397085822411348
