knee_moment,thigh,shank,foot,thigh_,shank_,foot_,shank_new,shank_new_second derivative
0.0107105690065792,198.28972053,163.85814947,35.27884701,39.27863004,28.17595482,9.9714829,-0.2817284391132917,-25.76459579650141
0.147837007357009,197.74347175,162.05922593,35.28385424,38.57412364,26.60112884,9.45625837,-0.31312557787792367,-35.4992238047064
0.29758110678018,197.15579612,160.18649226,35.35669598,37.79839381,24.85872501,9.08263945,-0.3458109464323807,-43.26527749628992
0.459948039104845,196.53241298,158.25798328,35.49747909,36.98115553,23.03354093,8.76649986,-0.3794697777876582,-41.32258641248168
0.634436877291012,195.86735267,156.26694327,35.72535897,36.11803624,21.11455931,8.53837961,-0.4142199815010987,-38.08926798005929
0.82005273513057,195.16350596,154.21997965,36.05439403,35.21280747,19.11195782,8.41220877000001,-0.44994623633864095,-32.4015977403036
1.01532655960827,194.42573844,152.12915885,36.48790644,34.27163535,17.04502885,8.38592289,-0.4864379433678226,-27.281067005002235
1.21832479805381,193.65443156,149.99632854,37.04518001,33.29264656,14.90791016,8.48792548999999,-0.523662854663654,-20.644284972685067
1.42665854838671,192.85551118,147.83506543,37.72973424,32.28258898,12.72084211,8.72018888,-0.5613840119350467,-13.6212161983301
1.63751373159035,192.03368333,145.65439439,38.55240899,31.24187236,10.48486241,9.09746297,-0.5994439014859356,-0.6511893252348244
1.84771056969259,191.19143067,143.46292819,39.51699597,30.17511224,8.21297324999998,9.62881191,-0.6376922021221039,2.306192552445907
2.05378914090817,190.36628388,141.3087292,40.60222147,29.0909328,5.92581033999997,10.29259228,-0.6752900672407407,-4.515006204613936
2.25211490229637,189.47622662,139.10400446,41.86580203,27.97583923,3.59861952,11.1484205,-0.7137697730539164,12.031509229100124
2.43899725839683,188.59669793,136.93719493,43.24889216,26.84349898,1.25702949999999,12.15217867,-0.7515877336160072,28.98549272063784
2.61081385946404,187.72508966,134.8140162,44.75478355,25.70071255,-1.07550633999995,13.2908741,-0.788644193062819,32.80037056780145
2.76413334317711,186.85398186,132.7317353,46.36561889,24.54495992,-3.40366024000002,14.55836403,-0.8249868507192099,38.619279095331024
2.89582968374032,185.99727751,130.71196022,48.06257651,23.38032901,-5.71558690999998,15.93446065,-0.8602385760149414,37.12418817016232
3.00318215687532,185.14544767,128.74754784,49.82034263,22.20840994,-8.00433707999997,17.40227073,-0.8945240399128794,40.00045587086447
3.08395611668075,184.28438419,126.82261017,51.61188776,21.0368043,-10.24451529,18.89258376,-0.9281205401500475,53.53796084229252
3.13646122988633,183.45038825,124.99254611,53.41463492,19.8564349,-12.46448945,20.45007592,-0.9600611835194626,61.5065983908158
3.159585416804,182.62860939,123.24001004,55.20793582,18.67608813,-14.63769593,22.01889337,-0.9906487082009244,60.76469383237919
3.15280443420167,181.83673997,121.58995123,56.96093231,17.49271719,-16.77400531,23.6023513,-1.0194476672869641,57.1494659436933
3.11616904240953,181.04493031,120.00556596,58.66112767,16.31451339,-18.84557542,25.13212797,-1.0471004068685634,59.45205788189573
3.05027339487287,180.27217326,118.51479867,60.28422296,15.1411664,-20.85686519,26.61731448,-1.0731192044600963,62.0743697044479
2.95620788486881,179.51510954,117.11175708,61.82259412,13.97122978,-22.81150935,28.04098442,-1.0976068997480128,62.0000832555001
2.83549848646003,178.77050317,115.79530605,63.25968897,12.80899998,-24.69719616,29.38234782,-1.1205833046627838,63.611641746983416
2.69003561156229,178.04605243,114.57318251,64.59165133,11.65355631,-26.51974497,30.64756725,-1.1419133843019122,66.34142570889124
2.52199724581315,177.33694411,113.44028129,65.81085031,10.50678922,-28.27414318,31.82250472,-1.1616862406907729,62.269082126464866
2.33377125182241,176.66453482,112.41471631,66.95121489,9.37389873000001,-29.95341091,32.93012453,-1.1795857262849225,56.079730955858054
2.12788087143289,175.96919165,111.44203209,67.91015451,8.24400119999999,-31.57025201,33.88577642,-1.1965622685061155,61.8538386268197
1.90691648629973,175.31252116,110.5775633,68.78004847,7.12392297,-33.12863297,34.78995863,-1.211650095172347,63.17200378037846
1.67347571437854,174.67144859,109.79817928,69.54164199,6.01956151000002,-34.60398544,35.58391263,-1.225252912458776,59.416299576176
1.43011301364017,174.04701049,109.10235921,70.19341311,4.92447967999999,-36.01761896,36.29311516,-1.2373972636817336,58.78224065755111
1.17929919123108,173.44221894,108.49475679,70.74126309,3.84649732,-37.34807078,36.89941768,-1.2480019264538191,55.92285203604552
0.923390604568584,172.85189271,107.96395255,71.18453779,2.77720833999999,-38.62228976,37.42618029,-1.2572662081253652,50.123971161684096
0.664607392080233,172.278235,107.51174864,71.53450128,1.72186719999999,-39.82656415,37.86925124,-1.2651586552452576,54.02183592412069
0.405019767573404,171.70703616,107.11273509,71.84515108,0.680254880000007,-40.96614001,38.27913533,-1.2721227554528283,54.11476598013554
0.146541224546179,171.18189364,106.83826281,71.96870737,-0.346687930000002,-42.03017689,38.51651252,-1.276913200444284,49.34962267777454
-0.109072606446925,170.63310217,106.5715724,72.12170701,-1.36238173999999,-43.04315951,38.7876344,-1.2815678261822778,48.34361315160462
-0.360220749665582,170.14572955,106.44752949,72.08741638,-2.35956924999999,-43.97303475,38.87295558,-1.283732783375533,36.44271912774055
-0.605450633399584,169.62076131,106.30739821,72.09354497,-3.34834272000001,-44.86288245,39.00832847,-1.286178535596567,42.46254995875498
-0.84345008121092,169.13060023,106.26559757,71.98141959,-4.31932892,-45.67819472,39.02407228,-1.2869080943940079,56.519368922465226
-1.07303878200825,168.65481162,106.28651651,71.8018357,-5.27751594,-46.4356156,38.97391627,-1.2865429900149805,46.982024206254636
-1.29316040497556,168.21916558,106.40749778,71.51026425,-6.22117641999998,-47.12652808,38.80348693,-1.2844314685202363,20.45001935495616
-1.50287643168744,167.76180258,106.53482198,71.21442135,-7.15157081000001,-47.76719967,38.63070804,-1.2822092420127686,27.34142572652365
-1.70136266001013,167.28043094,106.66656797,70.90507108,-8.07176674999999,-48.36473255,38.45576022,-1.279909840710969,48.937470156240614
-1.88790919048106,166.87227499,106.93978228,70.44882086,-8.97278925000001,-48.88479246,38.11028851,-1.2751413514379044,23.386879651297043
-2.06192412443409,166.43500883,107.20602921,69.9824371,-9.86408015000001,-49.3657582,37.75842949,-1.2704944658860777,15.14189888632167
-2.22294001489508,165.97789945,107.47873953,69.50380123,-10.74330387,-49.80221597,37.40650971,-1.2657347728979105,46.44232825897099
-2.37062178801721,165.554572,107.83224714,68.93396718,-11.60759429,-50.18079142,36.95213936,-1.2595649011725543,47.42181227117115
-2.5047759019962,165.17976695,108.28379172,68.26190971,-12.45610708,-50.49601009,36.3650801,-1.2516839615320194,24.157205151278394
-2.62536098673933,164.78014791,108.73017204,67.58825761,-13.29025927,-50.76579244,35.78279589,-1.2438931552319137,14.002061003761668
-2.73249964690416,164.39621046,109.2272545,66.87463157,-14.10698556,-50.97806572,35.15720958,-1.2352174296510006,27.28178258999181
-2.82649070216461,163.98236014,109.70832284,66.12628425,-14.91953924,-51.1695353,34.50338387,-1.226821203190897,44.88571273234321
-2.90782105505092,163.65087692,110.32703038,65.28276707,-15.70865382,-51.28326641,33.71831217,-1.2160227195109825,27.247451963603453
-2.97717634454775,163.3006209,110.94364983,64.42406389,-16.48470566,-51.35697645,32.91964691,-1.2052606798766459,23.98628854828999
-3.03544954260775,162.94840489,111.58292266,63.53505444,-17.24682742,-51.38876724,32.10290619,-1.194103264174604,34.57640714265464
-3.08374667054965,162.6521686,112.31640813,62.57658917,-17.98743713,-51.35067748,31.17013359,-1.1813015277075658,30.394970010005906
-3.12338883904722,162.32587084,113.03692316,61.59246058,-18.71387847,-51.27481039,30.24532997,-1.1687261681239602,36.54300923721543
-3.15590983445043,162.0702624,113.86331678,60.55231282,-19.42113892,-51.13808814,29.20508474,-1.1543028785374851,30.525216950763046
-3.18304847511158,161.8025383,114.70029968,59.46980745,-20.11078939,-50.95313003,28.14036269,-1.1396947711495948,24.162755298298144
-3.20673493920131,161.5597549,115.58512204,58.35503,-20.78512921,-50.72087135,27.01002052,-1.1242517076723282,28.869355021556853
-3.22907021901543,161.32116685,116.50211859,57.1673284,-21.43718269,-50.42828939,25.82920901,-1.1082470986453996,30.57478779218359
-3.25229778885919,161.11339785,117.47233652,55.95027293,-22.07424643,-50.09320906,24.58994549,-1.0913136013050155,28.169350582474273
-3.27876649365481,160.92140119,118.47911813,54.6916378,-22.69226636,-49.70552353,23.29139487,-1.073741947361986,24.79850544097051
-3.3108835917579,160.74342755,119.52094949,53.38365227,-23.29203608,-49.2696141,21.93566525,-1.0555585598794555,24.158081306557833
-3.35105751512191,160.58257565,120.59820264,52.03814458,-23.87537466,-48.79006222,20.52718196,-1.0367569455344754,21.618789560533536
-3.40163783334535,160.43909037,121.70797807,50.66401433,-24.44380515,-48.27185416,19.07053801,-1.0173877103232396,18.582764892083325
-3.46487321041881,160.30335369,122.84115369,49.23712412,-24.99565265,-47.71067508,17.55796226,-0.9976100647509114,17.56378407889887
-3.54290119433934,160.17973416,124.00147805,47.76069398,-25.5286493,-47.10216048,15.99048708,-0.9773585842778154,12.71021890597801
-3.63775794837331,160.0746029,125.18473781,46.28508921,-26.05582468,-46.48383064,14.39813261,-0.9567068055594575,10.288148708498301
-3.75138866156252,159.95994826,126.36780222,44.75314824,-26.55892848,-45.80344149,12.74755774,-0.9360584363417934,11.18212380466721
-3.8856504007613,159.88259428,127.58726868,43.23749433,-27.06659902,-45.14501885,11.08643976,-0.9147747314971538,2.9544706684991873
-4.04230484923667,159.79650531,128.79819524,41.69049665,-27.55582259,-44.44286821,9.38316439,-0.8936400760253047,-6.675704619972844
-4.22299870755981,159.71312086,130.00672742,40.13656181,-28.03641973,-43.72705537,7.65810719,-0.8725472103680002,-5.719532970578367
-4.42923049704626,159.611242,131.19033929,38.57567934,-28.49976309,-42.974776,5.91741399,-0.8518892861708133,-4.798491308366515
-4.6623034789467,159.54851689,132.39341565,37.03583589,-28.97592835,-42.2708779,4.16889223,-0.8308916425359044,-12.880721865939915
-4.92326448713871,159.45854017,133.55499001,35.49978379,-29.43420088,-41.53348536,2.4141162,-0.8106183454471585,-20.67385957686181
-5.21282880206559,159.38108688,134.70630278,33.98930781,-29.89304632,-40.81366596,0.671781850000002,-0.7905241468904026,-24.832815123405627
-5.53129319166468,159.27440192,135.80118824,32.50367221,-30.34280171,-40.09045832,-1.06927435,-0.7714147906811899,-26.284196022778872
-5.87844182829344,159.18550131,136.87690836,31.064893,-30.8004948,-39.40904532,-2.77676922,-0.7526399327572414,-32.349204701486165
-6.25345159221932,159.0777869,137.89678912,29.67004804,-31.254275,-38.74334684,-4.45761383,-0.7348396555174992,-39.136552797715
-6.65480431574595,158.96176719,138.86216665,28.33396427,-31.71090936,-38.11497107,-6.09261183,-0.7179906390942288,-43.00640328032568
-7.08020181071785,158.83728036,139.76815407,27.06685759,-32.17230011,-37.53105317,-7.67069006000001,-0.70217817563358,-49.196285031023464
-7.52645702612876,158.69435313,140.6010164,25.86844098,-32.63449205,-36.9857583,-9.20470046,-0.6876419857592487,-53.01674793177891
-7.98935438237296,158.53764805,141.35764507,24.75557206,-33.10812837,-36.51297948,-10.63429017,-0.6744363242527631,-54.92073983007884
-8.46353027789328,158.36715086,142.03610256,23.72287656,-33.58353785,-36.08775946,-12.01952827,-0.6625950072174466,-57.649209559067494
-8.94243423886946,158.18326773,142.63246341,22.77927494,-34.06629434,-35.72923281,-13.32333341,-0.6521865468549541,-59.30714843009665
-9.41839101804499,157.98184127,143.14088308,21.92771087,-34.55697991,-35.44544,-14.52118845,-0.6433129496315512,-58.444374584969424
-9.88275703532949,157.7715121,143.56747682,21.17892432,-35.05322051,-35.22953571,-15.63229871,-0.6358674843001548,-60.31662418015671
-10.326157202782,157.54372045,143.910802,20.51133445,-35.55153915,-35.07702457,-16.65170206,-0.6298753295041527,-60.92467420227066
-10.7387843321495,157.30336896,144.15690143,19.94853402,-36.06095856,-35.01421529,-17.56584988,-0.6255800841633712,-57.234950425122385
-11.1107407959013,157.06262641,144.33164825,19.48864626,-36.56983019,-35.0081379,-18.4060155,-0.6225301767969813,-55.49487635950645
-11.4324010247636,156.80457025,144.41839393,19.10704162,-37.09457216,-35.11437626,-19.08012171,-0.6210161790690998,-51.254782201359816
-11.6947737661435,156.54916497,144.43453228,18.81806969,-37.61602033,-35.2699305,-19.69593064,-0.6207345117257606,-47.821031902961494
-11.8898446588039,156.27299231,144.38621816,18.5823399,-38.12997101,-35.4669086,-20.21112796,-0.6215777521949644,-53.30182303048381
-12.0108823488011,156.04278189,144.26342198,18.51786513,-38.67327904,-35.81899143,-20.5650491,-0.623720949844836,-52.78204303528877
-12.0526947506595,155.76416514,144.04864544,18.50643687,-39.20601373,-36.1990661,-20.82759226,-0.6274695076238773,-37.350283357455716
-12.0118257856775,155.50961064,143.78989285,18.58269482,-39.7439109,-36.66229909,-20.97520006,-0.6319855922674402,-38.07927946074874
-11.8866866699626,155.28940282,143.49707136,18.72193305,-40.27708765,-37.17820469,-21.07053333,-0.6370962913885359,-31.069756186726803
-11.6776193091679,155.0401425,143.09818552,19.01809835,-40.82795232,-37.81209962,-20.92714797,-0.6440581626361194,-25.93573580163211
-11.3868924039204,154.87470795,142.76748069,19.27364422,-41.33502788,-38.39372485,-20.868604,-0.6498300507718671,-27.559443530036365
-11.0186333942014,154.64073201,142.25787737,19.73101343,-41.87516097,-39.12439281,-20.54719867,-0.6587243065849617,-6.6675696403195595
-10.5787013751424,154.50692774,141.87998604,20.08158003,-42.35259174,-39.74181434,-20.35928285,-0.6653197545082019,-15.543052342913422
-10.0745076622505,154.34680516,141.37936686,20.57199382,-42.85208247,-40.48745143,-19.97946406,-0.674057207497836,-18.25053448765046
-9.5147918522083,154.21673905,140.90343626,21.0730058,-43.32054066,-41.20415543,-19.54953257,-0.6823637634788281,-8.234871817955902
-8.90936209069091,154.10230688,140.39628849,21.61746721,-43.78073275,-41.95834669,-19.05251501,-0.6912151618594754,-8.286029163654396
-8.26880888124777,154.006711,139.87970414,22.18635408,-44.21766965,-42.70319193,-18.52072511,-0.7002312596312499,-5.9391460050239875
-7.60420219353464,153.93255164,139.36573467,22.7610268,-44.62520964,-43.41929439,-17.97879096,-0.7092017191374802,6.12000923942202
-6.92678187892654,153.87200176,138.82194322,23.3657575,-45.02176787,-44.15620745,-17.40107964,-0.7186926703841741,19.90034186967082
-6.24765147577951,153.855954,138.37024592,23.87107351,-45.36448419,-44.79351305,-16.86290976,-0.7265762754915428,6.547958736021764
-5.57748535926889,153.83296064,137.87820286,24.38114754,-45.67889614,-45.39647385,-16.34995612,-0.7351640469501312,5.951003771971219
-4.92625881200292,153.8374252,137.41227421,24.84624516,-45.96307986,-45.95767813,-15.86592478,-0.7432960359720032,16.039942344975298
-4.30300989358265,153.85883887,136.96855924,25.24990831,-46.2132284,-46.46299582,-15.42515762,-0.7510403231388911,14.898387058422946
-3.71564090341945,153.89633433,136.5462046,25.58460429,-46.42823976,-46.90576813,-15.04283951,-0.7584118022179661,12.335871961358658
-3.17076572617891,153.94537485,136.14427709,25.83798387,-46.60749588,-47.27991659,-14.73148525,-0.7654267606218088,13.314809685517348
-2.67360744005281,154.00449595,135.75081433,26.00101624,-46.7595743,-47.60453238,-14.50416477,-0.7722939812677931,15.893643611087915
-2.22794832579494,154.07701539,135.39628318,26.07403648,-46.87104055,-47.83724129,-14.3468746,-0.7784817171361748,4250.790115254291
-1.83613195786708,154.15028314,135.04648793,26.08210569,-46.94709892,-47.99302666,-14.2565316,-0.7845867959565114,3920.7926466679223
-0.190368930894456,196.06631593,159.00352259,40.33565368,31.97562305,17.52282008,16.02210333,-0.36645766212511155,-4898.260656981186
-0.0108800705623555,195.34631558,156.80664863,40.69070417,30.93629584,15.00536157,16.04789934,-0.4048003459784374,-4596.657201249264
0.198169732321215,194.58604276,154.54579574,41.15211687,29.861637,12.41461044,16.19098391,-0.444259672812167,-39.73522167509689
0.435018317860202,193.78869251,152.22990358,41.72860432,28.75429695,9.75694846000002,16.46607693,-0.4846796161252898,-33.90349719487933
0.696963722128604,192.9540551,149.86040284,42.43401202,27.62339067,7.05777345999999,16.86524698,-0.5260352056667321,-26.660806659441327
0.980450676834963,192.09271383,147.4589058,43.26175056,26.46922021,4.31876589000001,17.40435351,-0.5679492359916302,-18.917457956082906
1.28116204117243,191.19982062,145.02225477,44.22153276,25.29920868,1.56137742999999,18.06532109,-0.6104768191872414,-11.155216063584206
1.59413779184923,190.29159538,142.57951897,45.29800002,24.11136549,-1.21876527000001,18.87379123,-0.6531106016535788,-4.13964696904241
1.91392240077057,189.35699378,140.12019202,46.49272973,22.91748617,-3.98473257999999,19.77402109,-0.6960339543141091,6.034701036248258
2.23473126998418,188.41438032,137.67641371,47.78896398,21.70907671,-6.76050126999999,20.81211155,-0.7386859320124317,17.28871320747505
2.55062724799087,187.46401017,135.25270556,49.18062226,20.49267978,-9.52489094000001,21.96201283,-0.780987619337352,21.001578305167534
2.85569897544035,186.51882707,132.87236548,50.65500796,19.26711525,-12.28115376,23.24131745,-0.8225323910505371,27.336126906903857
3.14423374012116,185.55118242,130.50554928,52.19017307,18.05076344,-14.96681021,24.5219643,-0.863841126530078,36.82606149931882
3.41087854079599,184.61194396,128.22494172,53.77392653,16.82249157,-17.64979682,25.94762316,-0.9036452373979521,39.3901596100088
3.65078409471327,183.65134618,125.96939079,55.38302077,15.60810997,-20.2419363,27.32805458,-0.9430120275728723,49.43942335845497
3.85972754563926,182.71398194,123.80320695,57.00358691,14.39222759,-22.79421254,28.77540011,-0.9808190677843662,60.39868258027043
4.03421063938846,181.78779537,121.71649933,58.62201255,13.18573712,-25.27210667,30.23246826,-1.017238986279821,61.53026331014439
4.17153217896862,180.88792662,119.72753114,60.20174709,11.97381663,-27.71402872,31.7083362,-1.0519530299127533,60.761623798231135
4.26983624353236,179.99380391,117.81615031,61.75385839,10.77801032,-30.05762946,33.1397285,-1.0853129186557553,63.15771651512092
4.32813632647445,179.11754265,115.99999379,63.25553411,9.59223412999998,-32.31939909,34.528767,-1.1170108296613173,68.70584593583916
4.34631151152158,178.2568695,114.27766835,64.69698165,8.41763927,-34.4953026,35.86620117,-1.1470710793801775,72.01613164295794
4.32507196324223,177.42512798,112.66611194,66.07017434,7.25379949000001,-36.58809189,37.15405,-1.1751980448162973,71.85217366769913
4.26589611576692,176.61023342,111.15180843,67.36672802,6.10194658999998,-38.59449608,38.37833402,-1.201627626940304,82.47141831661419
4.17094475784878,175.82060425,109.74391272,68.5830914,4.96237543999999,-40.51426213,39.53487438,-1.2262000426045074,70.8203385045758
4.04295774577694,175.10479706,108.49847493,69.73147964,3.84147590000001,-42.33371111,40.62714418,-1.2479370326687689,47.93876832363875
3.88513912989159,174.30184709,107.22748415,70.75707361,2.72206696999999,-44.09220513,41.62134826,-1.27012000654226,76.92690347276931
3.70103628728332,173.57483831,106.11981034,71.71262297,1.62368520999999,-45.74564937,42.53941359,-1.28945256156487,79.16324271256991
3.49441824122405,172.9055048,105.15181427,72.5911786,0.538310659999979,-47.3173581,43.40004872,-1.3063472801327356,52.31144118242881
3.2691577564916,172.18215225,104.19471772,73.34358288,-0.532822290000013,-48.80014251,44.12877121,-1.323051766189714,68.1007437748371
3.02912107716467,171.51822281,103.37586687,74.02269652,-1.5897444,-50.20048842,44.79514546,-1.3373434096049683,71.99916878795953
2.77806837219309,170.88548434,102.65981362,74.62592615,-2.63558676,-51.52777948,45.40535156,-1.3498408964370745,55.369060809720146
2.51956712687231,170.2539696,102.01244432,75.12675918,-3.66580840999998,-52.77042544,45.91055907,-1.3611396221984051,52.718938910851776
2.25691991509635,169.63318754,101.44215087,75.53669423,-4.68209392,-53.93372935,46.32656385,-1.371093120603463,54.380169472838524
1.9931072502113,169.02706437,100.95107904,75.86304848,-5.68339718999999,-55.01778547,46.65966535,-1.3796639409007567,53.8910339686538
1.73074557053442,168.43470317,100.53606354,76.10387637,-6.67239967999998,-56.03061121,46.91083464,-1.3869073278225674,51.83334663109162
1.47205988316187,167.85736271,100.19848664,76.26151012,-7.64650781,-56.96728003,47.07871867,-1.392799156206243,49.52254291875402
1.21887016892179,167.29255908,99.92695941,76.34847083,-8.60960428000001,-57.84057636,47.17775514,-1.3975382003785628,55.89112893155779
0.972590336964742,166.74201375,99.72963751,76.35524978,-9.55840078,-58.64255262,47.1984096,-1.4009821172198538,51.50135359143215
0.734238298428639,166.23375665,99.63808786,76.26084657,-10.48584506,-59.35537055,47.08742527,-1.4025799600414024,36.12119457293783
0.50445558935231,165.69414735,99.5558694,76.13700704,-11.41313329,-60.03860349,46.99611613,-1.4040149428743214,37.57159459726766
0.283534895299414,165.18152171,99.55617551,75.93165511,-12.32442309,-60.65116832,46.81111027,-1.4040096002469482,58.60786306665311
0.071453794156088,164.65742863,99.59737067,75.61750789,-13.23385361,-61.22637422,46.54821862,-1.4032906090690622,59.34921435571949
-0.132086981637321,164.24362996,99.81006148,75.27171643,-14.1036009,-61.68181777,46.18744922,-1.3995784541458287,24.2858254451761
-0.327622477734686,163.74890697,99.97891789,74.87063505,-14.97350848,-62.10756039,45.82300791,-1.3966313538282311,44.787681078917174
-0.515881393816693,163.25866399,100.20309498,74.35740759,-15.83834958,-62.49225486,45.36089494,-1.3927187255001916,73.69718041860374
-0.697744712232083,162.89533905,100.61707962,73.79986295,-16.67093942,-62.77885159,44.81375537,-1.3854933304795083,35.14638106180801
-0.874206970813844,162.47750211,101.01838222,73.17350962,-17.49016425,-63.00445576,44.20948858,-1.3784892788126941,16.89512226251688
-1.04634215784045,162.05081787,101.45661528,72.49669424,-18.29496223,-63.17495847,43.58341873,-1.3708406690246047,55.60087195030982
-1.21527596194246,161.61328532,101.93047138,71.70866628,-19.09076668,-63.29509226,42.84371519,-1.362570319898945,76.6603916959907
-1.38216459791608,161.31934799,102.61472047,70.87022342,-19.84465695,-63.29542438,41.99384854,-1.35062792037467,44.6906442631656
-1.54817844142056,160.97065245,103.28179223,69.97157427,-20.5983313,-63.28011595,41.16845827,-1.3389853218155967,35.753420538287
-1.71448933732052,160.65268861,104.02888419,68.9870033,-21.33157351,-63.19169504,40.227989,-1.3259461072984189,48.237015422210035
-1.88226295147481,160.34790799,104.83796509,67.93218512,-22.04196551,-63.02995999,39.22342507,-1.3118249816784198,46.70876847724603
-2.05265782107527,160.07164731,105.71942565,66.81494539,-22.7298588,-62.79374684,38.12107196,-1.2964405926799467,45.128809171877116
-2.22683105430557,159.80858411,106.66175948,65.6168024,-23.3958878,-62.48967397,36.95965069,-1.2799937646935182,43.10580676253783
-2.40594936446819,159.56552276,107.66853614,64.3492809,-24.04129923,-62.12068214,35.72498603,-1.2624221971442868,41.986181538045116
-2.59120332753683,159.33776166,108.73253195,63.00543659,-24.65653932,-61.66152235,34.3794405,-1.243851967032363,39.47019691884712
-2.78382193136058,159.13228921,109.85820973,61.59562851,-25.26313208,-61.17452211,33.01058087,-1.2242051834548224,40.85865171736591
-2.98508369239605,158.93332209,111.02945199,60.09974786,-25.84133995,-60.602976,31.5521993,-1.2037631496793229,41.82948238713902
-3.1963199189769,158.78189564,112.28198615,58.56694322,-26.40841578,-60.00388937,30.03482285,-1.1819023045936214,32.11775833470875
-3.41890518496742,158.62948478,113.56603731,56.95431865,-26.9464116,-59.32191945,28.42850949,-1.159491384087569,26.70032614968898
-3.65422984754466,158.48838307,114.88978377,55.27974564,-27.46275908,-58.58172299,26.75192905,-1.1363876498989496,21.006276731523332
-3.90364960701541,158.36752502,116.25560423,53.55146969,-27.95876801,-57.78970425,25.01348202,-1.112549585880846,18.350431898042086
-4.16840776547126,158.21962015,117.61793849,51.7602315,-28.42448027,-56.91854886,23.19906503,-1.0887723675311254,28.60466187785571
-4.44953577589836,158.12416468,119.05031138,49.94268731,-28.87917301,-56.02969455,21.35207772,-1.063772744484319,19.922310328970294
-4.74776151847893,158.04769306,120.50998585,48.11182525,-29.32232489,-55.12166526,19.45906876,-1.0382966189755156,9.526375321854363
-5.06345819960687,157.95281381,121.95916496,46.23369923,-29.73100623,-54.12949685,17.51257747,-1.013003672054895,5.204566593462978
-5.39663128215595,157.90541085,123.45661532,44.35105244,-30.1326251,-53.13478485,15.53170393,-0.9868682328877204,-9.102672211322993
-5.74691550948525,157.80853937,124.89783851,42.46353297,-30.50676645,-52.08350236,13.5079897,-0.9617141429661246,-3.308060412315861
-6.11356490677837,157.73152906,126.35109032,40.57713554,-30.869143,-51.02031851,11.50033301,-0.9363501140210575,2.091237801776824
-6.49543458999304,157.68107544,127.81755827,38.70581313,-31.21945461,-49.94865228,9.46599496,-0.9107554199185858,-8.858109695221206
-6.89095865677421,157.62781444,129.25754723,36.85759223,-31.55920508,-48.87326932,7.43816825,-0.8856228713742169,-6.137101248790966
-7.29812991742767,157.59064654,130.6865248,35.04207892,-31.88893936,-47.79916649,5.40867969,-0.8606825078405691,-20.469767755447688
-7.71448630666124,157.593453,132.12884114,33.26075712,-32.21034382,-46.73361033,3.39945404,-0.8355093388522554,-42.78897539809145
-8.13710675630543,157.51487689,133.4382082,31.54178478,-32.52147156,-45.67307728,1.41213856,-0.8126565725380972,-23.089353373710875
-8.56261930036722,157.48210388,134.75497228,29.87831943,-32.8343073,-44.65708906,-0.51456606,-0.7896747038701031,-17.453613660525225
-8.98722508454842,157.49211017,136.05759935,28.28912968,-33.1402183,-43.66203023,-2.43429792,-0.7669395725729964,-41.23748241283032
-9.406741361755,157.47736479,137.28110158,26.77289422,-33.46026834,-42.74950656,-4.23792473,-0.7455854302540033,-50.27409042131392
-9.81664975392662,157.46295348,138.44071713,25.34965379,-33.78261386,-41.89173615,-5.95750275,-0.7253463208491786,-51.639538289626195
-10.2121050451922,157.44501113,139.51918156,24.0227385,-34.11032396,-41.09814896,-7.61811596,-0.7065235656800348,-54.97765850764558
-10.587882408656,157.42722238,140.52796215,22.80031759,-34.44395299,-40.37621652,-9.16255677,-0.6889170229543234,-61.36636816673979
-10.9383192619619,157.40180731,141.44226276,21.68272709,-34.78329126,-39.72247774,-10.65099634,-0.672959466956831,-65.08018970487694
-11.2573282005901,157.35020001,142.26360378,20.67051513,-35.11334596,-39.10196745,-12.05105478,-0.6586243618761423,-66.394068329787
-11.5385053001105,157.32839493,142.99246194,19.8022383,-35.48711329,-38.6679298,-13.26914628,-0.6459033872041148,-70.40173699144559
-11.7753181709773,157.27284998,143.61883542,19.0270796,-35.85247466,-38.2706645,-14.43787301,-0.6349711076309398,-73.80946792135745
-11.9613491287784,157.21167472,144.13928888,18.37683234,-36.22585803,-37.96209396,-15.48884301,-0.6258874811505432,-77.41443327404784
-12.0905681572332,157.13049056,144.55116996,17.83977672,-36.6043802,-37.73247219,-16.44241685,-0.618698800177873,-81.72804244561904
-12.157611480406,157.02236912,144.84256379,17.41386868,-36.99074661,-37.59294749,-17.28577828,-0.6136130184243763,-65.87132302019793
-12.1580442128289,156.88644556,145.01523731,17.1120109,-37.38059468,-37.52866073,-18.01283681,-0.6105992969693682,-54.602828106837805
-12.0885893060938,156.82156442,145.16842382,16.92077944,-37.78443365,-37.57914573,-18.62041986,-0.6079256880002293,-76.25990320983433
-11.9473093913871,156.6815515,145.1664535,16.8042695,-38.18146471,-37.6732881,-19.16472652,-0.6079600765715472,-57.713579047209414
-11.7337326773674,156.53085162,145.05734679,16.8429803,-38.58811683,-37.86448896,-19.5537678,-0.6098643478970657,-39.58776055193014
-11.44891842263,156.45242619,144.98699524,16.87667308,-38.97716622,-38.07287346,-19.93689959,-0.611092214078447,-47.579068182108664
-11.0954613873904,156.29171668,144.7194486,17.08526477,-39.37973192,-38.38795353,-20.14404899,-0.6157617838490951,-29.271707519344936
-10.6774379139476,156.20928284,144.534929,17.22768427,-39.7474721,-38.66282914,-20.39950774,-0.6189822584035578,-37.94477042595834
-10.2002988213979,156.08169695,144.21383588,17.49567715,-40.11645407,-39.0058556,-20.5383779,-0.624586390553059,-39.985487927207686
-9.67071613710967,155.97767008,143.86545524,17.8233263,-40.47809174,-39.38572589,-20.60629117,-0.6306667797712644,-22.884704792267563
-9.09639189014062,155.87956092,143.47912319,18.19394798,-40.82322454,-39.78144293,-20.61370218,-0.6374095460497436,-19.699862879813956
-8.48583785967385,155.80015455,143.06486178,18.59479846,-41.15289509,-40.18807925,-20.6041651,-0.6446397716181977,-15.643852088537136
-7.84813542684898,155.72172778,142.6315386,19.02341991,-41.46256872,-40.58846641,-20.52098985,-0.6522026878344097,-14.14006244238264
-7.19268464566494,155.65739959,142.17463565,19.46609241,-41.74993846,-40.97814559,-20.43878162,-0.6601771486739848,-11.034088468167003
-6.52895142514612,155.60542656,141.70293742,19.91976387,-42.01578255,-41.35480035,-20.3360666,-0.668409835863314,-8.541215498925059
-5.86622135076915,155.56863721,141.22118885,20.35938349,-42.25933411,-41.71327212,-20.25152812,-0.6768179345765886,-6.7842012675878305
-5.21336817528602,155.53509641,140.72539868,20.79924603,-42.47640974,-42.03806264,-20.15432283,-0.6854711054421109,-2.964178189794886
-4.57864436041354,155.50951861,140.22887144,21.20765691,-42.66324469,-42.31686489,-20.06983703,-0.6941371406059511,-2.4367536524794176
-3.96950022524477,155.48949167,139.73087645,21.58549671,-42.82173522,-42.5509859,-19.98998814,-0.7028287928398872,-3973.585613719005
-3.39243722460333,155.47628425,139.22259246,21.9370538,-42.95629827,-42.74990636,-19.93815397,-0.7117000220005616,-4163.659235066859
2.1543236475382,176.07747117,115.9693857,61.55699452,9.19045266999998,-28.21081973,31.00835203,-1.117545041609564,3600.146069273769
2.17024821758223,175.25655934,114.36030333,63.19638755,8.01207804999999,-30.33982145,32.58911433,-1.145628826901858,3821.37423839408
2.16704479371748,174.45128769,112.83521249,64.73175417,6.84263331999998,-32.39567397,34.06721509,-1.172246683451864,61.40234114795362
2.14556097302701,173.65735455,111.39287578,66.15769291,5.67936828000001,-34.38792517,35.46518424,-1.1974202079637464,62.60317305188057
2.10698488994095,172.89145101,110.05284878,67.4667517,4.51169515999999,-36.34601527,36.80675008,-1.2208080911793684,56.51856083501716
2.05275418662507,172.12794589,108.78413799,68.66000954,3.36386503,-38.20216937,38.00676221,-1.2429512717204467,57.725658470964
1.98446683075993,171.37290907,107.59431257,69.7407915,2.24696864999999,-39.92568295,39.02288816,-1.2637176428233712,63.854343742102415
1.90380047103465,170.64673712,106.50614386,70.70452136,1.12173770000001,-41.62937023,40.00868732,-1.2827097696300507,59.6074916690914
1.81244495731247,169.93558685,105.5016348,71.53703635,-0.0031667100000163,-43.29096329,40.91945965,-1.3002417600931637,55.97907083657816
1.71205046086231,169.22851332,104.5696755,72.27481215,-1.08186185,-44.77944139,41.60084433,-1.3165075183727455,58.175468216448145
1.60419157210339,168.54644758,103.72969348,72.90645264,-2.17019786,-46.25698038,42.27797572,-1.3311679702792985,57.31832654882529
1.49034602231876,167.87404005,102.96652802,73.42227846,-3.23194954000002,-47.62134364,42.79214392,-1.3444877202937955,56.06017628692283
1.37188540034223,167.21878096,102.28616198,73.84448884,-4.28278366000001,-48.91983508,43.23962001,-1.3563623478105507,55.26829771600683
1.25007447607658,166.57986511,101.68458169,74.17553132,-5.31802180999998,-50.13899335,43.58894089,-1.3668619045861532,54.59357262581177
1.12607549400935,165.95622212,101.1592945,74.41054935,-6.35051439999998,-51.31697267,43.89059472,-1.3760298955702022,54.92929717941131
1.00095399726339,165.34927922,100.71543349,74.57484227,-7.33824546,-52.33862475,44.01919707,-1.3837767316159297,51.32320958001202
0.875683281034762,164.75791227,100.34714871,74.65375117,-8.32445240000001,-53.32574354,44.12351439,-1.3902045136119126,52.71348475694104
0.751145331012859,164.17801694,100.04034562,74.67751109,-9.30422958,-54.27010552,44.2060088,-1.395559237687705,54.73563195494746
0.628126956834561,163.62583206,99.83702894,74.56913404,-10.23815771,-55.05219187,44.05311821,-1.3991077831779288,55.35788372118766
0.507310673843497,163.07430858,99.67886982,74.4317059,-11.18033145,-55.83752437,43.97541989,-1.4018681805639857,59.01940821361862
0.389260626690744,162.57231854,99.64408648,74.18687344,-12.08039566,-56.47788136,43.70726461,-1.4024752643718263,46.85194481710786
0.274404418229005,162.06966238,99.65555032,73.88765744,-12.97445803,-57.08005327,43.42490558,-1.4022751826189044,49.091268569925184
0.163012069599465,161.56740263,99.71958589,73.52497654,-13.85659164,-57.629293,43.11343259,-1.401157551084013,64.44423710400437
0.0551734840871853,161.12680261,99.91350307,73.07056389,-14.70202762,-58.05156052,42.63438793,-1.3977730578168306,55.29846747746036
-0.0492242689832126,160.69205867,100.16432358,72.55515506,-15.54026758,-58.43755815,42.15456154,-1.3933954140857994,50.599456445796775
-0.150518698130659,160.27514842,100.4882927,71.97049108,-16.34781305,-58.71969556,41.56723053,-1.3877410862670108,55.25091423666639
-0.249291161775173,159.88790651,100.8989748,71.31952166,-17.13944272,-58.94208244,40.94185611,-1.380573331443006,52.99115442362723
-0.346381221483714,159.51792895,101.37964675,70.5883399,-17.90205645,-59.06731678,40.19739818,-1.3721840232935243,54.249606627483345
-0.442893968658276,159.17469625,101.93724297,69.80153002,-18.6544249,-59.1482298,39.42690337,-1.3624521333578499,56.001796768774255
-0.540200168681717,158.85718102,102.58182815,68.91803444,-19.36625157,-59.10292861,38.52214873,-1.3512019996572895,52.552874323186224
-0.639930073039385,158.56113751,103.2963778,67.97482622,-20.05822689,-58.98949959,37.55493588,-1.3387307555958163,52.570983859501204
-0.743961357819785,158.29077236,104.08511534,66.97051244,-20.73434004,-58.82145341,36.54428788,-1.324964688588736,51.17700683923143
-0.854401295650879,158.04475251,104.95672218,65.86153347,-21.3633568,-58.50892397,35.36482747,-1.3097522794478327,55.13265770786813
-0.973563075604383,157.80753077,105.88162518,64.66980104,-21.98907126,-58.17910764,34.17643097,-1.2936096768362595,55.15855141264625
-1.10393582569082,157.64339101,106.93295342,63.42815654,-22.57243394,-57.7211172,32.84916285,-1.2752605375290622,48.15682626972295
-1.24814738572452,157.44207548,107.99417024,62.05870774,-23.13246786,-57.19165983,31.42801813,-1.2567388099425183,55.12681958151466
-1.40891826680553,157.32125221,109.18510295,60.65129426,-23.6447381,-56.52020582,29.8482889,-1.2359531129833194,53.069435931238914
-1.58900458336774,157.20383038,110.42256871,59.15130197,-24.15367969,-55.84005482,28.27239782,-1.2143552610906256,42.84318881532245
-1.79112714417492,157.12254967,111.74131795,57.55755766,-24.62370987,-55.0426616,26.55271994,-1.1913387448444528,40.744346613996726
-2.01788345251437,157.03383607,113.09644057,55.89343148,-25.06325687,-54.16415885,24.74995442,-1.1676873933572007,44.53468513186731
-2.27163922593103,156.985145,114.53098086,54.13994701,-25.46016695,-53.16036244,22.78613965,-1.1426499420441865,42.293260002626006
-2.55439634394953,156.95676204,116.02547738,52.32643675,-25.84517508,-52.12974981,20.81833509,-1.116566057110589,36.794642082120795
-2.86764338872841,156.94142621,117.5629663,50.4469755,-26.20847271,-51.04347174,18.77020713,-1.0897318132436575,36.61251697467671
-3.21222078301327,156.95486714,119.16533196,48.49231798,-26.52426981,-49.82412085,16.57084565,-1.0617652566557654,33.0450011517458
-3.58824305382134,156.98020732,120.80472601,46.50001928,-26.83750067,-48.61196659,14.3958941,-1.033152432745661,30.982749778187824
-3.99508667456423,157.02717006,122.49452045,44.43826308,-27.10301661,-47.27053969,12.07299983,-1.003659956085767,27.275935736996715
-4.43141684581417,157.09790381,124.2240038,42.34880332,-27.36991726,-45.94795317,9.78476111000001,-0.9734747772698455,19.059400348161404
-4.89523055205689,157.18080025,125.97998854,40.21935082,-27.60598057,-44.55272738,7.41043137,-0.9428270619420691,12.91198594882692
-5.38391027310081,157.2720202,127.75248391,38.06691741,-27.82102707,-43.11616078,5.00314636,-0.911891181759214,7.723233783722971
-5.89428894470222,157.37788584,129.53943686,35.89441093,-28.02188869,-41.65909118,2.56268957,-0.8807029692034885,0.20029747562100297
-6.42272625440659,157.49184852,131.32521489,33.72034105,-28.21015472,-40.18922174,0.112615840000004,-0.8495352628702102,-12.084485207887141
-6.96519339182144,157.6154824,133.1000328,31.55903959,-28.39184853,-38.72648245,-2.33206646,-0.8185588467173457,-21.694639824498818
-7.51736134226572,157.72125174,134.82870687,29.41540463,-28.56232385,-37.25899742,-4.79172525,-0.7883877925019951,-26.482868596861042
-8.07468902153628,157.85079423,136.53632761,27.32852631,-28.74768097,-35.86752994,-7.16279331,-0.7585841882136528,-36.258366980164155
-8.63250878647652,157.97329391,138.18046319,25.30587863,-28.93798025,-34.52468966,-9.48161665,-0.7298886089934661,-54.30565089510342
-9.18607178834298,158.10615924,139.76487728,23.38298548,-29.14929447,-33.28311302,-11.67763446,-0.7022353664079763,-72.35963512903459
-9.73045916727489,158.19319003,141.22107105,21.55604634,-29.3683835,-32.10358203,-13.81911629,-0.6768199905744474,-78.13855292740479
-10.2603372632557,158.27811614,142.57883678,19.87225585,-29.61739867,-31.05899255,-15.80028636,-0.6531225081152033,-84.58154581688193
-10.7696966872466,158.35512291,143.81397798,18.36180578,-29.90104561,-30.16506824,-17.61076191,-0.6315652274481692,-96.96707588613292
-11.251722314549,158.39445494,144.90817972,16.99516521,-30.20580407,-29.38832126,-19.26382278,-0.6124678044041185,-103.62648960285487
-11.6988293725612,158.40467949,145.85130449,15.80975018,-30.53553098,-28.74203199,-20.7600837,-0.5960071719105043,-101.01603729255837
-12.1028446042185,158.38846792,146.64378661,14.81042021,-30.89262903,-28.23665306,-22.08618084,-0.5821757496533192,-96.73985670680452
-12.4553026294184,158.35873464,147.30985174,13.9820338,-31.27529905,-27.87270136,-23.22141767,-0.5705507201020953,-95.82312077186184
-12.7478217581394,158.30856145,147.82511495,13.34261661,-31.68678655,-27.65990885,-24.16624679,-0.5615576805732003,-91.52547787228293
-12.9725208889964,158.24151554,148.21937295,12.84520533,-32.1129604,-27.55918098,-24.97878008,-0.5546765803708724,-85.7202492354392
-13.1224398014519,158.16667729,148.48204093,12.5340253,-32.55747128,-27.58716407,-25.59685244,-0.5500921592803097,-84.10669234197199
-13.1919288892604,158.07101861,148.63775331,12.31897476,-33.00551578,-27.69482654,-26.13421752,-0.5473744655631935,-76.00998078759802
-13.176979605828,157.96302522,148.65707106,12.27970045,-33.46550678,-27.91629588,-26.50111205,-0.5470373072216164,-56.060762717545785
-13.0754723369744,157.86159086,148.62062856,12.28578725,-33.91615328,-28.18277909,-26.81647959,-0.5476733488342743,-48.99018782629771
-12.8873264864622,157.77950535,148.51089668,12.43155002,-34.37710484,-28.55277905,-26.98506062,-0.5495885314346776,-48.30395403501164
-12.6145486662609,157.69532905,148.32281071,12.64188681,-34.81892467,-28.94286386,-27.10921357,-0.5528712508879849,-36.95340421219995
-12.2611836805924,157.63306218,148.08796103,12.93523902,-35.25955664,-29.39991941,-27.1387952,-0.5569701510512399,-32.706396804884626
-11.8331771257574,157.5874331,147.81326545,13.27094843,-35.67679781,-29.86064318,-27.14486561,-0.5617644933629156,-31.70795502633883
-11.3381605551042,157.53450308,147.47763153,13.64198242,-36.06489165,-30.30049288,-27.15511082,-0.5676224103482908,-23.927977097977227
-10.7851722493606,157.52270028,147.12204699,14.07922459,-36.45418579,-30.81402684,-27.04343322,-0.5738285313404801,-24.609680014533453
-10.1843296785917,157.51832058,146.73020482,14.53378701,-36.82017615,-31.32247268,-26.92539026,-0.5806674673551393,-27.22363869129496
-9.54647305559502,157.5100027,146.28982545,15.01015031,-37.16000629,-31.8130272,-26.80110958,-0.5883535373194979,-23.000104217082427
-8.88279995305804,157.51608941,145.82679815,15.49492663,-37.47363833,-32.28456653,-26.67497793,-0.5964348882311173,-20.94539092056147
-8.20450842737234,157.52175495,145.32582302,15.98645437,-37.7642052,-32.74305399,-26.540508,-0.605178553720224,-18.272574505441284
-7.52246335220654,157.53405962,144.80338323,16.4634624,-38.02678356,-33.17074454,-26.42087401,-0.6142968481991515,-17.205448784848308
-6.84689854537452,157.54635913,144.25712645,16.9236274,-38.25707653,-33.54948287,-26.32642137,-0.6238308275714942,-16.541213123444365
-6.18716476217956,157.55558357,143.68138835,17.35447324,-38.46637606,-33.91462739,-26.23946007,-0.6338793530456706,-12.269734454686265
-5.55153067026246,157.56733818,143.09365571,17.76163364,-38.640593,-34.21213623,-26.18948804,-0.6441372227351089,-14.151106885892384
-4.94704084142197,157.57387279,142.48909307,18.11840489,-38.78256553,-34.45547141,-26.17133974,-0.6546888313376582,-9.66755849571066
-4.37943171749334,157.57861206,141.8491051,18.50679582,-38.90713961,-34.68335371,-26.10831704,-0.6658587285873128,-0.24901485103034915
-3.85310356354911,157.58823307,141.24140676,18.77408348,-38.97014814,-34.7549772,-26.20350169,-0.6764650654792169,1080.3498499547702
-3.37114376099224,157.5935522,140.60312774,19.08427758,-39.02745352,-34.84069894,-26.16834223,-0.6876051359246197,887.6030002940871
0.510747494589131,189.21021799,146.18366913,49.03895483,26.62253388,5.15782984000001,26.63448227,-0.5902063146252986,-1474.6755820070098
0.696069841533647,188.70634423,144.44274096,49.40662399,25.82508253,3.32576988,26.48214173,-0.6205912432325179,-1289.9663906854519
0.890329645790986,188.17848538,142.6766628,49.89918338,24.98990727,1.42121101999999,26.47701567,-0.6514151219720813,-12.183576276164576
1.0914706147384,187.62911336,140.89139119,50.53306176,24.13051126,-0.519405550000016,26.61382367,-0.6825739896089613,-6.289356791413514
1.29685493074435,187.06377876,139.09984972,51.29659495,23.2401764,-2.51168338999997,26.90612106,-0.7138422869464804,-1.751158651701612
1.50337015972941,186.48278119,137.30400606,52.19658357,22.32660244,-4.53454998000001,27.34357241,-0.7451856716645461,8.956038374215947
1.70756540506075,185.88860143,135.51300324,53.21593993,21.39260207,-6.57808100000003,27.91372521,-0.7764445677860498,9.52424252951829
1.90580535593934,185.31250606,133.76793525,54.34516229,20.45091675,-8.60781885,28.5926464,-0.8069017498827092,8.347590417042738
2.09443065327537,184.67331715,131.98072665,55.53924198,19.4793451,-10.67630954,29.36988993,-0.8380944243726672,26.370577603446232
2.26991365503487,184.07468625,130.27969261,56.81284752,18.49926032,-12.7323413,30.25915924,-0.8677830690591681,28.803526438152538
2.42900007133877,183.4604152,128.59954234,58.12317175,17.51320518,-14.76229053,31.1879163,-0.8971072231989401,28.09176371590505
2.56882885716642,182.84062991,126.95648202,59.45150997,16.52716933,-16.74878997,32.13090167,-0.9257840355918118,38.690141208290726
2.68702498152223,182.23233022,125.37931198,60.78230801,15.53192501,-18.72032046,33.12098386,-0.9533108456536225,42.56436199534086
2.78176202776509,181.62286615,123.85494961,62.09733522,14.53584593,-20.65113677,34.11942068,-0.9799159880036263,47.70275792086771
2.85179383561732,181.0274201,122.40295745,63.36717733,13.53438374,-22.55426198,35.1117616,-1.0052580319087707,46.605556686601886
2.89645642188107,180.44527009,121.02673387,64.59564327,12.53135522,-24.42222075,36.12145146,-1.0292776646233541,39.48899586021515
2.91564310636977,179.84897385,119.69363309,65.75567222,11.53123727,-26.23598242,37.06587654,-1.0525446624952588,42.6178249209852
2.90975733592338,179.25558535,118.42477341,66.84131215,10.53659185,-27.99139153,37.95408714,-1.0746904416570604,47.286702843118974
2.87964892670367,178.6685904,117.22849088,67.85047599,9.54252498,-29.70460107,38.80677268,-1.0955695105896484,47.65065286137959
2.82653907545524,178.08011671,116.0937458,68.7758766,8.5573292,-31.34900433,39.57883018,-1.1153745484064548,49.64566018951899
2.75193820706936,177.50413171,115.0363668,69.62435052,7.5712752,-32.95874537,40.33354939,-1.1338292933979,48.30172175889879
2.65756076491304,176.932159,114.04716687,70.39029134,6.58805606000001,-34.52198344,41.05138867,-1.1510940891368973,44.92353750789268
2.54524171480532,176.36230305,113.1209912,71.07933726,5.61229293,-36.02491358,41.70548111,-1.1672589040302617,44.36805331218929
2.41685917089248,175.79371357,112.25798085,71.69021367,4.64523374999999,-37.46412275,42.29258387,-1.1823212761165505,44.31299864626759
2.27426654022376,175.23043012,111.45982582,72.23213131,3.68338087000001,-38.85287462,42.84289153,-1.1962517093314045,43.585664096423834
2.11923652868325,174.66886527,110.72268961,72.70442062,2.73201599999999,-40.17419981,43.32442607,-1.209117163231577,43.006329976491564
1.95341832745755,174.1128901,110.0483879,73.11133725,1.78597618999999,-41.446535,43.77330758,-1.2208859482229049,42.27426558437885
1.77830836287837,173.56078235,109.43380649,73.45726373,0.849744580000021,-42.65613155,44.166217,-1.2316124173489542,41.365722224948605
1.59523418456123,173.01406614,108.87916368,73.74293753,-0.0783683899999801,-43.80914521,44.51263049,-1.2412927605559674,40.79954265158614
1.40535041441606,172.47676017,108.3819315,74.0039651,-0.997354619999982,-44.90586743,44.83458997,-1.2499710992438366,41.23130220194726
1.20964519553218,171.94139834,107.94370362,74.17484415,-1.90835332,-45.94643552,45.08818758,-1.2576196186238713,40.071515206037134
1.00895526360696,171.41129585,107.56629447,74.2553718,-2.81007553000001,-46.92628515,45.26019522,-1.2642066509185244,37.93385339148081
0.803987599491581,170.89048562,107.23783643,74.33995672,-3.70350955000001,-47.85799766,45.43632971,-1.2699393251711715,41.621573530652434
0.595345585609694,170.37662631,106.96800241,74.34379696,-4.58888503999998,-48.73674356,45.54434062,-1.274648817254064,43.20603753082741
0.383557654237366,169.8796537,106.77044329,74.26378097,-5.46143411,-49.55029019,45.57022388,-1.2780968743654064,38.99264865556029
0.169106555347001,169.38742184,106.61726271,74.15720028,-6.32680621,-50.31930048,45.5760772,-1.2807703798365209,34.89023130479163
-0.047542438236292,168.91014105,106.52646157,73.99845776,-7.18082483000001,-51.03197894,45.53465883,-1.2823551586940853,33.32060609393172
-0.265915850185358,168.42569878,106.46642931,73.79599788,-8.02752763999999,-51.70062654,45.45663241,-1.2834029192884986,38.7458102301097
-0.485510069660803,167.95952617,106.47339286,73.52918604,-8.86086738,-52.30891635,45.31588795,-1.283281382413371,47.03507697952469
-0.705774152040922,167.5082731,106.53759305,73.20776315,-9.68341991,-52.86650809,45.12295992,-1.2821608777174653,41.648495234367644
-0.926098093720527,167.09484384,106.68981529,72.81559825,-10.49347844,-53.36747435,44.85724355,-1.2795040984347044,29.595059433880078
-1.14580700001593,166.65443082,106.84738509,72.39850505,-11.28878117,-53.81105295,44.57437869,-1.2767539866229953,41.306014511237606
-1.36416089197567,166.24011978,107.07580492,71.91685944,-12.06971007,-54.19570175,44.2208783,-1.2727673085126496,48.8810593694855
-1.58035911888563,165.86918141,107.39384316,71.3659741,-12.8385918,-54.52837713,43.79049801,-1.2672164940774016,30.776118502713334
-1.79354838926219,165.4924324,107.74186239,70.77334041,-13.58917431,-54.79656546,43.32133173,-1.2611424126536463,33.25070042139888
-2.00283412606665,165.10737952,108.1166354,70.1291951,-14.32017387,-54.9975542,42.79691543,-1.2546013896815364,44.01962625229405
-2.2072950110577,164.78411132,108.59843234,69.42028018,-15.04014948,-55.15226473,42.20026033,-1.2461924467525032,27.986007235210053
-2.4060002356554,164.44378556,109.09164152,68.65657937,-15.73765376,-55.23272458,41.51750842,-1.237584322660442,24.728940107654473
-2.59802879496802,164.10134949,109.6153503,67.83407483,-16.41447378,-55.24703891,40.78065821,-1.228443880127839,40.919256530307365
-2.78249015558069,163.79364774,110.20833403,66.95556443,-17.07415487,-55.20249222,39.95948132,-1.218094361628582,38.6568612701077
-2.95854564615976,163.52070887,110.86671833,66.03398486,-17.71978619,-55.10962163,39.07706605,-1.206603387850144,21.530578874813244
-3.12542995696143,163.24333852,111.54651404,65.04342606,-18.35003788,-54.96776341,38.14301065,-1.1947387144697112,10.818669459908836
-3.28247217888748,162.9600661,112.24144749,64.00803926,-18.95112494,-54.73802062,37.09039057,-1.1826098376849679,23.69010268356453
-3.42911584909916,162.66691606,112.94668046,62.89387154,-19.53598098,-54.45598721,35.9636069,-1.1703012003648496,36.613862623531276
-3.56493748288699,162.44768572,113.75191094,61.77131851,-20.10774923,-54.13676021,34.7849165,-1.1562472772514352,16.74530843551958
-3.68966305091327,162.21331674,114.55662886,60.56907575,-20.66775806,-53.77926988,33.54132819,-1.142202299997635,2.7371911392548576
-3.80318180508989,161.96530733,115.35831794,59.33124926,-21.2029805,-53.3509367,32.20029864,-1.1282101859743505,14.583992173613503
-3.90555676845904,161.72667088,116.18226021,58.03046929,-21.72128001,-52.87306657,30.78541987,-1.1138296805164947,18.573048644134893
-3.99703109100867,161.51940563,117.04828506,56.70706349,-22.23393872,-52.38347143,29.32526746,-1.0987146954799045,9.42047048817507
-4.07802934582205,161.30756854,117.91430729,55.33285668,-22.73232634,-51.85376938,27.80021794,-1.083599756170941,3.943318372137128
-4.14915271849489,161.10326683,118.7922275,53.92149674,-23.21861259,-51.29397922,26.21850806,-1.068277157936641,7.566255380138109
-4.21116695681035,160.89615366,119.66894792,52.47369332,-23.68906958,-50.694946,24.58927884,-1.0529754999881735,7.710531277425048
-4.26498193166446,160.72095119,120.57952139,51.00224439,-24.15988524,-50.10313462,22.9079446,-1.0370829948553637,6.715873372702408
-4.31162533880582,160.52760305,121.46776664,49.50327839,-24.61492197,-49.47572439,21.20885555,-1.0215801906776636,7.437476261281661
-4.35222148330613,160.38100566,122.4052944,47.98164107,-25.06906055,-48.85425904,19.46317642,-1.0052172444368161,-0.5504140142287284
-4.38798498338972,160.21180319,123.30919896,46.45559689,-25.51279784,-48.21411739,17.69376188,-0.9894411337410255,-3.3004071435494
-4.42022456397396,160.06043064,124.22791377,44.91881968,-25.95044974,-47.57003306,15.91832693,-0.9734065354196915,2.3081647745071265
-4.45034492057127,159.90138022,125.13172134,43.38476484,-26.38147953,-46.92148988,14.15986467,-0.9576321175187423,1.9136592770341299
-4.47984071357424,159.77829875,126.06375795,41.85710862,-26.80975621,-46.27843535,12.37036242,-0.9413650099251161,0.0888110789876162
-4.51028231671584,159.63211108,126.96520818,40.3428201,-27.23014423,-45.63180954,10.63720695,-0.9256317353687558,3.979389091787189
-4.54329430144022,159.53040171,127.90011098,38.85301472,-27.64974737,-44.99803704,8.88144157,-0.9093146033226419,-5.409120927120092
-4.58052809723435,159.42142626,128.82149524,37.38925856,-28.06080632,-44.36152143,7.186385,-0.8932334143095905,-11.564453885272163
-4.62363071626879,159.29418177,129.70547203,35.96351349,-28.46657956,-43.72771838,5.50134211,-0.8778051088128798,-3.416441868208109
-4.67421190179841,159.19433395,130.61152286,34.57395415,-28.86811172,-43.10551127,3.8805795,-0.8619915386389524,-8.691352211841474
-4.73381209644041,159.08395915,131.49125831,33.2245234,-29.26279634,-42.48498095,2.28541041,-0.8466372584899384,-21.949843613049413
-4.80387288715836,158.97008511,132.3517527,31.91777432,-29.65173084,-41.87040333,0.720109350000001,-0.8316187981894985,-7.574149504340211
-4.8857108267326,158.81286775,133.15128125,30.62621266,-30.04809466,-41.29826372,-0.76493996,-0.817664392528302,8.66402384640974
-4.98049537521349,158.7582036,134.04858586,29.43704156,-30.41309086,-40.67134111,-2.23722669000001,-0.8020034726904786,-22.395084086551662
-5.08923160868559,158.6449816,134.86094539,28.26044279,-30.78375661,-40.08050758,-3.67973339,-0.7878251241820247,-23.815501099667678
-5.21274787898534,158.48841819,135.61710464,27.08554297,-31.15478069,-39.51522152,-5.06430802,-0.7746276556001138,-2.004549043164161
-5.35168798757475,158.42118667,136.43415676,26.03645841,-31.51130191,-38.94336676,-6.40307742,-0.7603674059457141,-20.18967557175455
-5.50650684975498,158.29834573,137.1741382,24.99138748,-31.86804358,-38.39689659,-7.69673549,-0.7474522934140655,-27.774260399692217
-5.67746812412312,158.17742534,137.89168981,23.98741458,-32.22274115,-37.87476302,-8.95033213,-0.7349286552665789,-21.628910724869055
-5.86463667769405,158.04894539,138.57203697,23.02842776,-32.57657359,-37.37877073,-10.1670635,-0.7230543572679864,-23.558250039900084
-6.06784745537999,157.92329281,139.22529833,22.11838753,-32.92895746,-36.91325609,-11.31418241,-0.7116527956599307,-26.85499373733857
-6.28663802564517,157.78951793,139.83495691,21.25866306,-33.28350881,-36.48768351,-12.39363333,-0.7010122461258973,-28.30418773916099
-6.52015908712955,157.65185746,140.40503907,20.44921542,-33.63655685,-36.09151802,-13.4417853,-0.6910624354270163,-32.52539045348723
-6.76708893621942,157.51349947,140.9357058,19.69473582,-33.99243979,-35.74158527,-14.409189,-0.6818005537577243,-33.315935592851396
-7.02556515758541,157.34365544,141.39842305,18.97095656,-34.34913081,-35.43001209,-15.32030274,-0.6737246142394506,-29.81022536939326
-7.2931355562798,157.21285337,141.84556844,18.36017818,-34.70679808,-35.16645194,-16.14966215,-0.6659204549488364,-29.817611602787064
-7.56672832981943,157.04405009,142.22100702,17.76092061,-35.06786865,-34.94927778,-16.92327538,-0.6593678155888243,-29.648838264121345
-7.84264178844128,156.90624371,142.58458875,17.25713211,-35.42301564,-34.76499947,-17.60742028,-0.6530221173002273,-36.4176143117767
-8.11655419341816,156.74516632,142.87371566,16.78447762,-35.78617258,-34.64206225,-18.24268841,-0.6479759007646101,-31.160972329421497
-8.38355444316739,156.58398376,143.1149515,16.38514868,-36.14929616,-34.56554041,-18.79750009,-0.6437655410827958,-29.824877408463067
-8.6381943503278,156.45501936,143.34788508,16.06237496,-36.502118,-34.51280344,-19.28004755,-0.639700083173338,-39.16698959454234
-8.8745630881819,156.27496794,143.47443029,15.78978126,-36.87122001,-34.54522933,-19.66723099,-0.6374914526062107,-31.215599389677884
-9.08638402860061,156.13357676,143.59764418,15.55692767,-37.21290486,-34.55766617,-20.06298897,-0.6353409645415202,-12.11626765356133
-9.26713365210811,155.97432406,143.65505687,15.4035804,-37.57068187,-34.66127823,-20.3184258,-0.6343389240685933,-9.063386595201672
-9.41018150496225,155.89513901,143.77798218,15.24705915,-37.88321261,-34.69480673,-20.64584039,-0.6321934726750585,-41.788840650183175
-9.50894933943087,155.76531663,143.78375407,15.18199305,-38.20366585,-34.79836531,-20.86376776,-0.632092734190496,-44.920898570058874
-9.55708663733258,155.62935131,143.71888776,15.21368245,-38.53829476,-34.9919989,-20.94003376,-0.6332248648736152,-0.63211811249686
-9.54865872299653,155.52670727,143.65507348,15.27290003,-38.85233472,-35.18256052,-20.99751492,-0.6343386341694047,-5.3640146379341225
-9.47834266893736,155.48257111,143.65617157,15.31528355,-39.13633464,-35.34268841,-21.07454849,-0.6343194688834215,-25.759865954225745
-9.34162524627783,155.3809496,143.49565935,15.50909054,-39.43404361,-35.5916686,-20.99618229,-0.6371209356121068,-7.239854375407084
-9.13499633805599,155.3672812,143.44586222,15.65218507,-39.69738814,-35.80058369,-20.95445211,-0.6379900594886504,-31.93971904304704
-8.85613057933404,155.32352039,143.29476391,15.89937035,-39.95728826,-36.05149819,-20.81550586,-0.6406272224923496,-17.83634691219449
-8.50404956981301,155.25600632,143.05255176,16.24553441,-40.22128944,-36.36732472,-20.5603911,-0.644854621998184,29.6848426612617
-8.07925687559117,155.33244981,142.99167373,16.53365161,-40.44561902,-36.62391727,-20.33859843,-0.6459171440638118,-18.85957411144723
-7.58383824768566,155.35936657,142.82932292,16.89732202,-40.63905772,-36.84403719,-20.10336312,-0.6487507002415914,-22.99433939456974
-7.02152007707819,155.37321619,142.58052615,17.37028926,-40.85521366,-37.17575342,-19.71396033,-0.6530930230464188,21.27770684613339
-6.39768009847348,155.48347852,142.47434622,17.76223271,-41.01651702,-37.41112693,-19.38396028,-0.6549462124244558,3.234255674240405
-5.71930574287131,155.58921232,142.29129085,18.27631873,-41.19799895,-37.7488853,-18.88210651,-0.6581411313444124,-0.918561549333452
-4.99489730214349,155.72621624,142.13790044,18.79081601,-41.34005856,-38.02294654,-18.40422438,-0.6608182990398962,10.024399787922356
-4.23431517154034,155.88443461,141.99679258,19.31811079,-41.45439292,-38.26362147,-17.91761189,-0.6632810957973394,3.114215418941191
-3.44857281722819,156.05584081,141.85889024,19.85827201,-41.53979837,-38.46451911,-17.44484331,-0.6656879456765443,8.003613946738763
-2.64957968217428,156.2497347,141.72013745,20.42166938,-41.62174472,-38.695254,-16.87293223,-0.6681096387083723,-1.9304947229981106
-1.84984087101781,156.4688588,141.62573737,20.95752161,-41.65849257,-38.83694599,-16.38414881,-0.6697572309185186,18.110072134776
-1.06212299539141,156.63960872,141.4324214,21.55687616,-41.69864636,-39.01441704,-15.81370045,-0.6731312310917049,35.585643782619634
-0.299097855896076,156.96804735,141.49634757,21.9847483,-41.67111606,-39.0401878,-15.35341396,-0.6720155089470152,20.55477925264615
0.427022474035599,157.16117265,141.34859607,22.51452629,-41.64944981,-39.09502958,-14.86035084,-0.6745942590967756,39.544190152480674
1.10484426740649,157.52000011,141.48472798,22.82330915,-41.55091281,-38.95957102,-14.53752014,-0.6722183090502473,15.392730625102269
1.72412894573502,157.77844205,141.49134226,23.146187,-41.44058965,-38.79705436,-14.24440622,-0.6721028680865982,4.768606035588929
2.27609275292487,158.06985257,141.56130224,23.38216653,-41.30554765,-38.57281104,-14.01156202,-0.6708818360909691,25.953618445152536
2.75365513266391,158.36468269,141.66141055,23.53274425,-41.14283569,-38.27112641,-13.86949964,-0.669134616472862,1270.9974490070886
3.15162375706812,158.64929619,141.78657978,23.57138047,-40.95267798,-37.88544105,-13.82568534,-0.6669500012871756,883.171474932909
-0.334481585804343,189.62716358,149.1137578,45.5402073,21.95461211,0.409916769999995,22.68304412,-0.5390666199584169,-2010.8318794003633
-0.0846638590609255,188.97989367,147.07205713,46.04681737,21.00049059,-1.96076227,23.08761983,-0.5747010189900913,-1624.94389972898
0.190890590610576,188.35428173,145.04488705,46.63778634,20.04084852,-4.31966489999999,23.52187858,-0.6100818113840081,-12.633789192701972
0.489675961483557,187.75345549,143.04729174,47.29371863,19.06649549,-6.69846469000001,24.01691801,-0.644946426665905,-36.27466661005103
0.808357641902148,187.03565994,140.90363002,48.08431682,18.07536451,-9.09851632000002,24.61186837,-0.6823603817288695,-6.900347693319375
1.14283001493841,186.35647257,138.81468782,48.9616626,17.0840635,-11.46812774,25.24271929,-0.7188193010027237,11.932844021155198
1.48831158221956,185.66216657,136.72283691,49.92582593,16.08594422,-13.8302012,25.94989545,-0.7553289868430628,13.207887324874257
1.83947237446977,184.96529649,134.65045406,50.97477425,15.0840495,-16.17112898,26.72947379,-0.791498890937427,10.023823829277134
2.19058730861802,184.27933828,132.61771942,52.10911027,14.0786564,-18.48793592,27.57790058,-0.8269768032247687,6.167241339648477
2.53570813987286,183.53199496,130.54365258,53.32596171,13.08576055,-20.73630354,28.45924781,-0.8631760984892025,28.13061299971391
2.86884597966385,182.81532423,128.54793762,54.60702843,12.08832434,-22.95918375,29.41717759,-0.8980078954725098,37.973205330124046
3.18415604312114,182.09842439,126.59802764,55.93618682,11.09402743,-25.13136861,30.41413894,-0.9320402447410067,34.67757864340726
3.47611637877703,181.37857364,124.69572626,57.30905161,10.1066601,-27.24360762,31.44417035,-0.9652416671872385,39.72535881949906
3.73969282662677,180.66026227,122.85109059,58.70198392,9.12355515000002,-29.29993595,32.4959614,-0.9974366331284701,43.107189063308304
3.97048333426616,179.94549284,121.07112444,60.10522657,8.14634002,-31.2932103,33.5644201,-1.0285029030200172,44.59101563347385
4.16483599473368,179.22819452,119.35113954,61.49346076,7.17514929999999,-33.22259083,34.6198712,-1.0585223026096027,45.57346321474975
4.31993721161505,178.51523068,117.70201032,62.85231026,6.21146458999999,-35.0822181,35.65424998,-1.0873050372894486,46.48542567418756
4.43386906044858,177.79625795,116.1123052,64.16887247,5.25154942,-36.88150442,36.65765825,-1.1150506257692603,46.56877561794781
4.50563562414655,177.08313882,114.59923807,65.43079342,4.29849299,-38.61170593,37.6212265,-1.1414586289914612,50.39742236756961
4.53515680048294,176.35960786,113.14029029,66.62762058,3.34876832,-40.28194848,38.53118811,-1.1669220713671231,53.44243199101095
4.52322908239624,175.65983392,111.78522178,67.7506717,2.40770801000002,-41.87914689,39.39604144,-1.1905724784567169,52.05925681348145
4.47145641415669,174.94307894,110.47447796,68.80122325,1.46830901999999,-43.42056708,40.20067235,-1.2134492737658849,55.431428405210426
4.38215682027419,174.25249244,109.26948306,69.76451914,0.538608159999995,-44.88810261,40.94230842,-1.2344804022406244,53.444123215053985
4.25825127348073,173.55886209,108.12626432,70.64966247,-0.387435670000002,-46.29742105,41.62469849,-1.2544333333241255,50.99394623530484
4.1031412982548,172.87347798,107.05995661,71.45484666,-1.30764049000001,-47.64397222,42.24582447,-1.2730439137030265,52.83774347304204
3.92058149778389,172.19759428,106.07022447,72.18231703,-2.22204457999999,-48.92952307,42.80783637,-1.2903179982588358,51.98026844751791
3.71455260469704,171.52910834,105.15316813,72.83365862,-3.13116976000001,-50.15607134,43.31258931,-1.3063236508181244,52.1158176985459
3.48913986006401,170.87187449,104.31200962,73.4103882,-4.03516123,-51.32509473,43.76158102,-1.3210046363487942,50.20207464571546
3.24842059622023,170.22600695,103.54498129,73.91685229,-4.93363442,-52.43701987,44.15692209,-1.3343918061633677,58.39082962884046
2.99636391039468,169.58431685,102.84143147,74.35882522,-5.82883925000002,-53.49849731,44.5094545,-1.346671066974181,63.902312371260095
2.73674433534055,169.00445349,102.27134926,74.73240954,-6.70629063999999,-54.47603831,44.78749074,-1.356620878545727,40.881669119543496
2.47307049867452,168.40696083,101.7369866,75.03046153,-7.58415105,-55.41321412,45.01314851,-1.365947266362442,38.14378159391563
2.20852896112664,167.79037687,101.23195194,75.24753454,-8.46462637000002,-56.31683706,45.17987285,-1.374761784016132,54.215284727745505
1.94594276713986,167.23172708,100.8510895,75.42462447,-9.32605783,-57.13862366,45.30496929,-1.3814090875913112,48.65614227943959
1.68774374384782,166.65880548,100.50318532,75.51185026,-10.18792716,-57.92208194,45.3488959,-1.3874811610137623,46.29422136397165
1.4359572454862,166.11826105,100.24397156,75.55764226,-11.03597237,-58.63886488,45.35817245,-1.3920052945922365,46.765741260017535
1.19219784802207,165.57865959,100.03966505,75.50891667,-11.87873491,-59.30510406,45.27495189,-1.3955711158749955,45.0732361431716
0.957674433692744,165.05829689,99.90480158,75.40779792,-12.70897069,-59.90907924,45.14068103,-1.3979249274671601,46.1826721354952
0.73320313976508,164.55210353,99.8343954,75.24877449,-13.52556154,-60.44624497,44.94141963,-1.3991537471219115,44.636898594174745
0.519226745384282,164.06032327,99.83023882,75.00236543,-14.33262728,-60.93139205,44.66436008,-1.3992262931285342,42.163123017606715
0.315839197121965,163.58021463,99.88487634,74.69769797,-15.12817477,-61.3594449,44.33136907,-1.3982726885094101,43.219476566065396
0.122814093399179,163.1092459,99.99725296,74.34201554,-15.90851836,-61.7255418,43.96093848,-1.3963113464881476,43.67403884310006
-0.060363965077126,162.66365282,100.18298664,73.89822944,-16.67071,-62.01134432,43.44916294,-1.3930696822403021,38.60522221353024
-0.234466211300281,162.21656628,100.41450091,73.38413133,-17.42471573,-62.25825538,42.91311564,-1.389028995963451,43.85824961900209
-0.400485797130434,161.78021234,100.70228857,72.82488315,-18.16120579,-62.44206099,42.34790125,-1.3840061537498412,44.11875048183855
-0.559604249837191,161.38578119,101.08303812,72.18532755,-18.874538,-62.53673355,41.64555223,-1.3773608204768542,39.248777468616765
-0.713159145489317,160.96451459,101.47437232,71.48851959,-19.57848541,-62.59563796,40.93312099,-1.3705307502111963,40.72620042576247
-0.862612702475213,160.59896168,101.97645426,70.72444011,-20.25288655,-62.5544038,40.10437123,-1.3617677672433957,41.2067052768017
-1.0095201534163,160.20231168,102.47980001,69.90726887,-20.92164867,-62.48727225,39.27122673,-1.3529827266299752,42.4248316482867
-1.15549785094541,159.87064558,103.10596743,69.02134406,-21.55478985,-62.30853378,38.31290271,-1.342054043482257,41.52722626727723
-1.30219266805754,159.50640436,103.72830408,68.08746006,-22.18139371,-62.10290682,37.34722435,-1.3311922198839254,41.06943513112915
-1.45125428085992,159.2073075,104.47341408,67.08708035,-22.77418486,-61.79293361,36.27246234,-1.3181875970943906,39.416035861497
-1.60431110005177,158.87687668,105.21211868,66.04215963,-23.35771638,-61.45133886,35.1828748,-1.3052947696247628,46.0433564639362
-1.76295007748701,158.60711191,106.06669798,64.93538897,-23.91119445,-61.01707149,33.98654375,-1.2903795471203745,42.69177626672338
-1.92870020392218,158.34154127,106.95974228,63.77770922,-24.4449274,-60.5236814,32.75315552,-1.2747929837192065,36.21777411242144
-2.10301900693794,158.09118617,107.90458774,62.56811422,-24.95890307,-59.97046349,31.46338825,-1.258302319519686,39.28552363068771
-2.28728078389694,157.8676243,108.91487844,61.30531807,-25.45018687,-59.35085859,30.11479967,-1.240669420402408,43.04195214652751
-2.48276470857246,157.65671746,109.96756697,59.99912617,-25.9260428,-58.68636686,28.71591694,-1.2222965395559289,42.318595202053274
-2.69064038867876,157.4970526,111.11662682,58.63315896,-26.37480104,-57.94466378,27.25926931,-1.2022416618709568,33.72872515957192
-2.91194799345005,157.32594566,112.27301389,57.23763226,-26.80767861,-57.16060406,25.74253209,-1.1820589000719663,33.47111107131262
-3.14756979230541,157.20168,113.51162656,55.78424517,-27.22137828,-56.32395191,24.18667425,-1.1604410308235484,31.91433148374223
-3.39818992395688,157.07720533,114.77023615,54.30666843,-27.61630227,-55.44047463,22.57935242,-1.1384741494808726,31.356992003046535
-3.66423951792015,156.98711908,116.08948195,52.78334644,-27.99466634,-54.51673159,20.93638141,-1.1154489666277658,30.439285665042615
-3.94583009343227,156.91626124,117.44712074,51.22806359,-28.35593455,-53.5526358,19.2555979,-1.091753699689474,25.731446758017196
-4.24269551074334,156.86617275,118.8417416,49.6437376,-28.7018828,-52.55563402,17.54167403,-1.067412973865479,23.442663864849944
-4.55417181001275,156.83768442,120.27143566,48.0329521,-29.03073818,-51.52332236,15.79380105,-1.042460105222274,19.24155687153979
-4.87922108957684,156.82798123,121.72831782,46.40349251,-29.34414972,-50.46186142,14.0191288,-1.017032714716707,15.065905505363641
-5.21647769117,156.8358201,123.20599658,44.75799232,-29.64475485,-49.3816093,12.22392644,-0.9912423550679198,10.750451520764592
-5.56429650837789,156.86118362,124.70121532,43.10427774,-29.92953951,-48.27635851,10.40714953,-0.9651458650173989,5.843423422198235
-5.92079735482802,156.90031574,126.20215305,41.44559585,-30.20598835,-47.16915835,8.58418326,-0.9389495597614892,1.0428202654355623
-6.2839049325548,156.95546297,127.70759317,39.78218495,-30.47138543,-46.05315574,6.75592313,-0.9126746729758708,-5.877658055478641
-6.65138490889234,157.02161671,129.20428444,38.13856935,-30.72784785,-44.9404071,4.92302773999999,-0.886552482428515,-13.675666980346168
-7.02087651096787,157.09234122,130.68029452,36.51221346,-30.97943875,-43.84326307,3.10673206,-0.8607912467398906,-21.70233498116181
-7.38992050762049,157.16964855,132.12806003,34.91524603,-31.22802384,-42.76884301,1.30673974,-0.8355229717935755,-27.554937089901976
-7.75598095651038,157.24644311,133.52865065,33.36333521,-31.47989547,-41.73745181,-0.475466229999995,-0.8110780540020266,-33.52875755118445
-8.11646055969297,157.32678733,134.89395746,31.84569625,-31.72799429,-40.73327171,-2.19636168,-0.7872489548676261,-43.94688616506155
-8.46871100112423,157.3988248,136.18490115,30.39961071,-31.98352627,-39.7877202,-3.89517661,-0.764717737019281,-51.678209549864725
-8.81004033305085,157.4616462,137.40805778,29.0153877,-32.24549881,-38.90456106,-5.5119958,-0.743369626558183,-57.59866656926293
-9.13770750702184,157.51289952,138.54505732,27.71863244,-32.5154246,-38.08766878,-7.07224022,-0.7235252409915219,-65.08598943398165
-9.44887097398385,157.55175845,139.59214205,26.51640466,-32.79499777,-37.34578847,-8.55340002,-0.705250164905666,-66.91750478976965
-9.74047867948809,157.56949474,140.53229824,25.42231961,-33.08224337,-36.67554753,-9.96235002,-0.688841343907161,-65.44975095667316
-10.0091508303703,157.5849017,141.39281726,24.42539688,-33.38476065,-36.10354226,-11.24652415,-0.6738224537321261,-68.2907123919363
-10.2511221149091,157.58087339,142.14453971,23.54360318,-33.69349365,-35.60363796,-12.45803172,-0.6607024219184674,-68.7878345227888
-10.4622670190682,157.56878529,142.80221551,22.77629882,-34.01457692,-35.19666328,-13.55272963,-0.6492238137977798,-68.7931665036512
-10.6381995530755,157.5472039,143.36265592,22.12590102,-34.34683026,-34.88060756,-14.53419018,-0.6394422833820527,-71.75397795332272
-10.7744310011036,157.5069005,143.81745795,21.58855269,-34.68457146,-34.64067817,-15.4204324,-0.6315044905137986,-74.71040513590931
-10.8665677356082,157.45231837,144.16965212,21.17543923,-35.03132805,-34.4894837,-16.17944062,-0.6253575426409702,-58.066053525640534
-10.9105307051085,157.35151701,144.4046413,20.82756498,-35.36335298,-34.35642165,-16.91852383,-0.6212562077434084,-42.574125367177416
-10.9027788047102,157.32922149,144.64395434,20.60968185,-35.71978541,-34.35531132,-17.48477092,-0.6170794072524518,-55.70706127265401
-10.8405198246359,157.24010712,144.74789288,20.42765289,-36.06149874,-34.37234348,-18.04334731,-0.6152653375097359,-53.029555157830806
-10.7218948635776,157.16949367,144.79907861,20.35519067,-36.40187339,-34.44987219,-18.49008605,-0.6143719779911988,-48.126394708893905
-10.5461247982848,157.10098855,144.78730749,20.36184985,-36.74050041,-34.58264223,-18.85410872,-0.6145774227918465,-38.06723145291957
-10.3136104300582,157.00875988,144.67845895,20.48164844,-37.08110846,-34.77832548,-19.1084497,-0.6164771882008352,-16.83133222368682
-10.0259811074705,156.98503561,144.60861293,20.56285297,-37.40179997,-34.98426858,-19.38061001,-0.617696231219249,-22.823393120978697
-9.68608979904923,156.94860358,144.46140286,20.74199879,-37.7192196,-35.23770243,-19.55868022,-0.6202655316328403,-34.09243781305027
-9.29795563492715,156.93280799,144.29914996,20.95931503,-38.02173875,-35.50230612,-19.69869285,-0.6230973789587494,-41.09317509961574
-8.86665774841732,156.89314625,144.04901149,21.22155789,-38.3191024,-35.81162394,-19.78204217,-0.6274631188461504,-37.16164817190393
-8.3981867238062,156.85927053,143.75424044,21.52548806,-38.60826495,-36.15006597,-19.81460308,-0.6326078442082114,-29.833094418580952
-7.89926198573472,156.8351668,143.42369956,21.86309896,-38.88517829,-36.50803671,-19.80321345,-0.6383768708766508,-32.10457760819185
-7.37712495004046,156.80249448,143.03839988,22.21848132,-39.15523304,-36.89900535,-19.7542042,-0.6451016188995314,-28.153876493322016
-6.83931863209455,156.77339651,142.61444195,22.5989457,-39.41164014,-37.29684846,-19.67923424,-0.6525010806679705,-25.40179420489452
-6.29346465311033,156.7494177,142.16124949,22.98498007,-39.65076705,-37.68642856,-19.60312279,-0.6604107812401837,-27.6116445826291
-5.74704820546353,156.71659133,141.65964278,23.36954458,-39.88027859,-38.09639566,-19.50364206,-0.6691654698797797,-26.723992814351448
-5.20722056682411,156.68510068,141.12589603,23.75675866,-40.09459887,-38.4987582,-19.40391772,-0.6784811080390989,-23.888379067913412
-4.68062724920002,156.64979686,140.55172641,24.13946612,-40.29393925,-38.89578578,-19.31108674,-0.6885022583730239,-18.61068317878689
-4.17326792648155,156.60570567,139.95367224,24.49699063,-40.48664525,-39.3029061,-19.1884546,-0.6989402727448054,1615.773777523386
-3.69039203222281,156.57319441,139.33717868,24.8517493,-40.65392428,-39.6641098,-19.11056562,-0.7097001151841469,1398.4829961464184
2.27585787782801,190.30384312,148.03915026,44.85102085,23.28356753,-0.236311080000007,24.04379147,-0.5578220596981733,-2078.464311194317
2.58694106454852,189.65301957,146.13534829,45.31953103,22.33083323,-2.49031758000001,24.32854454,-0.591049672380628,-1861.1887386164503
2.89107067280511,188.98383125,144.21590499,45.90693667,21.36370171,-4.75228245,24.71101502,-0.6245502777709729,-10.133774336162915
3.18304692464606,188.28880008,142.26969194,46.63751935,20.37394607,-7.04531845000002,25.22252236,-0.6585181034387542,0.71031409897504
3.4579344158899,187.58919046,140.33459747,47.48586884,19.36756212,-9.35229439,25.86712165,-0.6922918732773888,5.709335011760963
3.71121133220609,186.88230248,138.40810539,48.45921091,18.34836658,-11.66021597,26.63669136,-0.7259155030869828,15.415693922068474
3.93888777865243,186.16054516,136.48600203,49.54508001,17.32633496,-13.93809947,27.47805516,-0.7594625352826286,21.355960428471832
4.13758931215559,185.46853763,134.63484426,50.72997856,16.28195918,-16.24581335,28.50454248,-0.7917713333430046,16.230575932523195
4.30460540176244,184.73287666,132.75976723,52.0121375,15.233597,-18.51860441,29.58689288,-0.8244976012450212,25.88851591872725
4.4379056133587,184.01677536,130.95457748,53.35020073,14.18508004,-20.75164314,30.74240123,-0.8560041060057741,36.027889271118504
4.5361285519559,183.28921209,129.1818627,54.73195641,13.14112597,-22.92344078,31.92206106,-0.8869438156155411,45.034100625342965
4.59854987123143,182.57409094,127.4807353,56.12744114,12.08956819,-25.07162347,33.16069516,-0.9166340897414318,49.807872835525565
4.6250359977419,181.87761965,125.86198456,57.50128408,11.03568899,-27.17843309,34.42812985,-0.9448866199235267,45.766716541513205
4.61598975721268,181.17086585,124.29227121,58.85940773,9.98783498,-29.21709245,35.66973188,-0.9722832861935369,38.16358933559805
4.57229305094324,180.47705038,122.80433039,60.1741244,8.94843681,-31.18024486,36.87332226,-0.998252752577361,46.52163078418976
4.49525035916839,179.73211484,121.32246838,61.43233724,7.91950757000001,-33.05531303,37.9995127,-1.0241161237120822,60.91522324437326
4.38653538225168,179.07190666,120.01322553,62.60471343,6.88855676,-34.8914721,39.11253212,-1.0469667221527763,46.91601410861556
4.24814177058956,178.35069997,118.70168407,63.68511697,5.86117910999999,-36.65861508,40.14530658,-1.0698574389061901,47.95823747144823
4.08233778783232,177.65248798,117.49092963,64.69102453,4.84915780999998,-38.33253791,41.09783048,-1.09098909031733,61.394851940130835
3.89162406000029,176.95910709,116.35568022,65.61401371,3.84910142999999,-39.92195991,41.97089754,-1.1108029303531533,59.73034539513699
3.6786932278735,176.29122776,115.32040032,66.42786893,2.84924587,-41.46316736,42.78236436,-1.1288719732878707,53.8207897022458
3.44638996878027,175.62152906,114.35190604,67.15981649,1.86383402999999,-42.91490066,43.50743279,-1.1457753872606027,53.39340569232576
3.19766973666035,174.95921483,113.45824142,67.81539174,0.890372010000021,-44.28648935,44.15838682,-1.1613727772881868,59.80282891897781
2.93555524903781,174.31881091,112.65405354,68.37123864,-0.080811830000016,-45.6080505,44.741778,-1.1754085035988195,53.148932188005205
2.6630907341984,173.70459637,111.93872749,68.88898801,-1.03638569,-46.84619143,45.28081518,-1.187893298396605,44.17351716843098
2.3832945805798,173.06305004,111.26072199,69.27178326,-1.98703282,-48.02292459,45.7036094,-1.1997267267182359,51.79237502690448
2.09911140546922,172.45299332,110.67230917,69.6218791,-2.92579917,-49.13070271,46.09504746,-1.2099964677881803,52.4427824446283
1.81336483476973,171.86745739,110.16413889,69.92618628,-3.85636208,-50.18083659,46.45179918,-1.2188657123349618,45.1675223200132
1.52871243011197,171.27543647,109.70636586,70.12428591,-4.77708265000001,-51.16497174,46.70309016,-1.2268553589352926,45.56815392316782
1.24760420325539,170.70989449,109.32634663,70.30181347,-5.68920971,-52.09489504,46.94706924,-1.2334879457196863,43.74272802114554
0.972246029613589,170.15083932,109.00150884,70.40557965,-6.59425060000001,-52.97202632,47.12017957,-1.2391574346900882,42.24552350225785
0.704569035314914,169.60405684,108.73918174,70.44792713,-7.48949722,-53.79230542,47.2341555,-1.2437359063022964,42.92038821879007
0.446205714924993,169.07122002,108.53870084,70.430085,-8.37546495000001,-54.55795038,47.28962463,-1.247234958094658,45.10810084030092
0.1984731718146,168.55275971,108.39793256,70.35752956,-9.25209928000001,-55.27105017,47.29341221,-1.2496918280630274,43.56490864096285
-0.0376364808147048,168.06234388,108.33434322,70.20752653,-10.11913102,-55.93042865,47.2126998,-1.2508016714151977,38.54754257241577
-0.261458710251526,167.56844217,108.30629192,70.02942641,-10.9768427,-56.54193368,47.12099884,-1.251291258959662,48.99523182783305
-0.472652316472552,167.10134167,108.35084675,69.77685849,-11.82465309,-57.10309962,46.94882232,-1.2505136304784958,52.578455614031846
-0.671188728432257,166.68218005,108.49537328,69.4443146,-12.66083606,-57.60853122,46.68996279,-1.2479911666735135,29.50014668382739
-0.857335694715207,166.25378263,108.66860264,69.06923059,-13.48209972,-58.05430461,46.38846639,-1.2449677439803908,34.00166323865194
-1.03163649331151,165.80099282,108.85347803,68.63488921,-14.2913613,-58.44809812,46.03965264,-1.2417410597189822,55.95210026364761
-1.19488577817238,165.43750728,109.18117371,68.11727971,-15.08978317,-58.79526764,45.58300877,-1.2360216911584205,42.5680969999398
-1.34810313690569,165.0574936,109.5321647,67.55008954,-15.866794,-59.06793574,45.07734719,-1.229895742738086,33.55341381752419
-1.49250539135538,164.68974612,109.93764201,66.91913666,-16.62653491,-59.27882848,44.50206138,-1.2228188286364563,40.71936571640844
-1.62947858865266,164.33773727,110.40309827,66.22354105,-17.36346566,-59.41372927,43.85481395,-1.2146950843754376,43.61329614914311
-1.76055050908064,164.00142138,110.92741509,65.46636404,-18.08048845,-59.48279099,43.14144001,-1.2055440295428512,40.86045115182735
-1.8873643579088,163.69601167,111.52391762,64.65264475,-18.78173976,-59.4971997,42.35358106,-1.1951330963978748,35.90044358381172
-2.01165410576243,163.38300199,112.15130131,63.76727771,-19.45722591,-59.42981514,41.4741951,-1.1841831853340634,35.43555768425133
-2.13522168979282,163.09643063,112.85043136,62.81495945,-20.10617733,-59.28114235,40.52206235,-1.1719810640619308,35.747584157264086
-2.25991598408777,162.80006922,113.57821832,61.80850566,-20.73529776,-59.07219928,39.53029681,-1.1592787853568505,40.851534264672026
-2.3876130987161,162.53980221,114.38176367,60.7413374,-21.34652924,-58.80724543,38.47429449,-1.1452542733102604,40.53025231063989
-2.52019718569431,162.29666338,115.23919738,59.61721669,-21.93483462,-58.47294826,37.34303652,-1.1302892319531703,36.82121995597587
-2.65954053384347,162.06559162,116.14531722,58.4317724,-22.49879382,-58.06679131,36.13842042,-1.114474457327526,32.791249477128744
-2.80748134533613,161.86467103,117.11114649,57.21228,-23.04621952,-57.6124431,34.87677793,-1.0976175565538926,31.41194194921315
-2.9657972384582,161.64015116,118.09675079,55.8795474,-23.5577522,-57.05453413,33.51167434,-1.0804155163970788,32.12948869261156
-3.13617226043327,161.47433624,119.16307277,54.54260558,-24.06028467,-56.47295458,32.11339198,-1.0618046869596935,29.454136314084334
-3.32015507495621,161.27620058,120.23227277,53.09339903,-24.52774316,-55.79220599,30.60364213,-1.0431436265973704,30.53689843945051
-3.51910833107918,161.14153154,121.38375882,51.64019861,-24.98762867,-55.09458855,29.0663531,-1.023046403734086,23.242067937932998
-3.73415988203334,160.98992881,122.54275829,50.10479566,-25.42014104,-54.32369983,27.43480647,-1.002818046953717,16.698882677413884
-3.96617722807874,160.85766525,123.73761211,48.52402254,-25.83350171,-53.50448593,25.74359866,-0.9819639137146853,16.449832919803775
-4.21577452508938,160.72753575,124.94892136,46.88850545,-26.22417643,-52.6278184,23.98473461,-0.960822579042322,19.354071267094763
-4.48333735420055,160.61629295,126.185716,45.2254138,-26.60106956,-51.72372525,22.17721205,-0.9392364404033041,15.730551319126373
-4.76904678723591,160.54533009,127.46597509,43.54071547,-26.97369593,-50.81861224,20.32543908,-0.9168917040042177,4.925104473632036
-5.0728952974932,160.4565319,128.72394931,41.82370279,-27.32559369,-49.86742858,18.42461087,-0.8949359119600103,1.8823428342651383
-5.3946922450717,160.39751417,130.01124759,40.08691654,-27.665256,-48.89891325,16.50368754,-0.8724683185187502,-13.599750393868959
-5.73405750932467,160.3310414,131.27296765,38.3525656,-27.99374429,-47.91535314,14.54348226,-0.85044714923329,-14.439800052135077
-6.09040319185631,160.23524082,132.47859926,36.63816147,-28.31288066,-46.92461487,12.57836958,-0.8294049080726695,-1.777396186346536
-6.46290381775287,160.20926197,133.73925203,34.92427982,-28.6310954,-45.95317142,10.58414276,-0.8074023665117832,-17.73477224038089
-6.85045503952045,160.15252798,134.9357672,33.24975631,-28.94130659,-44.98467492,8.61796512,-0.7865192372452235,-28.581934200329062
-7.25162168576465,160.10109172,136.10392365,31.61906982,-29.24781845,-44.0333852,6.6746064,-0.7661310610143145,-33.15603376277565
-7.66457828807523,160.0476065,137.22917272,30.04516895,-29.55342323,-43.10899888,4.76592125,-0.7464917598378105,-32.836394163566716
-8.08704716687023,159.96344523,138.27862519,28.53913374,-29.85722066,-42.21290054,2.91211206,-0.7281753588931233,-28.429970127697988
-8.51624023510824,159.93545383,139.33443956,27.11403646,-30.16506012,-41.36215219,1.10014851,-0.7097479218467541,-39.19655372673581
-8.94880688435834,159.86558508,140.290435,25.78469062,-30.46559072,-40.53187967,-0.65096355,-0.693062653784702,-48.485295489618665
-9.38077455554007,159.81400914,141.21512669,24.53525926,-30.77828284,-39.77553068,-2.31033676,-0.6769237392283712,-49.36678973630482
-9.80746263143009,159.72338343,142.02444453,23.4127977,-31.09397746,-39.07302508,-3.86981643,-0.6627984782252425,-44.706128824294474
-10.2233869314529,159.66140373,142.81296295,22.37266912,-31.41620968,-38.43750067,-5.33369581,-0.6490362355836189,-53.24820826119736
-10.6222109549338,159.5811496,143.50230681,21.45226132,-31.74252663,-37.86153592,-6.72403883,-0.6370049155482125,-59.808506475024224
-10.9967844879129,159.48386833,144.10570945,20.63706739,-32.07398309,-37.35475821,-8.01061233,-0.6264735527649863,-58.796801939500206
-11.3392726659993,159.38074925,144.63749159,19.91945706,-32.40335043,-36.89722827,-9.21306652,-0.6171922035186849,-56.63172449306031
-11.6413626005578,159.25457408,145.06157509,19.31274613,-32.74115086,-36.52179445,-10.31648196,-0.6097905501403037,-53.99269590692035
-11.8945315084985,159.15117691,145.44820049,18.79927583,-33.0766183,-36.19889592,-11.34936934,-0.6030426639384633,-50.72968069727568
-12.0903581717729,158.99992488,145.70808537,18.36289417,-33.41358812,-35.93998919,-12.2931869,-0.5985068171063131,-43.477385614957285
-12.2208585218932,158.89551152,145.96824973,17.97608489,-33.74741222,-35.73321613,-13.19419822,-0.5939660924279693,-52.89476337970056
-12.2788261568947,158.75332939,146.10548858,17.71819227,-34.07605981,-35.57913005,-13.96671933,-0.5915708226338183,-55.15689684052249
-12.2581595469586,158.6169137,146.1852343,17.52053677,-34.40625404,-35.49029889,-14.68340006,-0.5901789972554453,-35.3765620648705
-12.1541594117726,158.4463769,146.18686605,17.3585592,-34.72974411,-35.43834845,-15.3466028,-0.5901505178453758,-38.10974941882539
-11.963782061743,158.36956783,146.1995261,17.28105786,-35.05525319,-35.46712474,-15.94177363,-0.5899295582894084,-55.2397092228718
-11.6858371741769,158.19636339,146.04989074,17.33732202,-35.38042947,-35.55108582,-16.37389347,-0.5925411879988157,-26.415870642869653
-11.3211213289308,158.06377238,145.89731768,17.3965039,-35.69349039,-35.66470124,-16.7966545,-0.5952040902456587,-18.565021874897834
-10.8724815105763,158.0001893,145.76156364,17.51080628,-35.96198287,-35.7219461,-17.29354907,-0.5975734452165427,-27.26868912994118
-10.3448056128934,157.86825165,145.48873952,17.73855002,-36.26969994,-35.94490989,-17.52076222,-0.6023351243893987,-16.411130243637604
-9.74493972318287,157.82993489,145.31699846,17.89745598,-36.52683467,-36.08162183,-17.87602775,-0.6053325713472637,-25.51666479494119
-9.08153461398194,157.72349993,144.98613251,18.1767181,-36.79987561,-36.32343486,-18.05645963,-0.6111072715575026,-21.99798852046908
-8.36482642875454,157.68177199,144.72623356,18.45399004,-37.02661597,-36.48564343,-18.28453184,-0.6156433639574789,-12.639929261012428
-7.60635899806062,157.60884364,144.35748631,18.80459067,-37.26812567,-36.74791336,-18.38307748,-0.6220792175776533,-8.06094801266477
-6.81865751635521,157.58485268,144.0630472,19.11531341,-37.4591473,-36.90820424,-18.55840094,-0.6272181494937953,-8.61306372291093
-6.01486537438997,157.54121496,143.68265428,19.47377922,-37.65676408,-37.1409034,-18.6433638,-0.6338572583990705,-3.726440268631004
-5.20835768672432,157.52659368,143.35051162,19.79890863,-37.80835461,-37.27586764,-18.79003851,-0.6396542414024028,-3.336772823837597
-4.41234636968987,157.509652,142.98647132,20.12012667,-37.94533636,-37.41114069,-18.92841053,-0.6460079432473508,-7.520393363379396
-3.63949238886674,157.49787452,142.61885774,20.41453722,-38.06107531,-37.51938411,-19.08310783,-0.652424010593394,-5.404000131102871
-2.90154088044869,157.48816111,142.24719968,20.67499224,-38.15299737,-37.5884459,-19.26796931,-0.658910667431969,-3.3221504553637704
-2.20899415758954,157.49600513,141.85624122,20.99042082,-38.24131089,-37.68360364,-19.36491209,-0.6657341797974956,3.375245116549186
-1.5708361007316,157.46059361,141.48889352,21.06778341,-38.26520006,-37.58983237,-19.74335874,-0.6721456066621236,-2.5859094903568636
-0.994319132809395,157.45176619,141.11296343,21.19764062,-38.28742531,-37.52052253,-20.05153679,-0.6787068244899422,-8.129637190711358
-0.484821986239144,157.42958286,140.71577119,21.28953061,-38.29747805,-37.42712777,-20.38333208,-0.685639136841314,665.9514561851454
-0.0457829093123377,157.40709485,140.32310625,21.33794579,-38.28307796,-37.27164014,-20.75673307,-0.69249243290146,361.26203842421046
1.37714946306639,186.92039304,143.75826964,47.87042032,17.95211208,-7.09142376,27.75020654,-0.6325375214019897,-1278.637828520557
1.5965441335508,186.13630041,141.60312808,48.59820979,16.92101927,-9.51709666000002,28.23199399,-0.6701518374705567,-962.4030368137237
1.8188896213234,185.35212077,139.47471298,49.42092751,15.8703796,-11.967859,28.8426506,-0.7072996888147212,15.58642028417161
2.04135107164195,184.56237656,137.36898669,50.3405186,14.81000345,-14.41491975,29.56662484,-0.7440515457210258,16.81299753989567
2.26074902932378,183.75842911,135.28045993,51.34930201,13.74843579,-16.83137632,30.38303413,-0.7805032141990355,23.92844833688068
2.4736444796645,182.95279927,133.23117668,52.43922712,12.68394028,-19.22194583,31.29608591,-0.8162699542175054,30.044600398652044
2.67644569735999,182.14391023,131.22330679,53.59961629,11.62087948,-21.57213727,32.28895933,-0.8513138947496617,35.16224435937127
2.86552965646686,181.33444866,129.26550955,54.81652201,10.56266466,-23.87114645,33.34611867,-0.8854839026741197,44.00487822012522
3.03737026131561,180.52863471,127.36761847,56.06368591,9.50850604999999,-26.11762563,34.44961824,-0.9186083508643508,57.62855358737777
3.18866565133044,179.73882203,125.5519718,57.32468106,8.45275469999999,-28.32915043,35.61906902,-0.9502973633087215,41.60087567105286
3.31645729477328,178.98872971,123.84211744,58.60743979,7.42764043,-30.4186873,36.78312212,-0.9801399516203021,33.33537157940158
3.41823446954733,178.13454397,122.07678951,59.84513234,6.40360961000002,-32.44355186,37.85591643,-1.010950736376218,67.84698162824564
3.49201895472923,177.38460673,120.50761402,61.04107683,5.38111536,-34.43179473,38.99887918,-1.0383380152183133,65.8421603137171
3.53642622018685,176.62049154,118.99034179,62.19840956,4.38006485999998,-36.31359327,40.07206865,-1.06481941128089,57.12346926447953
3.55070098538283,175.86125207,117.55035839,63.3055198,3.40884069000001,-38.06767592,41.05022921,-1.0899518627849527,72.14303453287441
3.534726605375,175.14152968,116.23118744,64.33144955,2.44036836999999,-39.77300438,42.01028172,-1.112975739259114,73.08449480199153
3.48900922782985,174.44109583,115.0064519,65.28094686,1.48603448,-41.39755928,42.91081481,-1.1343514068983047,66.89195316951447
3.41463896331838,173.77268112,113.8907764,66.14142706,0.538007479999976,-42.96567218,43.77011521,-1.1538236177571388,63.45022497110886
3.31323138026106,173.1039445,112.84580807,66.94022549,-0.373094689999988,-44.39078223,44.50363164,-1.1720617556947053,68.56163985172748
3.18685341717559,172.47319993,111.91390837,67.6442931,-1.27815444000001,-45.7621534,45.18974829,-1.1883264737580528,69.26009967442414
3.03793815518542,171.86877216,111.0779935,68.25953668,-2.17699506,-47.08144323,45.82759728,-1.202915940505933,62.92101147130413
2.86919287811207,171.28471597,110.33387148,68.8047192,-3.03477937,-48.2526495,46.32724046,-1.2159033197915243,58.87213035001837
2.68350477233159,170.72078016,109.67068977,69.26999069,-3.90129143999999,-49.41720387,46.83425795,-1.2274780241700305,59.769069015251915
2.48384847775276,170.17425264,109.09114705,69.66163126,-4.73850300000001,-50.46853788,47.23565857,-1.237592952789994,61.05369592189991
2.27319924724572,169.65771514,108.60583758,69.97601087,-5.55868249,-51.4436752,47.5652136,-1.2460632009326027,59.09405245506649
2.05445472894363,169.15967277,108.19823453,70.21683963,-6.36149042000002,-52.34229762,47.82457904,-1.2531772161962738,52.39793795482672
1.83036754302573,168.68709573,107.87956937,70.40152176,-7.14039989,-53.15297961,48.03897419,-1.2587389724496683,45.360719796239124
1.60348998184911,168.21718224,107.60554008,70.49544691,-7.91851962999999,-53.92489331,48.14972738,-1.2635216858070708,49.82666828624582
1.37613136354465,167.771698,107.41319894,70.53962108,-8.6706595,-54.60388948,48.20247151,-1.26687867198711,51.055268378570325
1.15032784908186,167.34769883,107.29833141,70.51930581,-9.39376267,-55.17356412,48.14922895,-1.2688834885892433,43.27372663520013
0.927823939364037,166.93361128,107.23935365,70.43579004,-10.1144224,-55.71770149,48.07562549,-1.2699128446866945,41.92494142525316
0.710064491178161,166.53023859,107.23906293,70.28421953,-10.82305358,-56.20915205,47.95281569,-1.2699179187078957,42.557281194564034
0.498195909409822,166.14739512,107.30572058,70.08488476,-11.51373286,-56.62599567,47.76696847,-1.2687545232437538,41.122578661521025
0.293074980304228,165.76834431,107.42362971,69.8235822,-12.18299963,-56.96762203,47.50489147,-1.2666966207070918,39.67524518068366
0.0952835741000165,165.41368053,107.60770253,69.4887204,-12.84928642,-57.27245653,47.177528,-1.263483943934661,39.4045114524455
-0.0948526259672019,165.05851049,107.8355189,69.09501797,-13.49526907,-57.50900313,46.78402115,-1.2595077981882195,40.23215531038904
-0.277243089302904,164.7275076,108.1354557,68.64798245,-14.12612144,-57.68177874,46.34304829,-1.2542729134803237,38.70165689069393
-0.452010628164151,164.39879033,108.47792136,68.13037955,-14.7431546,-57.80186311,45.82555972,-1.2482957601383082,38.093626067199345
-0.619470113659545,164.08831678,108.88495303,67.55784431,-15.3426422,-57.85740496,45.26266732,-1.241191717336917,38.38671222716305
-0.780108746267923,163.78424034,109.33858422,66.91228523,-15.9287849,-57.86143929,44.61811069,-1.233274359481677,40.846825366351865
-0.934568602489752,163.4974428,109.85439002,66.2069745,-16.49817803,-57.80536964,43.92416392,-1.2242718499707939,34.36409307513877
-1.0836318431097,163.22601815,110.43328215,65.43282438,-17.04597313,-57.67573853,43.16484503,-1.2141682762884107,36.346919750425144
-1.2282086081153,162.92793581,111.02071876,64.58388964,-17.58365448,-57.50953226,42.35288155,-1.203915573297157,41.14719303996317
-1.36932724254405,162.71060787,111.73623259,63.68913342,-18.09724099,-57.26514167,41.45171527,-1.1914275011201019,40.146962298939215
-1.5081260993893,162.4290323,112.42280355,62.71526875,-18.60089226,-56.98331551,40.53451751,-1.1794445773195237,44.0139696401931
-1.64584575533176,162.24992684,113.26920818,61.67269065,-19.062957,-56.57695507,39.46833756,-1.164672029721899,27.980540863987713
-1.78382006476634,162.01191275,114.07706981,60.58846035,-19.52003583,-56.15703232,38.40811167,-1.1505721843778711,39.587631397564046
-1.92346408914853,161.80233167,114.96250046,59.43159068,-19.95437734,-55.66631026,37.29284114,-1.1351185042372975,57.356729028350536
-2.06625660323037,161.65709062,115.95815649,58.23388994,-20.36216192,-55.10002362,36.07310794,-1.1177410282964622,27.65057415159866
-2.21371463687484,161.50538427,116.98442259,56.9750836,-20.74332969,-54.45356511,34.80600726,-1.099829305849861,29.760872694137852
-2.36735740533052,161.32559059,117.99766929,55.6861822,-21.12472284,-53.80819476,33.56773179,-1.0821448147998933,52.70566742721749
-2.52865705676507,161.2450632,119.17686196,54.33204655,-21.45529498,-53.01528065,32.16320802,-1.0615640201930105,34.24929578891289
-2.69897396699579,161.13534509,120.33916332,52.96342204,-21.77545427,-52.20281637,30.7652938,-1.0412780345606027,24.512206866469377
-2.87947891869046,161.05648625,121.56553534,51.54825201,-22.08135129,-51.34803252,29.34866987,-1.0198738049572689,30.340578569194587
-3.07107832401599,160.98650236,122.82110195,50.114486,-22.36629132,-50.44247239,27.88180857,-0.9979600336346652,29.289949700689277
-3.27436657479304,160.94206677,124.12804743,48.64359354,-22.63546271,-49.49566606,26.38944952,-0.9751495318646077,26.786468620252357
-3.48961283335111,160.91521002,125.47085963,47.14610878,-22.88556362,-48.50290019,24.85621369,-0.9517130377386588,19.209823295072148
-3.71676843785311,160.90442856,126.84403468,45.61842282,-23.12250739,-47.47800369,23.29402775,-0.9277466119099214,16.784763348591802
-3.95548158457879,160.90099615,128.23068149,44.07867047,-23.33463094,-46.39978791,21.68010442,-0.9035450595131451,17.048260941753313
-4.20511589974346,160.92602842,129.65619154,42.5086927,-23.55345511,-45.34786608,20.06050224,-0.8786652156203758,10.056028644626025
-4.46477310282258,160.95786574,131.08818269,40.91360786,-23.75270817,-44.25374643,18.40577874,-0.8536722551934561,2.5494513076084857
-4.73332025601756,161.0033804,132.5259652,39.31194735,-23.94134383,-43.14745409,16.71515134,-0.8285782164663676,-1.9310043591380222
-5.00942221425786,161.05662682,133.96029117,37.69948891,-24.12409335,-42.04303624,15.0096233,-0.8035445057430063,-9.742726335932872
-5.29157842848211,161.11883116,135.38467502,36.08548264,-24.30261439,-40.94627482,13.28301642,-0.7786843177482733,-13.359247513601336
-5.57816136491557,161.17796282,136.77657794,34.48103143,-24.47849013,-39.86494449,11.5437468,-0.7543910289261497,-14.748164824383014
-5.8674539830152,161.2556383,138.16684199,32.8835042,-24.65208976,-38.80195707,9.8337257,-0.7301263437815391,-28.192622802712908
-6.1576851027004,161.32804433,139.50836395,31.31413041,-24.82608534,-37.76682293,8.11141629,-0.7067123685917315,-33.376559604412215
-6.44706224836143,161.38633008,140.78747713,29.78376353,-24.99916035,-36.75841395,6.38742883,-0.6843876320950761,-34.05802341086677
-6.73379246067571,161.46877341,142.04891636,28.29426871,-25.17976635,-35.80282631,4.71690584,-0.6623713642177544,-37.359355578908634
-7.01605567956564,161.50623546,143.21297417,26.85557419,-25.35613404,-34.87357293,3.08014017,-0.6420547227496999,-37.478325947367615
-7.29189624364693,161.6132559,144.37541543,25.51072306,-25.55597537,-34.04155556,1.50670868,-0.6217662954016683,-54.6526188597396
-7.55906119264345,161.67412774,145.42373622,24.23962938,-25.75173909,-33.23946858,-0.0386069000000013,-0.6034696459990604,-62.64562818593555
-7.81486412607411,161.72293554,146.38877806,23.06347999,-25.95676756,-32.5076985,-1.49893035,-0.5866264884715561,-68.01362042923475
-8.05612709950734,161.76751698,147.27556526,21.98093635,-26.15960052,-31.8130888,-2.94503456,-0.5711491320670145,-63.53962597138496
-8.27920645250045,161.76092108,148.01245135,21.02883423,-26.38870991,-31.23948022,-4.22241315,-0.5582880435843673,-47.1716228135588
-8.48009054370799,161.81553202,148.76333906,20.14272527,-26.61024981,-30.69409558,-5.49702758,-0.545182580732107,-68.62218706880641
-8.65455371866997,161.82668566,149.36585115,19.39374768,-26.85424185,-30.26214472,-6.63312255,-0.5346667609785345,-76.8043691419773
-8.79834840051359,161.80894706,149.85793669,18.75254951,-27.11141464,-29.92156029,-7.63621517,-0.5260782481040802,-59.79355947531406
-8.90741607418223,161.79936763,150.27919433,18.21468822,-27.36548433,-29.62286201,-8.60951675,-0.5187259152868994,-61.47421729720159
-8.97809813743827,161.77579452,150.60994246,17.78231279,-27.63098702,-29.40873624,-9.48852077,-0.5129532714235848,-70.52305133709913
-9.00732902443345,161.73746457,150.84031619,17.4453832,-27.90862901,-29.28334203,-10.27590472,-0.5089324913249844,-64.444369749036
-8.99279648151633,161.68621893,150.95788091,17.25955584,-28.2012863,-29.25958337,-10.91431762,-0.5068805998767993,-53.651377573070704
-8.93305712154644,161.63404912,151.03219901,17.0936807,-28.49030229,-29.27214196,-11.54695016,-0.505583504337973,-55.95172152719763
-8.82759909024057,161.56194874,150.99841961,17.04922907,-28.78822693,-29.36918055,-12.05089748,-0.5061730660873209,-54.82575203088036
-8.67684753403453,161.50254408,150.90350208,17.10452266,-29.10086096,-29.55716561,-12.46476163,-0.5078296895036815,-59.941676842290015
-8.48211228720655,161.43512227,150.72482989,17.2589233,-29.42566408,-29.8298922,-12.77829009,-0.5109481075009306,-40.718999197264516
-8.2454805863314,161.33182356,150.43136464,17.52563243,-29.75919387,-30.17555658,-12.99033426,-0.5160700423536189,-11.585624729102406
-7.96966055554788,161.30575781,150.21793749,17.73725402,-30.07586026,-30.52913692,-13.20281138,-0.5197950488342666,-34.65367810462694
-7.65778367066203,161.24107725,149.89284646,18.05618746,-30.39695264,-30.93459224,-13.34699487,-0.5254689576764665,-37.53009066765345
-7.31317646757975,161.16897194,149.51249414,18.41997621,-30.71138024,-31.36965931,-13.45914329,-0.5321073579780654,-15.803542733775489
-6.93911351936109,161.12230354,149.1392967,18.80935262,-31.02198218,-31.83179364,-13.51992234,-0.5386208820660795,-15.339997247078019
-6.5385652891623,161.0640803,148.71650316,19.24772011,-31.33236154,-32.32599659,-13.53202888,-0.5460000213952417,-7.567972784121579
-6.11395598523821,161.023397,148.29785523,19.69135166,-31.61961977,-32.79337613,-13.5485271,-0.5533068061804003,1.4092224712869417
-5.66694807262506,160.99167944,147.87715089,20.14535553,-31.8906305,-33.24537563,-13.55728966,-0.5606494820908302,6.017890024889727
-5.19827164988136,160.97144088,147.46448801,20.59379294,-32.13888226,-33.66321697,-13.57655881,-0.5678518080475924,10.716148819652771
-4.70761843300961,160.96483518,147.07227859,21.00494099,-32.3585241,-34.03244728,-13.6566333,-0.5746971537839297,11.961823468054078
-4.19362150099481,160.96613142,146.6925198,21.41048509,-32.56501899,-34.37871583,-13.73124964,-0.5813251950328192,15.92781017651368
-3.65394309272603,160.97954486,146.33594249,21.77638818,-32.73979174,-34.66166269,-13.86124306,-0.5875486431302238,18.979994848511428
-3.0854933924551,161.00675512,146.01181122,22.10169649,-32.8863232,-34.88366256,-14.01863713,-0.5932058010003947,18.85166776993796
-2.4848031346255,161.04068972,145.70835375,22.38310745,-33.00668928,-35.05033115,-14.2271801,-0.5985021329916668,17.669517870320117
-1.84857168396297,161.08577186,145.43911474,22.58967933,-33.09810233,-35.14965166,-14.52330505,-0.6032012401909763,14.812927011597088
-1.17440964765123,161.13482321,145.18200389,22.76518789,-33.16851021,-35.20512197,-14.83576821,-0.6076886710660777,12.88129084326739
-0.46179066239798,161.19005267,144.95129008,22.86667906,-33.2141294,-35.2032833,-15.22182733,-0.6117153866803983,1.7898805264826567
0.286779656196285,161.2496408,144.72945839,22.92572235,-33.24259587,-35.16491804,-15.64158877,-0.6155870800561619,6.432388268947653
1.06437897391366,161.29575236,144.47372068,23.01385165,-33.26275584,-35.11711109,-16.03358335,-0.620050545117172,18.935934011548028
1.85897071156665,161.38036256,144.31376776,22.92305873,-33.25580056,-34.99589533,-16.54386348,-0.6228422502193514,-1.0280617612790088
2.65565766616428,161.44660728,144.10464619,22.88847919,-33.24730659,-34.8800767,-17.0089171,-0.6264921101527908,-10.331883168900324
3.44284545760052,161.51435055,143.89218677,22.84357732,-33.23164433,-34.75236092,-17.45343622,-0.6302002265586687,-3.4348289118746322
4.21971629232439,161.58492643,143.67637437,22.7957429,-33.20946467,-34.61590811,-17.87828387,-0.6339668635052997,-4.505241087445766
4.99947477183067,161.65568573,143.45092566,22.77296704,-33.18403501,-34.47532226,-18.24582324,-0.6379016857891735,-2.6825396443874716
5.80439529883543,161.73158202,143.22228942,22.78148047,-33.15276163,-34.32555626,-18.55569897,-0.6418921409665532,-0.37474487968758297
6.65647915463391,161.81558765,142.99429473,22.81825844,-33.10806384,-34.15045969,-18.81868623,-0.645871398984117,0.3204511773091667
7.57023487325447,161.90553531,142.76605734,22.92171194,-33.06788191,-33.98410554,-18.9641662,-0.6498548929157755,6.977583748705163
8.54867910926154,162.00255272,142.53949985,23.04836125,-33.0069094,-33.76583834,-19.10564092,-0.6538090670613297,19.639818317561673
9.58273055644361,162.12370707,142.34980387,23.22279928,-32.93256554,-33.51630876,-19.1359085,-0.6571198864901272,22.60384291838724
10.6545241410061,162.26889941,142.19723284,23.43962566,-32.8437528,-33.24024698,-19.05147195,-0.6597827533067862,21.92113120152883
11.741625682378,162.42692872,142.06306088,23.69637661,-32.7280064,-32.88587179,-18.9533182,-0.6621244957726402,28.040355042782128
12.8200663190851,162.61088385,141.98056466,23.95606525,-32.57735467,-32.44715587,-18.81479575,-0.6635643264320897,32.35557340792505
13.8666388575531,162.81322618,141.93697729,24.2400989,-32.39680418,-31.93048815,-18.63014085,-0.664325069550875,34.83233873351366
14.8599739085079,163.04039905,141.94928026,24.52870304,-32.17585679,-31.30721407,-18.42379845,-0.6641103422166008,27.47800472180595
15.7806637233896,163.28621614,142.0104683,24.81942797,-31.91251479,-30.57531346,-18.19810487,-0.6630424094557584,36.10800162910932
16.6116289448959,163.52308716,142.07543323,25.13472318,-31.60845225,-29.73251817,-17.97219724,-0.6619085575289313,46.03207465565862
17.3386572336251,163.83645015,142.29084292,25.38075001,-31.24784706,-28.76059252,-17.71056763,-0.6581489491977309,32.54340748736206
17.9509519356796,164.10951864,142.46533056,25.65398153,-30.84235603,-27.66111272,-17.49018507,-0.6551035653756959,33.998422162220265
18.4418398238758,164.43799119,142.75767753,25.87980946,-30.3804392,-26.4323269,-17.2354078,-0.6500011481909672,41.140667253873886
