knee_moment,thigh,shank,foot,thigh_,shank_,foot_
12.6289286303414,207.03138094,180.67088217,40.31137024,39.09064764,29.38582191,22.37934841
12.1901773014167,206.73848135,179.30487936,40.12093502,38.62773716,28.21663326,21.87275828
11.6663123212345,206.34310337,177.77296729,39.95938667,38.08680128,26.86650869,21.36153152
11.0843754736199,205.97072076,176.22285605,39.79795593,37.51048637,25.43684701,20.75353074
10.4786362704749,205.4928516,174.49890469,39.70140046,36.85686889,23.83229744,20.15875053
9.88529541253447,204.99541805,172.72737941,39.58980357,36.1591343,22.13570182,19.51873647
9.33503636614952,204.50101433,170.92985087,39.48652859,35.41370496,20.33314374,18.86928402
8.84682379766644,203.8703769,168.93628567,39.48027145,34.59635785,18.390254,18.24934066
8.42513667165857,203.25103524,166.93483524,39.49852322,33.72973256,16.3381527,17.66804748
8.06138071906249,202.609871,164.88133494,39.59246975,32.79375456,14.12473213,17.20364225
7.73868994481083,201.90477885,162.73869994,39.75030829,31.8146589,11.84455074,16.77348689
7.4379345512873,201.15751213,160.53885074,39.96583883,30.79773947,9.50689461999997,16.37790069
7.14261767375942,200.39077363,158.30208288,40.28473076,29.71850356,7.03035874,16.15009392
6.84164158941769,199.58264592,156.01909836,40.68399521,28.59939468,4.48967156999998,16.02522173
6.53041074517491,198.752728,153.70265581,41.20978913,27.42980368,1.85315517999999,16.06092107
6.21111454135537,197.88445341,151.35227307,41.82843663,26.22555706,-0.833467259999992,16.2174878
5.89277901394631,196.99091137,148.98682787,42.55225905,24.98955487,-3.56204750000001,16.5090003
5.59015294573528,196.07378066,146.61332418,43.38120508,23.72666562,-6.31900636,16.93310421
5.31948419289729,195.1367914,144.24251456,44.31473416,22.44177813,-9.09014036000002,17.4901263
5.09282229537021,194.18619663,141.88801209,45.34790722,21.14050739,-11.86117341,18.17190357
4.91525424744436,193.2245258,139.55790626,46.47680376,19.82542217,-14.62405342,18.97883352
4.78568775154331,192.25746541,137.26563972,47.69476982,18.50342493,-17.36007928,19.89667847
4.69861985738508,191.29029275,135.02190449,48.98819406,17.17648047,-20.06370681,20.91640885
4.64567478762115,190.3267851,132.83655337,50.35009422,15.84793003,-22.72601936,22.03246485
4.61689465272453,189.37147824,130.7194637,51.76739198,14.52233574,-25.33433966,23.2285592
4.60178184036373,188.42807038,128.67842843,53.22556568,13.20127503,-27.88317921,24.48682053
4.59010427448163,187.49840167,126.71916551,54.71257307,11.88523654,-30.37202389,25.80166019
4.57248467077593,186.65346365,124.91634005,56.21179409,10.56636632,-32.82772473,27.19100588
4.540799689778,185.69105908,123.06873168,57.71782103,9.28344372000001,-35.12957791,28.52266985
4.48841460330992,184.82826051,121.39846979,59.20682052,8.0008943,-37.38715603,29.89076015
4.41027940389356,184.00163326,119.84055325,60.66613918,6.72298584000001,-39.58482457,31.26654037
4.30291460510329,183.15458722,118.34007928,62.10519387,5.47416529,-41.66041557,32.60094044
4.16431537971442,182.3727528,116.98693717,63.48254723,4.22212041,-43.69349441,33.92042457
3.99380022537983,181.56691064,115.67929676,64.83685912,3.00433615,-45.59801394,35.20441133
3.79182673057619,180.81797474,114.51656979,66.10009178,1.78764770000001,-47.44528472,36.42297135
3.55979310944888,180.06719488,113.42221475,67.31892069,0.605712839999995,-49.15803792,37.56696935
3.29984025599347,179.34208303,112.43065683,68.45568776,-0.580661679999992,-50.84182574,38.69158912
3.01466534235016,178.63266473,111.52703602,69.52442683,-1.74840625000002,-52.43295604,39.74706947
2.70735459364711,177.94022892,110.71137748,70.50923113,-2.89844755999999,-53.93789607,40.72898751
2.38123989520586,177.26723621,109.98772833,71.40317051,-4.03375852000002,-55.35924404,41.62178826
2.03978136368111,176.61202722,109.35020595,72.20970957,-5.15312026000001,-56.69931163,42.43413362
1.68647594661668,175.97315049,108.79699896,72.9166732,-6.26003009999999,-57.96708532,43.15608782
1.32479048970431,175.35925681,108.32890079,73.54839608,-7.34977061000001,-59.15673476,43.8150459
0.958116501495628,174.74818734,107.93573405,74.0446843,-8.43026053000003,-60.27823438,44.33608257
0.589743019842238,174.16193249,107.62520573,74.46916213,-9.49491105000001,-61.32946696,44.80366706
0.222843507326204,173.60528973,107.39965217,74.80932325,-10.54458546,-62.31293739,45.20385564
-0.139527466900248,173.05047643,107.23859481,75.02703938,-11.58276372,-63.22778328,45.46919563
-0.494431912097746,172.5179555,107.15387618,75.16306251,-12.60536784,-64.07645362,45.66646907
-0.839044324469454,172.01155395,107.14722319,75.21286779,-13.61351171,-64.86199974,45.78815214
-1.17064922345829,171.51702459,107.20363716,75.16973406,-14.60718173,-65.58330049,45.81595593
-1.4866431588042,171.0468915,107.33312034,75.04212226,-15.58647621,-66.2443699,45.76653671
-1.78454340560716,170.59390994,107.52747654,74.82969097,-16.54912991,-66.84005864,45.63184306
-2.06200491664552,170.13661994,107.76297529,74.55026611,-17.48985094,-67.35792247,45.42417329
-2.31684646889594,169.7355804,108.09564282,74.16125895,-18.43022438,-67.85724315,45.11617837
-2.54708635458421,169.31975604,108.45730411,73.7303321,-19.33851739,-68.25576199,44.75354275
-2.75098744730702,168.95326878,108.90553486,73.19023978,-20.24536227,-68.63391561,44.28393064
-2.92711038794486,168.57614333,109.38377696,72.61186101,-21.12053946,-68.91540208,43.75955846
-3.07437167941755,168.2372442,109.93273381,71.93478069,-21.9917024,-69.17189532,43.13446585
-3.19210297352604,167.90364446,110.52308182,71.20580875,-22.83767909,-69.35087913,42.44188889
-3.28010971653022,167.58661069,111.16293431,70.41241713,-23.66552995,-69.47104432,41.6742016
-3.33872843453692,167.27616578,111.84352015,69.56286567,-24.46833332,-69.51672258,40.83441522
-3.36888121996145,166.98733723,112.572249,68.63780021,-25.25799586,-69.51790419,39.90539611
-3.37212530346983,166.71844918,113.34507871,67.64685164,-26.03335056,-69.47216377,38.89652607
-3.3506954161089,166.44085741,114.14197463,66.600385,-26.77824218,-69.34203125,37.81274016
-3.30753651219979,166.19881372,114.99555269,65.48800458,-27.51334097,-69.17892623,36.65536308
-3.24632425544837,165.94950846,115.86684088,64.31514641,-28.22307859,-68.94575549,35.41132237
-3.17147047062182,165.71130461,116.77669574,63.07084415,-28.9066376,-68.63881835,34.0833446
-3.08811054107903,165.48058103,117.71343865,61.76188692,-29.5740685,-68.28804772,32.68051035
-3.00206950920265,165.27621563,118.69646137,60.40585306,-30.23230129,-67.91215857,31.22186496
-2.91980344748273,165.07303171,119.69968281,58.97162575,-30.87202438,-67.48656429,29.68542809
-2.84831256405454,164.87969705,120.73332959,57.48702502,-31.48699749,-66.9963976,28.0748246
-2.79502255574757,164.69306107,121.79033431,55.95666796,-32.08301205,-66.45824032,26.39686411
-2.76763100723051,164.5218017,122.87883788,54.37276068,-32.66207472,-65.87681379,24.65926157
-2.7739162508516,164.36537852,123.99947212,52.74304001,-33.22280443,-65.25051078,22.86363121
-2.82151347544204,164.21286579,125.13960634,51.08504616,-33.75322122,-64.54951643,21.02298641
-2.91767977715893,164.09408651,126.32316198,49.38925057,-34.29174617,-63.87393237,19.15115392
-3.06907178863471,163.96888993,127.51078048,47.6895396,-34.80139145,-63.13247729,17.25151805
-3.28153625935605,163.86977425,128.73740925,45.97132018,-35.29570233,-62.35532307,15.33477508
-3.55990042523629,163.76366481,129.96525724,44.25949741,-35.76556264,-61.52568594,13.41881354
-3.90775876279689,163.68564534,131.22677574,42.54868355,-36.22908452,-60.68936974,11.49681339
-4.32726336856449,163.63872474,132.51972782,40.85463696,-36.68960357,-59.85652756,9.59449206
-4.81892871092664,163.57051546,133.7984676,39.18278296,-37.12128112,-58.96337672,7.71393934
-5.38146321356211,163.53201809,135.101625,37.54370082,-37.54799697,-58.07398142,5.86560171
-6.01164076250799,163.5216466,136.41711401,35.95222254,-37.97540126,-57.20466668,4.07161003
-6.70422363658423,163.47897541,137.70629815,34.39476394,-38.3725267,-56.27776185,2.30895184
-7.45194594218945,163.47009153,139.00597576,32.89963118,-38.77119718,-55.37976116,0.613371380000004
-8.24556505025321,163.47428219,140.26161139,31.50427873,-39.18643521,-54.55295304,-0.969702469999994
-9.07398665024208,163.45893464,141.49196953,30.15161014,-39.57631436,-53.69063915,-2.51332617
-9.92446565669507,163.43975277,142.68208217,28.87789061,-39.96339338,-52.8561641,-3.96893306
-10.782872367648,163.42585607,143.83686902,27.67134786,-40.34404504,-52.04271699,-5.36603377
-11.6339850333293,163.41005999,144.94050306,26.55138322,-40.72095023,-51.26289381,-6.67561187
-12.4617671600344,163.34856203,145.93102616,25.54180087,-41.08932346,-50.51080682,-7.89134519
-13.2496438244088,163.35878661,146.94705947,24.59290698,-41.46639031,-49.83573648,-9.00348594
-13.9808355459753,163.32016424,147.82923363,23.77145144,-41.83635445,-49.20576714,-10.00462006
-14.6387807166735,163.27421294,148.62396635,23.05526255,-42.20403512,-48.63708078,-10.89909541
-15.2076312290888,163.23757824,149.35336643,22.42888307,-42.55663996,-48.09833401,-11.72271617
-15.6727880741767,163.16022122,149.93073364,21.94893744,-42.91715775,-47.66745756,-12.39030436
-16.0214409425679,163.12473383,150.47494216,21.54037681,-43.25383835,-47.24927764,-13.00089033
-16.2430757421605,163.03408612,150.83988838,21.28674009,-43.58389573,-46.90820952,-13.50547551
-16.3299164060528,162.97700809,151.15095888,21.11007121,-43.90727704,-46.64229287,-13.892893
-16.2772721586293,162.94320838,151.38103012,21.04788384,-44.23697203,-46.4962981,-14.10169996
-16.0837680869928,162.91344375,151.53880931,21.01833714,-44.53438565,-46.35773765,-14.32968953
-15.7514448288955,162.82876073,151.48683161,21.1747487,-44.85888621,-46.40170394,-14.29053012
-15.2857217445637,162.81746896,151.41210127,21.41514213,-45.13423751,-46.40941097,-14.26478105
-14.6952263876804,162.74864673,151.195479,21.69650409,-45.41634156,-46.53451793,-14.11334503
-13.9915008081667,162.77455474,151.02198734,21.97677733,-45.62711362,-46.54092348,-14.07664261
-13.1886017209565,162.72678569,150.64599033,22.38335702,-45.87775861,-46.76739445,-13.77777787
-12.3026165265648,162.77509494,150.37502836,22.68005417,-46.05069703,-46.83521818,-13.65576206
-11.3511203830883,162.75954635,149.89970635,23.13296441,-46.25503341,-47.09426306,-13.28958624
-10.352600964245,162.83362548,149.57929258,23.36766809,-46.3549876,-47.08648857,-13.25588665
-9.32587729233262,162.86793826,149.13532294,23.6674384,-46.44912742,-47.1354156,-13.11716938
0.499688736432992,204.8761892,170.21647483,42.06686123,36.37879177,22.74883732,18.68861506
0.902903876877113,204.27362573,168.25179523,41.91526457,35.52893187,20.79079828,17.65911415
1.28516500968832,203.6161761,166.18863654,41.82144031,34.59159053,18.62419785,16.78334736
1.65477129813334,202.88382118,164.02064415,41.7614873,33.60067965,16.3629613,15.94582183
2.0180692800967,202.09953553,161.75562002,41.81901425,32.52535502,13.90101265,15.32240595
2.3793177052361,201.26245104,159.41939651,41.93302206,31.38526782,11.30469873,14.83090878
2.74069438581323,200.37471722,157.00090861,42.18178778,30.1826027,8.57903088,14.52388616
3.10240349906394,199.4416125,154.53535692,42.49273378,28.93565204,5.78010175999998,14.34036112
3.46287505188582,198.47126472,152.02500397,42.92510194,27.6400306,2.89162106000001,14.32455808
3.81904990781842,197.47058863,149.48680933,43.47225482,26.31004805,-0.0446156900000005,14.46870182
4.16672655111523,196.44604775,146.93676679,44.14098975,24.94928172,-3.02006233000003,14.77475198
4.50093990298358,195.40017152,144.38191116,44.93645661,23.56538379,-6.01503241999998,15.24283206
4.81634510703859,194.3495297,141.84558696,45.87283631,22.16096662,-9.02119927000001,15.88474518
5.10758276086964,193.29100195,139.33138104,46.94291359,20.7436954,-12.01931878,16.69026975
5.36960635494837,192.23193444,136.85320949,48.14803415,19.31930097,-14.99386363,17.65027139
5.59795742558701,191.17596865,134.42024599,49.48417048,17.89122213,-17.93424964,18.75685999
5.78897885909457,190.12952959,132.04523487,50.93744532,16.45990836,-20.83717327,20.00511973
5.93996162938161,189.08692928,129.72845108,52.49290631,15.03149914,-23.6841739,21.3668886
6.04922535776259,188.05732903,127.4848444,54.12779737,13.60587338,-26.47274625,22.82270875
6.11613884049858,187.10388027,125.38306777,55.81052682,12.17301083,-29.23529818,24.39720299
6.14108983359302,186.03709849,123.23699318,57.53797056,10.77191415,-31.84114434,25.91261832
6.12541081402753,185.09762595,121.29402014,59.25786228,9.35398891,-34.44603889,27.52076777
6.07126508228618,184.07638057,119.34538787,60.98307327,7.97677389,-36.8705668,29.05018315
5.98150102869552,183.11952724,117.54249829,62.66431524,6.59765315999999,-39.24299569,30.57383421
5.85948658764217,182.20503602,115.86348073,64.2901871,5.21733781999998,-41.55782788,32.07404033
5.70893624603816,181.2719745,114.2504055,65.86356442,3.8608314,-43.74531142,33.5000943
5.53374122613807,180.34178947,112.732028,67.36156884,2.53409916000001,-45.79350361,34.83571679
5.33781131527228,179.46680486,111.3498258,68.77353876,1.19786911,-47.80137285,36.11436557
5.12493450165316,178.64773698,110.12497811,70.10004561,-0.105010680000021,-49.67262876,37.31128298
4.89865831149618,177.72831982,108.85830521,71.33680365,-1.41427776,-51.48379421,38.42243733
4.66219470211439,176.86996109,107.75152175,72.47269201,-2.68988060000001,-53.1592874,39.43121307
4.41834866582568,176.05800466,106.78061987,73.49389481,-3.96060701000002,-54.76001948,40.33600972
4.16946940002438,175.24294697,105.88622901,74.4177918,-5.21458425,-56.26610901,41.15967963
3.91742200799167,174.43647058,105.07919041,75.24355332,-6.44909686,-57.67135238,41.88968573
3.66357717817443,173.66688137,104.39885364,75.9322344,-7.67248789999999,-58.99187499,42.49340564
3.40881608081314,172.92259637,103.82702323,76.52262878,-8.87009461,-60.20081081,43.00547889
3.15354774075743,172.16491605,103.30790505,76.98389237,-10.06878981,-61.36383025,43.41430788
2.89773631746255,171.45342124,102.92078402,77.34186714,-11.2370924,-62.40630149,43.72103551
2.64093598035264,170.74808986,102.61039303,77.58134199,-12.39626264,-63.38310568,43.92567322
2.3823313538276,170.0779092,102.42197723,77.67286101,-13.53515933,-64.25981279,43.98522011
2.12078177805191,169.43465233,102.32870524,77.66559983,-14.65706509,-65.06003767,43.96395716
1.85486786132894,168.82041471,102.34024376,77.53485498,-15.76053696,-65.77475915,43.82813887
1.58293897388051,168.23084042,102.44840723,77.28383421,-16.84571384,-66.40630398,43.58072683
1.30316044811355,167.68262795,102.6706621,76.92001549,-17.91087963,-66.95575341,43.23250783
1.01355930944231,167.14121151,102.96627426,76.45268047,-18.95347903,-67.41514516,42.78544916
0.712067371077231,166.64301728,103.37526299,75.86997981,-19.9770875,-67.798364,42.23755046
0.396560498370666,166.20144983,103.90419372,75.15882642,-20.97932174,-68.09693358,41.53881371
0.0648928020316339,165.76280177,104.50888362,74.34038641,-21.95731487,-68.31318619,40.7736821
-0.285075522582381,165.35880059,105.20695675,73.43547063,-22.91510938,-68.45806935,39.93838662
-0.655456296002576,164.99928781,106.01077438,72.40836912,-23.85204877,-68.52892565,38.97926339
-1.048312450929,164.66520919,106.89901543,71.28558463,-24.76258944,-68.51483509,37.92785081
-1.46563170369391,164.3738289,107.88172735,70.06982805,-25.65153643,-68.42767974,36.76186002
-1.90929316869329,164.10775484,108.95090794,68.76456063,-26.50798701,-68.24684481,35.52600992
-2.38102864308271,163.87877989,110.10987329,67.37235187,-27.33992829,-67.99350751,34.22197989
-2.88237876946168,163.67645388,111.34896863,65.89009618,-28.13800382,-67.64549817,32.79942997
-3.41464247489327,163.51462245,112.67513238,64.33265804,-28.91185099,-67.23198872,31.32324099
-3.97881763915573,163.38621922,114.0788186,62.70412003,-29.6578022,-66.7449373,29.77909346
-4.57553089639935,163.29323982,115.56174326,61.00572438,-30.37086515,-66.17312344,28.16247878
-5.2049546302134,163.23684294,117.11109522,59.26559446,-31.06519483,-65.56007862,26.5075521
-5.86670965601242,163.21337276,118.72727564,57.47343358,-31.72701401,-64.86980514,24.79892432
-6.55975286785963,163.22221098,120.40200296,55.64840912,-32.35898079,-64.11300817,23.04832548
-7.28225031824577,163.27076882,122.13548429,53.79839642,-32.96683547,-63.30899392,21.28695751
-8.03144599339895,163.33233824,123.89919328,51.93929552,-33.53855789,-62.42963426,19.46507323
-8.80356411679946,163.433669,125.70593753,50.08339815,-34.0914896,-61.52391782,17.6649423
-9.59379518714838,163.56415937,127.54041957,48.24074685,-34.61960419,-60.57944175,15.88030546
-10.3963748515946,163.70404295,129.38115609,46.41900282,-35.11689999,-59.5835613,14.06189307
-11.2047172382679,163.86872986,131.22814946,44.63286231,-35.59626357,-58.57427026,12.28715033
-12.0115669964484,164.04507128,133.06035596,42.8969543,-36.05194107,-57.54066984,10.55356754
-12.8091582797134,164.23785222,134.88325893,41.20260086,-36.4874654,-56.49443494,8.82306861000001
-13.5893784363406,164.43508816,136.66950138,39.57312363,-36.90149654,-55.43674953,7.13727442
-14.3439341972703,164.63507123,138.40846,38.0164669,-37.2978263,-54.38208203,5.50445929
-15.06451620914,164.83436331,140.09134947,36.53421568,-37.67684843,-53.33576931,3.9159319
-15.7429567994746,165.03051551,141.70411671,35.14446353,-38.04248964,-52.31255845,2.39093723
-16.3713776288369,165.19184909,143.19849514,33.85803084,-38.39449999,-51.32025793,0.938022659999994
-16.9423258614437,165.38860845,144.66147028,32.64437815,-38.73969042,-50.36994079,-0.455926159999997
-17.448897204073,165.51927798,145.94416931,31.5843335,-39.07475453,-49.47532123,-1.73621804
-17.8848294419075,165.65396952,147.14040304,30.61782984,-39.40610737,-48.64268339,-2.94341317
-18.2445325801098,165.77131787,148.21264162,29.7692241,-39.74217021,-47.90560029,-4.03127067
-18.5230592827992,165.8642236,149.14937717,29.052485,-40.07181683,-47.23631757,-5.01771335
-18.7160799092914,165.91789748,149.92780128,28.46743595,-40.38337379,-46.60529198,-5.93871384
-18.8199102417953,166.00233584,150.64756817,27.96678279,-40.70720639,-46.09833941,-6.70121764
-18.8315812640453,166.00451964,151.13386859,27.66369994,-41.03329045,-45.69912571,-7.31403022
-18.7489177628549,165.98975708,151.5084638,27.44388485,-41.33006542,-45.30841174,-7.89665431
-18.5705950278785,166.02913781,151.88055112,27.25063257,-41.62921905,-45.01855488,-8.35696225
-18.2961478954502,165.9620279,151.96976946,27.27480511,-41.9133723,-44.78215775,-8.71380105999999
-17.9259132634613,165.97668028,152.11111866,27.30977232,-42.19681663,-44.63947437,-8.92902073
-17.4608953980673,165.93779127,152.07559281,27.45150083,-42.45706878,-44.52026232,-9.11338155
-16.9025522906818,165.91741581,152.01653637,27.60888265,-42.68214991,-44.38893571,-9.26568260000001
-16.2525105215154,165.89102641,151.8899763,27.80393199,-42.90944162,-44.35433109,-9.26927069
-15.5122251690438,165.9058001,151.75365361,28.01078342,-43.06094274,-44.18219993,-9.40586564
-14.6826100052624,165.89187702,151.51489631,28.26972264,-43.24230746,-44.17662488,-9.31595615000001
-13.7636713613957,165.90171089,151.30112796,28.43576476,-43.32011205,-43.93675898,-9.48449355
-12.7541865366548,165.92780376,151.03205577,28.67317071,-43.42766638,-43.8656294,-9.38290835
-11.6514743821885,165.95441834,150.78581419,28.76096179,-43.42840383,-43.5286865,-9.6052761
-10.4513116290245,166.00851645,150.50025908,28.91177526,-43.45529363,-43.34843391,-9.55924933
-9.14805347764389,166.04018305,150.22872981,28.88926867,-43.36952115,-42.86656015,-9.8791555
-7.73502065264327,166.12354033,149.94504038,28.91941082,-43.31527822,-42.55083082,-9.91496706000001
-6.20521712609178,166.14899309,149.65622096,28.76419727,-43.12995765,-41.86788438,-10.36742817
-4.55212287468821,166.22007118,149.38164474,28.59383085,-42.93746928,-41.21633408,-10.70998073
-2.7697026342127,166.30266088,149.10216702,28.37215318,-42.71611333,-40.51995518,-11.07511482
-0.851340027684365,166.33382979,148.7668797,28.14832246,-42.43607715,-39.67360974,-11.44691783
1.20978738342076,166.41519995,148.50578139,27.837627,-42.10439657,-38.69978655,-11.88557784
3.41520269340122,166.48225659,148.19835742,27.56611505,-41.74332742,-37.67225505,-12.26731075
5.75284726052523,166.5445005,147.87093765,27.35203996,-41.33312399,-36.54120091,-12.59255114
8.19378648768032,166.62616993,147.58813117,27.11436312,-40.86812236,-35.26684986,-12.89180662
10.6968639724884,166.70140497,147.28699453,26.96517646,-40.3477494,-33.87459632,-13.11937841
13.2191555205604,166.78237903,146.97162776,26.8714158,-39.79349572,-32.41085324,-13.27616125
15.7278250028088,166.88312986,146.70636687,26.81995962,-39.16916278,-30.7804498,-13.36994594
18.2045294212853,167.0098844,146.47302027,26.80654362,-38.49958244,-29.04964248,-13.40324958
20.6384206141192,167.13097562,146.23358396,26.90189368,-37.76664108,-27.1862698800001,-13.36422231
23.0161697081916,167.2823598,146.04701883,27.01730105,-36.98506955,-25.20982416,-13.29541812
25.3187449767767,167.42489732,145.85444193,27.21898615,-36.14122241,-23.11299183,-13.17675909
27.5258287687417,167.58895813,145.70509187,27.46109247,-35.24475272,-20.90343653,-13.048388
29.6217180190133,167.76694908,145.58463921,27.73314397,-34.3030376,-18.60548853,-12.91505533
31.596954851817,167.95369374,145.49159077,28.06793315,-33.30341476,-16.19733384,-12.78960084
33.4459114480403,168.15186315,145.42884385,28.45312031,-32.25149428,-13.69551537,-12.68712326
35.1643721577653,168.35945683,145.38587985,28.87560173,-31.16067287,-11.13227418,-12.60940021
36.7493561000306,168.57571428,145.35295777,29.34472442,-30.03242236,-8.52114818000001,-12.5817129
38.2001064161927,168.79534634,145.36278902,29.82696346,-28.85374483,-5.82581268999999,-12.60087092
39.5184380898395,169.03076365,145.38393067,30.35215509,-27.64972901,-3.11688558999998,-12.68745493
40.7082855537851,169.27877599,145.4301983,30.90059249,-26.41408134,-0.38079189000004,-12.85640784
41.7751663756619,169.53750997,145.50690569,31.45826645,-25.14985763,2.37522516000001,-13.10909275
42.7253782631513,169.81133027,145.60623856,32.0328029,-23.86747627,5.12334745999996,-13.45637758
43.5650064719887,170.10829309,145.74883969,32.60558375,-22.56364299,7.87016814999998,-13.92316661
44.2995050360817,170.40865051,145.88581798,33.20510377,-21.25815124,10.56572952,-14.49648578
44.9333869055121,170.73617457,146.07897441,33.78287244,-19.93632747,13.24738312,-15.20671765
45.469515376561,171.08336078,146.30735793,34.34829102,-18.60875391,15.88779743,-16.03977862
45.9088417493397,171.44801182,146.56987642,34.89721314,-17.27910918,18.47884323,-16.99777745
46.2507721320509,171.82997051,146.86683139,35.42528306,-15.95045919,21.01271096,-18.06743269
46.4932897437717,172.22687439,147.19480758,35.93176483,-14.62616527,23.48101361,-19.23139381
46.6328973995285,172.67878947,147.62431349,36.36597668,-13.29418288,25.91424352,-20.50824341
46.665029295487,173.05546888,147.93718255,36.86745698,-12.00028773,28.20003784,-21.76631102
46.5848532689789,173.48500973,148.34792629,37.29787394,-10.70381084,30.43794244,-23.08594165
46.3883089199255,173.91761331,148.77826582,37.69888632,-9.42051583,32.5921462,-24.41571391
46.0731680531531,174.35306404,149.22886584,38.07008246,-8.15101831000001,34.66066012,-25.73239153
45.6396627604329,174.78687131,149.69204201,38.41540106,-6.89857689999999,36.63703122,-27.01286862
45.0906943090573,175.24583559,150.21536624,38.70686559,-5.65441326999999,38.54063519,-28.2463623
44.4319383567107,175.64680442,150.66108798,39.01608607,-4.44151785,40.32418421,-29.41807137
43.6718644929853,176.06969204,151.15126563,39.30137069,-3.24199246000001,42.01699138,-30.47619151
42.8214416351033,176.50885894,151.69471826,39.51046034,-2.05560933999999,43.63792407,-31.49824329
41.893492979688,176.92279379,152.20893147,39.72334837,-0.892730509999978,45.15491653,-32.42812013
40.9019040204862,177.32108322,152.71681635,39.92157174,0.250177629999996,46.57904808,-33.26797813
39.8609547328309,177.73349064,153.25348961,40.09585156,1.37355149000001,47.90457189,-33.99230493
38.7847560706333,178.14444908,153.79900918,40.25205973,2.47723048999998,49.13643652,-34.61740307
37.6866632347184,178.56148629,154.36591054,40.38159933,3.56217705,50.27583816,-35.13579894
36.5788380817568,178.97257601,154.93107849,40.50176375,4.62652758000002,51.32321596,-35.57022866
35.4719080981313,179.38499982,155.50506736,40.60983424,5.66892773999999,52.27175809,-35.89406929
34.3746651250812,179.7995543,156.08480827,40.71143965,6.69083587,53.12603927,-36.1163912
33.294064668753,180.21767997,156.6741213,40.80466367,7.69205578,53.8864082,-36.23031287
32.2354814428917,180.64490173,157.26979616,40.89738221,8.66842749999998,54.54188454,-36.23447863
31.2030314427438,181.05510524,157.86479595,40.9676098,9.6296122,55.12387422,-36.13885559
30.1999040184695,181.50205549,158.49653642,41.05639924,10.56759819,55.60520048,-35.90865894
29.2285680667765,181.94306769,159.11970279,41.14601446,11.48125179,55.9877603,-35.56015075
28.2908440024949,182.37915958,159.74735146,41.21617311,12.37806298,56.29591201,-35.1205594
27.3879181689442,182.82076474,160.38321799,41.27927198,13.25397568,56.51694468,-34.57925379
26.5202931922475,183.20394938,160.98845222,41.28355572,14.12993293,56.71867215,-34.018973
25.6878158937547,183.71762398,161.68257481,41.4017122,14.94728758,56.72309741,-33.19538149
24.8898098002627,184.16404057,162.32842947,41.47590171,15.76110232,56.70206922,-32.33676194
24.1250709329218,184.62198055,163.00730143,41.51620078,16.56345073,56.63464636,-31.40036429
23.3918625293607,185.09651328,163.68291274,41.5921421,17.33225147,56.45085068,-30.37040964
22.6882686290081,185.57421221,164.38745903,41.62719013,18.09345536,56.2378823,-29.25513525
22.0126958365312,186.06916934,165.10167286,41.67831742,18.82686469,55.933831,-28.06437502
21.3640567268544,186.52658394,165.78110175,41.70794965,19.54496444,55.5887885,-26.84552231
20.7415478770944,187.05994079,166.52145381,41.79905138,20.22790772,55.11578415,-25.43050151
20.1442995954099,187.58565589,167.29202008,41.80943704,20.90922086,54.6518722,-24.0465201
19.5711598294514,188.11848837,168.06267074,41.83324394,21.56746335,54.11876608,-22.58545571
19.0206164673019,188.63676933,168.79757213,41.88631834,22.19824665,53.50188521,-21.0224765
18.4908691800743,189.17637902,169.57661992,41.90387034,22.8199688,52.86652069,-19.44270027
17.9800231414634,189.72341603,170.37454825,41.90640633,23.42879844,52.20300036,-17.83624609
17.4861781334408,190.2793725,171.1772955,41.90929349,24.02114299,51.49079273,-16.1579853
17.0073703732763,190.8263181,171.96324154,41.9236593,24.59260408,50.72882762,-14.44419703
16.5415494841384,191.37103713,172.75096649,41.9329713,25.15108678,49.94188042,-12.71833006
16.0865993066042,191.93066036,173.56193522,41.93565998,25.70397123,49.14146913,-10.95171825
15.6402617765954,192.47679302,174.34607472,41.94922082,26.23719591,48.29651476,-9.15877824
15.2000497179311,193.02564075,175.12181365,41.97509943,26.75396059,47.41073204,-7.33445282
14.7632892777595,193.56897009,175.90279984,41.99930196,27.26752352,46.53695729,-5.52831502
14.3271735637358,194.11041888,176.67894118,42.01582203,27.77059262,45.64552781,-3.73306699
13.8887927393615,194.65067031,177.44615446,42.04487492,28.26353066,44.73785749,-1.93766998
13.4452934515501,195.18025043,178.1914266,42.08210092,28.74746712,43.81776812,-0.15657642
12.9941324210248,195.70267842,178.92501183,42.13636751,29.21722081,42.88209958,1.61204026
12.5332633221462,196.22096453,179.64377149,42.19117192,29.67819188,41.93858732,3.34937324000001
12.0612816879736,196.71383437,180.32198541,42.26287712,30.13962769,41.01137385,5.04142385
11.5776287436619,197.20683653,180.99156758,42.3451038,30.58461951,40.0663123,6.71533402000001
11.0828089571261,197.67797744,181.61850153,42.44941536,31.01754805,39.11307666,8.35684587
10.5785094351924,198.14883749,182.23833482,42.55401598,31.44713189,38.17845822,9.94898907
10.067621207377,198.6075619,182.82656647,42.67927683,31.86772776,37.25046326,11.50233792
9.55428961850143,199.04912086,183.37661348,42.81785066,32.27760744,36.32801086,13.01012396
9.04397031840798,199.47618868,183.89533629,42.97094713,32.68320971,35.43475458,14.46530793
8.54329483256334,199.89185165,184.37993624,43.14286153,33.08344358,34.57162091,15.86346356
8.05985813853992,200.29915479,184.83699963,43.32709353,33.47970702,33.74982739,17.1971689
7.60217528312515,200.69094346,185.24922984,43.52919714,33.86839081,32.96459843,18.46138156
7.17964621894444,201.14303706,185.71149638,43.7490204,34.2440389,32.20873719,19.67527993
6.80234955047062,201.45376735,185.99492325,43.96062973,34.64314595,31.58850877,20.73996144
6.48081269812961,201.82350975,186.32298679,44.18682479,35.02815728,31.0077989,21.73838395
6.22589153449456,202.20615451,186.65901936,44.41941478,35.41902786,30.52686362,22.6436945
6.04865841432418,202.53450066,186.8794141,44.66131083,35.78940284,30.0813286,23.43161466
5.96000920343773,202.86894722,187.09761003,44.91512305,36.16333204,29.74068002,24.11937564
5.96996594876098,203.19998798,187.29215017,45.16374895,36.53249945,29.48523315,24.6961161
6.08707087973099,203.52474808,187.4602477,45.40655389,36.89521723,29.31425352,25.15894691
6.31794219800652,203.86682246,187.62044002,45.66257832,37.2334402,29.17885444,25.57070821
6.66672810209117,204.14890134,187.68895802,45.91101403,37.57369888,29.15459171,25.8307428
7.13457052930909,204.43915215,187.75872364,46.13340584,37.89466149,29.18013359,26.02518203
7.71918953497364,204.72053886,187.79963095,46.3406233,38.21384749,29.30247513,26.0780889
8.41417836343156,204.98057534,187.82028255,46.49400525,38.52664809,29.50830379,26.01952852
9.20762086691011,205.24589238,187.81801862,46.6451547,38.81682705,29.74675287,25.92107266
10.0801407536102,205.53214196,187.74612988,46.9108778,39.01685637,29.79079256,26.04313024
11.0042832888452,205.76911074,187.68282716,47.00655389,39.28177289,30.13126649,25.82027739
11.9482714892819,206.01686789,187.56640263,47.20268366,39.43307969,30.19537284,25.96178128
12.8822078173419,206.22449632,187.39075207,47.29958892,39.58999231,30.34585205,25.91896894
13.7811418099511,206.43866793,187.21532088,47.37655247,39.72917271,30.50704383,25.91125666
14.6249649459338,206.62045781,186.96473421,47.45501931,39.83163573,30.61210674,25.95148519
15.3982148086292,206.78390362,186.67869452,47.48398256,39.90962823,30.6859746,26.02797483
16.0894970041791,206.9283059,186.35414687,47.47684816,39.96650172,30.73075919,26.14861028
16.6898687980704,207.03781628,185.95026463,47.48154554,39.99487278,30.73026575,26.28623731
17.1914074193814,207.12239103,185.49111711,47.40372227,39.98093565,30.61517875,26.48860216
17.5865786614811,207.17365174,184.9615227,47.32708794,39.94792376,30.47276848,26.67578352
17.8681233634613,207.19619532,184.37055951,47.21318962,39.88880151,30.2671004,26.86853206
18.0295573986963,207.18119376,183.69399419,47.07703879,39.79669958,29.98655366,27.0141784
18.06595493219,207.12871562,182.93257155,46.91417809,39.67015135,29.62550449,27.10137727
17.9741912299135,207.03971576,182.0839326,46.72978024,39.508889,29.18224512,27.11978883
17.7529040945469,206.90751193,181.13706334,46.53169955,39.30761044,28.64695854,27.05223215
17.4028910772072,206.74882579,180.12373009,46.30061281,39.08178567,28.05496671,26.89128335
16.9282672153279,206.53845664,178.98627914,46.09831879,38.81032061,27.36506414,26.62285998
16.338399369787,206.28261953,177.75683291,45.83448045,38.47295448,26.5002745,26.30831004
15.6492354896836,206.0034056,176.45747735,45.57424763,38.10974346,25.58575058,25.8854424
14.8824792067114,205.66166075,175.02231041,45.35512352,37.68152159,24.52019326,25.39860098
14.0633349076398,205.28745215,173.51861244,45.09931872,37.20202525,23.33308332,24.85251856
13.2182510067321,204.9062391,171.96073542,44.87184019,36.68301994,22.06421982,24.2267927
12.3727226347352,204.3978411,170.21009158,44.67719231,36.07316987,20.57572065,23.63560656
11.5487233060792,203.89099894,168.42375848,44.51360894,35.41740379,18.99043498,23.0093911
10.7621215483588,203.34068229,166.5496417,44.40475711,34.69850025,17.26571233,22.38990909
10.0210970245973,202.74491064,164.60080178,44.31493215,33.91887163,15.41040778,21.78850376
9.32604414866512,202.10637555,162.57921763,44.27310841,33.0784901,13.42960356,21.22903422
8.67161692689056,201.42965242,160.49461978,44.28431247,32.17902614,11.32658445,20.71923015
8.05139054067476,200.69567912,158.33131996,44.34914323,31.22681456,9.12810406000003,20.25136349
7.46191574377416,199.94006734,156.13170352,44.49478017,30.21409634,6.80969230999997,19.88478954
6.90337697925944,199.13641824,153.87911977,44.69634209,29.14976644,4.40120856000001,19.59345014
6.37978746611951,198.3024679,151.59619219,44.96949842,28.03721142,1.91119899,19.39552933
5.90047889896806,197.44840037,149.29393409,45.34231067,26.87601739,-0.656503369999996,19.31226222
5.47948079667993,196.56109507,146.97349943,45.77883181,25.67780301,-3.2735998,19.32662467
5.13071979484654,195.65409822,144.65179209,46.29916263,24.44332551,-5.93573656999999,19.45278247
4.86228648077171,194.72576443,142.33300044,46.90233954,23.17933866,-8.62621255000002,19.69265208
4.67419671541013,193.79271714,140.03991722,47.5927404,21.88883763,-11.33644887,20.05145791
4.55968140374743,192.84584346,137.76845374,48.37041988,20.57776571,-14.05122609,20.53146836
4.50735363667495,191.89258955,135.53059871,49.23423162,19.25335375,-16.75315947,21.12060655
4.5030825778764,190.93699288,133.33552363,50.19372221,17.92056903,-19.43129329,21.83013801
4.53155669917243,189.98697647,131.19602136,51.237134,16.58162812,-22.0790035,22.65143428
4.57753482882968,189.04109787,129.11461282,52.36645046,15.24166319,-24.68459681,23.58402089
4.62679746861407,188.10427596,127.10083159,53.5766566,13.90447982,-27.23977862,24.62407338
4.66682279295278,187.18120716,125.16233487,54.84982991,12.57273804,-29.73598011,25.74853907
4.68721745206815,186.26996457,123.30120044,56.17844947,11.24970113,-32.16638182,26.95073478
4.67993270768732,185.42197888,121.56887269,57.54533593,9.91866859000001,-34.57764797,28.26276861
4.63929906922634,184.48947548,119.82615496,58.94786337,8.63912819000001,-36.80654572,29.52334339
4.56191713694305,183.62733965,118.22403265,60.3590987,7.35792122000001,-38.99699354,30.84648951
4.44644331145207,182.7823272,116.71247612,61.76864434,6.0898292,-41.11125757,32.18941866
4.29330639011531,181.97448643,115.31228938,63.15685363,4.82667946000001,-43.16692739,33.53494632
4.10438690452877,181.15976187,113.97978779,64.52608838,3.59108178000002,-45.11129954,34.85681845
3.88268606891274,180.36371157,112.74127701,65.85537741,2.375326,-46.96062494,36.14269241
3.63200580755018,179.57264583,111.58259925,67.12864536,1.19324470000001,-48.67541941,37.33339743
3.35665587296451,178.82691014,110.54326338,68.34867964,0.0012273499999935,-50.37858042,38.5490652
3.06119886563452,178.07270449,109.56025699,69.51880084,-1.16381182999999,-51.97416494,39.7076557
2.75023926464399,177.34337474,108.67556583,70.60656884,-2.31508823999999,-53.48564195,40.77000621
2.42825854494208,176.64081332,107.89464182,71.59529411,-3.45382512999998,-54.92124782,41.74539825
2.09949518369123,175.94046392,107.17189768,72.53329455,-4.57189382999999,-56.27033066,42.67816145
1.76786587173377,175.26426692,106.54385003,73.36286312,-5.67580353999998,-57.53704583,43.48616791
1.43692251838964,174.6044745,106.0053938,74.07471023,-6.76657810999998,-58.72831845,44.18870993
1.10983859935493,173.95745827,105.53403362,74.71224727,-7.84290284000002,-59.84927876,44.8223117
0.789417952064911,173.33347206,105.14357714,75.26207923,-8.90063627000001,-60.88701473,45.36487442
0.478119160956557,172.72027529,104.83776931,75.66432251,-9.94310234000002,-61.8419819,45.74942657
0.178089086016649,172.1262467,104.60018914,75.99254398,-10.97294178,-62.73587155,46.0721958
-0.108800230983487,171.56085752,104.44723411,76.22874757,-11.98289302,-63.54681534,46.2998695
-0.38091618874583,171.009731,104.37094074,76.33772808,-12.97392816,-64.26938219,46.36465609
-0.636835726814044,170.46823948,104.35750824,76.35664907,-13.95625412,-64.94958847,46.39368702
-0.875323870201035,169.95616246,104.42700047,76.27779395,-14.92247221,-65.55903255,46.31372438
-1.09532272950268,169.46678861,104.57173306,76.10386919,-15.87185536,-66.0979626,46.13362483
-1.29595208039253,168.99077308,104.78395829,75.825527,-16.80406078,-66.56842378,45.84743631
-1.47652185299449,168.55613233,105.08251573,75.48311048,-17.72216214,-66.98223061,45.51424747
-1.63655618069346,168.13428688,105.44512644,75.04051281,-18.62188155,-67.326463,45.0721013
-1.77582810099993,167.71736847,105.86297194,74.51878351,-19.49678973,-67.5885154,44.54599212
-1.89440356932667,167.35423692,106.37866878,73.91720657,-20.36438902,-67.81647278,43.9606819
-1.99269312794879,167.01610711,106.96192476,73.22601713,-21.21683656,-67.98659007,43.28067389
-2.07150841807033,166.70255906,107.60786525,72.46530611,-22.05598067,-68.10327,42.52867155
-2.132118227115,166.39962972,108.31308424,71.61331239,-22.86450176,-68.12915833,41.66167775
-2.17629820442293,166.11039508,109.07528185,70.70811175,-23.64777715,-68.08147213,40.7594175
-2.20637121774726,165.86714021,109.91969327,69.71822371,-24.42171918,-67.99440112,39.76154676
-2.22523713697671,165.64557156,110.81567345,68.66906989,-25.17775549,-67.84532483,38.68132734
-2.23639000524577,165.43253553,111.76614876,67.5479508,-25.90784649,-67.62409536,37.5348861
-2.24391974523743,165.23801842,112.76639234,66.36013558,-26.61800115,-67.34277442,36.30240656
-2.25249548738767,165.0624522,113.81890428,65.11248254,-27.30816073,-67.0024538,35.01108552
-2.26732769040443,164.90308141,114.91868261,63.80525202,-27.97927995,-66.6064068,33.65352779
-2.29410634573442,164.74515291,116.04825299,62.43961095,-28.62742489,-66.14756407,32.22701951
-2.33891273734194,164.62447364,117.24684525,61.02439113,-29.25792854,-65.63400965,30.73369685
-2.40810250088867,164.50906665,118.47386837,59.54803551,-29.87214406,-65.07526879,29.18572073
-2.50815813998341,164.38868505,119.72746377,58.02896845,-30.44940711,-64.41904805,27.56006259
-2.64550977017345,164.30501325,121.03322389,56.47856492,-31.03306907,-63.78157326,25.91795186
-2.82632373912705,164.22835915,122.37278394,54.875336,-31.58724528,-63.06570122,24.21191381
-3.05625998185037,164.16290752,123.74350318,53.23622409,-32.1236149,-62.30631817,22.46693296
-3.34021034160777,164.10533764,125.13883711,51.56999106,-32.64354481,-61.50836289,20.69157074
-3.68205457722152,164.05348738,126.56261545,49.86665018,-33.13738819,-60.64794932,18.8887267
-4.08447002181999,164.0550179,128.04158204,48.15370077,-33.63678468,-59.80571223,17.07468231
-4.54879323099512,164.04351393,129.52477293,46.42066063,-34.10748789,-58.90128158,15.22722015
-5.07491243095698,164.04539965,131.02726138,44.68107088,-34.56582237,-57.97682316,13.38137097
-5.66118341196771,164.04911849,132.53254957,42.94921287,-35.00762645,-57.02377904,11.52299123
-6.30437370040083,164.08311644,134.06559662,41.20623911,-35.44853788,-56.0872514,9.68182389
-6.99964202267776,164.12280651,135.59144674,39.49431541,-35.88695188,-55.16949299,7.89665773
-7.74055989239162,164.18068948,137.11908445,37.83042233,-36.31264128,-54.24380908,6.1720356
-8.51917949691705,164.21273395,138.59011007,36.2083742,-36.7229312,-53.30465233,4.42404634
-9.32614826827478,164.28150541,140.1020056,34.58982615,-37.12407491,-52.37794591,2.73992993
-10.1508688211499,164.35782805,141.52604036,33.12690219,-37.56503614,-51.59923707,1.25351525999999
-10.9817023203447,164.39885094,142.88151179,31.70958605,-37.97365434,-50.7751562,-0.271030199999998
-11.806211555082,164.4548456,144.20037417,30.37705508,-38.38778954,-50.01554469,-1.67593233
-12.6114228191862,164.50308705,145.44415124,29.14625895,-38.80655359,-49.32264884,-2.97303578
-13.3840554735563,164.53632197,146.59356408,28.02640626,-39.2282266,-48.69748327,-4.16816772
-14.1106917683419,164.5561013,147.64603077,27.01939075,-39.65184067,-48.14224245,-5.25631422
-14.7779385704658,164.55772915,148.58918858,26.13223324,-40.07791591,-47.66338241,-6.23724290000001
-15.3726532479404,164.54436726,149.42187564,25.36272798,-40.50377449,-47.25856905,-7.11084794
-15.8822528078551,164.52320649,150.15078526,24.70858548,-40.93911318,-46.96031217,-7.84274497
-16.2950837586808,164.47130471,150.73957073,24.17777795,-41.36381184,-46.71602461,-8.50275637
-16.600820328457,164.43942695,151.27727312,23.72056495,-41.7711773,-46.51001363,-9.1091171
-16.7908581953149,164.3147445,151.5496705,23.45584383,-42.19498269,-46.44292357,-9.53103466
-16.8586729317234,164.26330315,151.86168289,23.19390288,-42.59846481,-46.41280978,-9.92567386
-16.8001165705236,164.12053617,151.90411841,23.14261541,-43.01332562,-46.51243812,-10.13526883
-16.6136315523831,164.01951227,151.92793549,23.12381933,-43.40513798,-46.64466735,-10.30793845
-16.3003681990309,163.88715355,151.82855305,23.16698997,-43.80316353,-46.89328011,-10.35091021
-15.8641991287224,163.79097913,151.65589331,23.30630697,-44.15358138,-47.10106792,-10.43761622
-15.3116310705823,163.65937374,151.35275768,23.51022374,-44.54171521,-47.52118654,-10.30026478
-14.6516208141236,163.55733637,151.04932336,23.65494867,-44.86613674,-47.83402247,-10.30958862
-13.8953071624793,163.4360065,150.6152675,23.89462348,-45.19266264,-48.24492518,-10.19909919
-13.0556745121272,163.32375975,150.12598634,24.14261664,-45.51199463,-48.71897398,-10.04857786
-12.1471659685439,163.21228425,149.58133742,24.38524363,-45.81167833,-49.20969073,-9.89546501
-11.1852647646997,163.10669098,148.99453646,24.61553404,-46.09226143,-49.71280667,-9.74223142
-10.1860623358885,163.00865379,148.37544699,24.81983724,-46.3534981,-50.21331858,-9.58317364
0.0736564810471282,200.85121308,160.6001391,50.29781736,32.11097573,13.41423742,25.15169645
0.354397231791589,200.17898944,158.44194335,50.35183752,31.20137798,11.23950041,24.43864462
0.660764465804885,199.46613868,156.23101175,50.42526487,30.23771068,8.96332686999997,23.76492684
0.992072485261122,198.71506697,153.97290158,50.53081681,29.21725627,6.57984190000002,23.16224296
1.34649892695865,197.93634736,151.68928539,50.66974629,28.15069198,4.12128636,22.61532883
1.72099987483126,197.11003164,149.35982111,50.84349807,27.02925285,1.56720897999998,22.17146996
2.11130563617873,196.26730777,147.02821878,51.06898129,25.87265453,-1.02809101,21.79296812
2.51199843985562,195.38817563,144.67593138,51.34528831,24.67389146,-3.68147078000001,21.5215282
2.91666748891171,194.47632365,142.31394268,51.67516012,23.43959838,-6.37557290999999,21.36107455
3.3181312513655,193.56211176,139.97945603,52.08678585,22.18178586,-9.07435363000002,21.29216511
3.70871209381582,192.61064918,137.63661987,52.58111941,20.8907897,-11.80961163,21.3760459
4.08054479066032,191.65583669,135.3370872,53.14133288,19.59855857,-14.49759635,21.53397302
4.4258984031379,190.69542147,133.07163528,53.81062619,18.27923092,-17.19856996,21.84998115
4.73749068927111,189.73306904,130.85369027,54.57285162,16.95554682,-19.86370498,22.28694124
5.00877557315719,188.77214752,128.6888327,55.43960905,15.62838248,-22.48810255,22.85046725
5.23418846616946,187.81946208,126.58793104,56.41330362,14.29917105,-25.06951714,23.54942771
5.40934041364487,186.87653356,124.55566411,57.48892538,12.96982579,-27.60328471,24.37773228
5.53115361541751,185.94579027,122.59825387,58.65040514,11.64293277,-30.08119195,25.31640499
5.59792948072169,185.03213009,120.72355391,59.88756711,10.32040961,-32.49964862,26.35763242
5.6093457667966,184.13342951,118.93227478,61.18301301,9.00470657000002,-34.85183269,27.47856101
5.5663887925924,183.29405101,117.27341536,62.5096174,7.68460240000002,-37.1670812,28.6841072
5.47123215291276,182.39454694,115.62675628,63.86333151,6.40225269999999,-39.33199409,29.86836048
5.3270753373562,181.55633632,114.11832937,65.20839452,5.11873806000003,-41.45004147,31.08856602
5.13795635346834,180.78310374,112.760149,66.53257119,3.84799522,-43.4884007,32.29974655
4.9085520241083,179.93721054,111.38977588,67.82018849,2.59365968999998,-45.42794736,33.47777442
4.64397827796128,179.1743649,110.1916883,69.05853813,1.34914264,-47.29492816,34.63361183
4.34960073672791,178.44212386,109.10532969,70.24404152,0.133621290000008,-49.04510663,35.72930121
4.03086350005223,177.66844926,108.03826587,71.36387368,-1.08596647000002,-50.74902037,36.78371056
3.69314150553129,176.93440353,107.09076686,72.41694013,-2.27957085,-52.34465276,37.76938647
3.34161942293581,176.21672554,106.2290499,73.40652036,-3.45694211,-53.85578201,38.69983351
2.98119789792257,175.52444123,105.46701852,74.30668366,-4.62043348999998,-55.28453796,39.54139138
2.61642619677123,174.84934063,104.79252901,75.12493123,-5.76824472000001,-56.63118983,40.3121299
2.25145896744234,174.19010862,104.20458351,75.84239969,-6.90180859,-57.89759106,40.98352254
1.89003392066192,173.54761133,103.69437005,76.48839562,-8.01914017999999,-59.08643253,41.59098114
1.53546670513594,172.9220364,103.26708065,77.03941265,-9.12198433,-60.20008823,42.10845991
1.19065903577922,172.3201826,102.9216065,77.51816212,-10.20815051,-61.23737319,42.55881247
0.858116156691607,171.73046425,102.65360243,77.88178609,-11.27885493,-62.19754895,42.89502244
0.539969909833016,171.15735023,102.46199307,78.1470532,-12.33395687,-63.08535853,43.13930814
0.238003978878249,170.58676566,102.33879029,78.30586371,-13.36606948,-63.87734841,43.26871589
-0.0463217506672252,170.07234001,102.31135684,78.38266523,-14.39928869,-64.65418585,43.34445609
-0.311850345416134,169.56036234,102.35619889,78.33457115,-15.39806363,-65.30212454,43.25352038
-0.55771264155387,169.05132632,102.45372941,78.18951369,-16.39176396,-65.91877554,43.10874767
-0.783319347332152,168.59207109,102.65079835,77.97067618,-17.36771996,-66.46740095,42.89657124
-0.988361489170748,168.1279589,102.90044422,77.62534337,-18.32255885,-66.9351483,42.54120144
-1.17281967857891,167.71621451,103.24866151,77.21594108,-19.26102224,-67.34283327,42.13862947
-1.33698209577319,167.31018454,103.65364695,76.70332838,-20.17714553,-67.67040036,41.61212657
-1.48147052557459,166.91268128,104.11794036,76.11019082,-21.06674346,-67.91641601,41.00332653
-1.60727326647083,166.56311554,104.67204563,75.41324925,-21.95314924,-68.13592968,40.30835965
-1.7157832896155,166.21403409,105.27299094,74.67834838,-22.8038069,-68.25181538,39.56604754
-1.80883967141234,165.92463929,105.97953922,73.83985399,-23.64583785,-68.32068327,38.70691275
-1.88876873917345,165.63084687,106.72499853,72.91195348,-24.45887701,-68.30927292,37.74550306
-1.95841807699973,165.34297739,107.51274885,71.94542884,-25.24559185,-68.22664419,36.76036298
-2.02117635209214,165.13084649,108.42459794,70.8846167,-26.01528605,-68.07266949,35.63748574
-2.08097617258812,164.90604152,109.36597668,69.74793939,-26.76261361,-67.86304432,34.46470934
-2.14227930143594,164.71917375,110.37759571,68.55560359,-27.48799262,-67.58636757,33.22792161
-2.21004226672358,164.54109209,111.44167627,67.28458944,-28.19246513,-67.25260262,31.91741338
-2.28965975298097,164.39266392,112.56825062,65.94916958,-28.87996766,-66.86981106,30.55126934
-2.38688354731762,164.26306071,113.74808061,64.54432555,-29.54753727,-66.43030576,29.11685102
-2.50771530214844,164.15500396,114.98376365,63.07495054,-30.1921086,-65.92755224,27.60956998
-2.65827194185854,164.06720209,116.26866252,61.53798366,-30.80694597,-65.33794346,25.99926801
-2.84462320251309,163.99420589,117.6019677,59.94911269,-31.41796147,-64.74774863,24.40134803
-3.07260158580849,163.93963461,118.97956371,58.30006476,-32.01186751,-64.11242931,22.73619658
-3.34758597305406,163.89357951,120.3901521,56.62201745,-32.58364481,-63.42527757,21.03334685
-3.67426132298335,163.87860878,121.85469053,54.88121595,-33.13399604,-62.67488467,19.25309848
-4.05635830290061,163.85619033,123.33555755,53.11811329,-33.67588616,-61.91893767,17.49122322
-4.49638876367853,163.87241155,124.86554862,51.33273228,-34.21305045,-61.15500471,15.73654474
-4.99541920094818,163.88749289,126.40918954,49.52040008,-34.72899313,-60.34378573,13.92898618
-5.55292373371281,163.90254093,127.9651559,47.7070265,-35.23118266,-59.51208954,12.12643484
-6.1667161640682,163.94093045,129.54823928,45.89309753,-35.72340565,-58.66583695,10.34232662
-6.83293623154875,163.98122619,131.13332727,44.09437957,-36.1812956,-57.73763338,8.51967848
-7.54607802944823,164.02893615,132.72314366,42.30925953,-36.64561064,-56.85279405,6.76277166000001
-8.29906145324068,164.08041085,134.31206618,40.54009566,-37.10325832,-55.97548514,5.03491821
-9.08334919405181,164.13275797,135.89499582,38.80378782,-37.52762657,-55.03171869,3.32586516999999
-9.88911004351411,164.20777892,137.44223633,37.16349488,-37.98630064,-54.21731647,1.73673837
-10.7054253367486,164.24969052,138.93454197,35.57984975,-38.39363897,-53.29186564,0.133905649999996
-11.520531425196,164.32780865,140.43862873,34.02121586,-38.80500484,-52.41842192,-1.41167329
-12.3220897996358,164.38382484,141.8624522,32.56371221,-39.20458927,-51.55876644,-2.88070163
-13.0974764033462,164.41745417,143.20139663,31.20335946,-39.58747628,-50.70114055,-4.2867265
-13.8340809603473,164.44321246,144.46899498,29.92446219,-39.95938371,-49.86792685,-5.66047002
-14.5195903942747,164.4996141,145.69823563,28.73863285,-40.3363675,-49.11006316,-6.90254221
-15.1422043906489,164.51800039,146.79376463,27.67893221,-40.70160984,-48.38924957,-8.06265124
-15.6907673875535,164.49377291,147.74780295,26.74243534,-41.04573891,-47.68162289,-9.18080818
-16.1548817102952,164.50142759,148.64346012,25.91940659,-41.40081565,-47.08587984,-10.12729049
-16.5250695729863,164.5025522,149.42648374,25.20387609,-41.74470299,-46.53876556,-11.02829851
-16.7929912368914,164.44600539,150.03073777,24.63322522,-42.06904775,-46.03300723,-11.83509601
-16.951694427319,164.43253759,150.58249237,24.15103207,-42.40375203,-45.64596316,-12.50202052
-16.9958674223155,164.38202125,150.97311954,23.80001161,-42.72251185,-45.31660614,-13.08161347
-16.9220702320849,164.3118654,151.26298059,23.49045567,-43.02940824,-45.05155651,-13.59744117
-16.7289222147683,164.27276858,151.41170396,23.40495977,-43.33749297,-44.8948567,-13.94305504
-16.4172297333606,164.19255634,151.45749746,23.29409409,-43.63324242,-44.80065567,-14.27560462
-15.9900433832551,164.15818517,151.45032776,23.27566453,-43.8865616,-44.68679519,-14.57817288
-15.4526402630177,164.08178567,151.27170259,23.34320566,-44.16914951,-44.75763779,-14.71081093
-14.8124321738805,164.03842716,151.09351545,23.33591152,-44.37475713,-44.68764416,-15.04855398
-14.0788051135551,163.9803577,150.75219652,23.50640331,-44.62672528,-44.86487886,-15.03423865
-13.2628987453588,163.93922327,150.44283823,23.49146414,-44.79279632,-44.83518914,-15.34948341
-12.3773366146911,163.90221363,150.04096439,23.53775703,-44.95749507,-44.89807181,-15.54510921
-11.4359188404534,163.86558196,149.58002965,23.57584945,-45.10446457,-44.9825672,-15.73819207
-10.4532890282706,163.85306403,149.12139091,23.52910303,-45.21363643,-45.00283576,-16.00302743
4.96664136065523,186.0489831,124.38447755,49.98387149,12.11732734,-29.63327521,19.22939397
4.86759226583318,185.14270914,122.68425297,51.91179926,10.84913751,-31.82182856,20.99075014
4.71748117069625,184.29015968,121.10440353,53.85046945,9.57435394999999,-33.97653862,22.78529574
4.52170044272105,183.43911879,119.60058075,55.78831862,8.32626568000001,-36.01558261,24.57201045
4.28626319140527,182.60268358,118.18430667,57.69451634,7.09400889999998,-37.96456165,26.33419289
4.01749727176443,181.769763,116.84201211,59.54928213,5.87788410000002,-39.8231074,28.05285969
3.72176487768777,181.02146033,115.66832167,61.3272914,4.67996757,-41.58256351,29.67994775
3.4052219826609,180.17143862,114.43841328,63.0495489,3.47286825,-43.31200934,31.26586667
3.07362716810149,179.37082575,113.33448956,64.66940302,2.28888612999998,-44.93433573,32.74732737
2.73220462547094,178.56944988,112.29338159,66.1939331,1.11330045,-46.48671986,34.14395182
2.38556170078619,177.78504937,111.33532075,67.60757212,-0.0541677399999969,-47.96752639,35.42489913
2.03765755287414,176.98963923,110.4222954,68.92581814,-1.21290345,-49.38112315,36.6268138
1.69181650527736,176.22739918,109.61352258,70.10840411,-2.36489899,-50.72535151,37.67663903
1.35077757501386,175.45833552,108.85088997,71.18979224,-3.50958295000001,-52.00832626,38.6428367
1.01677046233243,174.70760233,108.16841704,72.14583565,-4.64652487000001,-53.22513648,39.48253321
0.691607918995904,173.98670718,107.57714033,72.98768304,-5.76708872,-54.35709873,40.21028522
0.37678476475726,173.23512295,107.00135235,73.70498223,-6.90046659999999,-55.48149617,40.83305061
0.0735747491497499,172.51510191,106.51277291,74.31479634,-8.0108841,-56.50364705,41.32774059
-0.216882197289239,171.82499625,106.11750998,74.78589983,-9.11964080999999,-57.48401203,41.70514165
-0.493508166029993,171.14837279,105.7816878,75.15686351,-10.22240548,-58.4134916,41.98902698
-0.755235037234839,170.49838442,105.53285301,75.4162611,-11.30691269,-59.26107657,42.16401764
-1.0009741889949,169.86205907,105.3440556,75.55965216,-12.39287275,-60.0807705,42.22675189
-1.22960890699602,169.26108474,105.24085481,75.61967899,-13.45671641,-60.81507401,42.20404765
-1.44000882756562,168.6432969,105.17599433,75.53380984,-14.52255005,-61.52434085,42.07366173
-1.63106458359169,168.11068637,105.24121989,75.41194647,-15.55541464,-62.1271299,41.84892023
-1.8017399589698,167.5422033,105.32285535,75.16668346,-16.57981983,-62.68200164,41.53423388
-1.95113829916545,167.04271515,105.51967975,74.83099706,-17.59523023,-63.1986705,41.14442067
-2.0785796505272,166.5127957,105.73246231,74.4175891,-18.5870033,-63.6335466,40.6721915
-2.1836850673286,166.03038572,106.04016801,73.91715096,-19.56550489,-64.02165946,40.12907898
-2.26646405324474,165.58917096,106.42996813,73.31585567,-20.536885,-64.37727358,39.49742966
-2.32739982839828,165.1556668,106.87168948,72.66593795,-21.48106567,-64.65015374,38.8171122
-2.36752717783307,164.71469944,107.35150611,71.9279972,-22.40166095,-64.85178961,38.04753381
-2.38849986321936,164.32786241,107.92709497,71.10508632,-23.31137509,-65.01720374,37.21084907
-2.39264598733004,163.95667525,108.55655536,70.21200342,-24.20346316,-65.12941926,36.31187297
-2.38300937059795,163.61236545,109.25315679,69.24180143,-25.07547045,-65.18264033,35.33720178
-2.36337465997835,163.2936955,110.01520545,68.19624976,-25.92736532,-65.17851855,34.29246186
-2.33827388062772,163.01348759,110.84961546,67.08973242,-26.76506139,-65.12920689,33.17479537
-2.31297206133864,162.72471926,111.71534723,65.88941374,-27.57123911,-64.99925387,31.99220861
-2.29342939039386,162.50228771,112.68326099,64.63735042,-28.36644832,-64.83195839,30.73282166
-2.28623712297305,162.26288325,113.66695154,63.29099543,-29.1317114,-64.58909481,29.41316777
-2.2985242224608,162.0941483,114.75687303,61.89526225,-29.88640062,-64.31125234,28.01472397
-2.33783156008284,161.92327243,115.877933,60.41932426,-30.6068268,-63.94612801,26.54363163
-2.41195052395542,161.77927241,117.05434197,58.87705376,-31.31029958,-63.53553878,25.00971744
-2.52872321395259,161.64300493,118.27150761,57.27225136,-31.98522485,-63.05291675,23.41445106
-2.69580214089147,161.53432467,119.54596484,55.59830704,-32.63375849,-62.50088835,21.75222716
-2.92036862526052,161.44921074,120.86330461,53.88160807,-33.2729413,-61.92861191,20.03213474
-3.20881991955321,161.36853646,122.21809369,52.10173393,-33.87401169,-61.25838406,18.24439437
-3.56645965710601,161.31634497,123.6246199,50.27570979,-34.44866534,-60.52047343,16.41153645
-3.99723009528477,161.26187429,125.05843723,48.41582944,-34.99474517,-59.71754606,14.53339252
-4.50349175349301,161.2267399,126.52574944,46.51966066,-35.51955554,-58.86540941,12.61076775
-5.08583477173053,161.21059054,128.03280581,44.60936771,-36.02239225,-57.96668114,10.68670323
-5.74291749346104,161.20837765,129.56622236,42.69496372,-36.50470914,-57.02623438,8.75771454
-6.47134100017337,161.2215112,131.12260775,40.78778172,-36.96744766,-56.04910356,6.83532322
-7.26557175672852,161.24344482,132.69026855,38.90865054,-37.40962663,-55.03652118,4.93045135000001
-8.11792437730566,161.26941772,134.27221736,37.02436712,-37.82479463,-53.97159301,3.02534263
-9.01861329190426,161.35203239,135.86231443,35.25906746,-38.26116464,-52.99303641,1.27182742999999
-9.95587732087391,161.39968847,137.43839736,33.47603068,-38.64738437,-51.90722901,-0.538644150000003
-10.9161782885436,161.49018797,138.96583149,31.85936967,-39.07511862,-50.97281305,-2.15033796
-11.8844727325995,161.55721231,140.45064929,30.31873299,-39.46373593,-49.9743418,-3.69492504
-12.844549255921,161.60362571,141.85007812,28.8690036,-39.8508956,-49.01671372,-5.20022603
-13.7793939950179,161.70946343,143.25631154,27.51237757,-40.25066395,-48.14327064,-6.56209442
-14.6715157113171,161.73889717,144.48198057,26.3264773,-40.64268688,-47.31720849,-7.78998803
-15.5032190810471,161.81414477,145.67652594,25.25565776,-41.0522459,-46.6021652,-8.8562287
-16.2569118091722,161.86092349,146.73585235,24.32358213,-41.4600163,-45.95710615,-9.82770849
-16.9155188539623,161.88871525,147.66861622,23.53081501,-41.86676474,-45.39115827,-10.67783608
-17.4629969579644,161.97599471,148.60798698,22.80693614,-42.25601984,-44.86094579,-11.46188772
-17.8849059331479,161.91911361,149.16788965,22.36658968,-42.68691276,-44.54395395,-11.98846642
-18.1689893225828,161.92384281,149.73524305,21.98976902,-43.09261376,-44.25535971,-12.44463305
-18.3057172796472,161.94768339,150.2187943,21.71314956,-43.48254572,-44.02280643,-12.80407705
-18.2887485639975,161.91654977,150.49537574,21.63258945,-43.88277672,-43.93905353,-12.97904346
-18.1152758931876,161.93998307,150.75241919,21.6017115,-44.28104958,-43.94424925,-13.05923575
-17.7862286569709,161.89970094,150.77611272,21.77669379,-44.64546219,-43.98347971,-13.03306375
-17.3063181640322,161.86377171,150.71325751,22.02276519,-45.03381251,-44.19265433,-12.8089289
-16.6839220830657,161.91336231,150.66668024,22.31433919,-45.37823779,-44.38325618,-12.57432338
-15.9308155978246,161.88713817,150.41005951,22.75529804,-45.72511651,-44.69184019,-12.19981977
-15.0617662398584,161.94546402,150.22497214,23.14549682,-45.98137128,-44.82818412,-11.96535925
-14.0940168387006,161.95174484,149.84534452,23.71265347,-46.29509357,-45.23744859,-11.39500914
-13.046686218109,162.06430325,149.6023856,24.1323424,-46.52281466,-45.46781531,-11.02391302
-11.9401200715245,162.14975447,149.25596184,24.63471169,-46.73676477,-45.74294163,-10.54167067
-10.7952249613183,162.26049851,148.88681477,25.14275701,-46.92511636,-46.01927792,-10.04555312
-9.63281684056283,162.40541799,148.58144312,25.54236478,-47.05212776,-46.17946639,-9.63248469
-8.47301223318894,162.50189585,148.22756987,25.86226927,-47.11458357,-46.19423168,-9.36836054
0.0671124096574429,204.41227269,166.23454279,44.29471245,34.1354819,16.09402886,21.8634278
0.277777277376566,203.81089308,164.26298607,44.20175885,33.30668671,14.13261202,21.09895619
0.514387131936488,203.25122113,162.33231622,44.08571783,32.42939988,12.08645899,20.30430992
0.779356461509715,202.55949963,160.21350183,44.06213387,31.4609129,9.83965133000001,19.63751919
1.0738351845437,201.90236436,158.13707572,44.0022467,30.45429595,7.53198632000002,18.9740922
1.39747750400999,201.04053256,155.80814823,44.05916017,29.35515787,5.04725768,18.43700169
1.74829228978619,200.23086209,153.53921198,44.15060237,28.21088225,2.48193712000003,17.99038808
2.12259736960972,199.3747383,151.22821711,44.28839117,27.01317744,-0.172036559999981,17.64076789
2.51508272594647,198.48221564,148.89308373,44.47995721,25.77224093,-2.88662124000001,17.39569092
2.91897815422135,197.55889637,146.53550234,44.77271287,24.48636638,-5.66431651999997,17.28867604
3.32631358984806,196.60845162,144.17581109,45.14451078,23.16854575,-8.47170536999997,17.30374525
3.72825399912759,195.63785137,141.82653854,45.60800544,21.82616749,-11.28945229,17.44446559
4.11548596753764,194.64242947,139.48757771,46.17858722,20.46258266,-14.10757422,17.73106942
4.47863027032194,193.63931967,137.18229889,46.86217478,19.08341118,-16.91379509,18.1596928
4.80865394916195,192.62695576,134.9134432,47.66462833,17.69499845,-19.69265579,18.73333152
5.09725671678895,191.60740457,132.6870636,48.59146957,16.30161612,-22.43333137,19.44990213
5.33720964750673,190.58834712,130.51558463,49.64015783,14.90459518,-25.13344347,20.3187833
5.52262984467748,189.57095657,128.40392459,50.8009319,13.50807106,-27.78215853,21.31895048
5.64918209597209,188.60917272,126.41469311,52.05376533,12.09770783,-30.42621282,22.50096107
5.71420181724435,187.55517471,124.38983352,53.40695056,10.72734808,-32.90059226,23.66825097
5.71673399453593,186.60952582,122.54851485,54.798201,9.33086273999999,-35.4030234,25.00654591
5.65748851029247,185.58593575,120.69876228,56.24955899,7.97735842,-37.73983228,26.32269958
5.53872110974115,184.6615259,119.02495562,57.6937641,6.60388526999998,-40.07832012,27.72404035
5.36405447313208,183.70153998,117.3892929,59.14517819,5.25919969,-42.29375371,29.10944224
5.13825570224017,182.78024824,115.87426158,60.56798168,3.93104935,-44.41682282,30.4739603
4.86698694022521,181.87470333,114.45336443,61.94941596,2.61992307,-46.4470436,31.80585161
4.55654510058061,180.99190328,113.13520058,63.2771755,1.32703982000001,-48.38185504,33.09045897
4.21360502077188,180.13287991,111.92034466,64.54317667,0.0531456200000093,-50.22075385,34.31820563
3.8449780533348,179.29801112,110.80858344,65.73985682,-1.20131144999999,-51.96287711,35.47939031
3.45739543798444,178.47936408,109.78960105,66.8640008,-2.43448214999998,-53.60568682,36.57034349
3.05732301305031,177.67381007,108.85662074,67.91918946,-3.64365913,-55.14455371,37.59052554
2.65081112925826,176.90570987,108.04092951,68.88233837,-4.83420512999999,-56.59005483,38.51646557
2.24338117653629,176.16822724,107.33414833,69.74609429,-6.00540904000002,-57.9414247,39.33898895
1.83994802504087,175.43680212,106.69489013,70.55210051,-7.15109697,-59.19455189,40.10936896
1.44477596701695,174.74035672,106.17158978,71.23564559,-8.27882837000001,-60.35648307,40.74823023
1.06146443877664,174.06085699,105.72840319,71.84240011,-9.38340897,-61.42642442,41.31411392
0.692958885515187,173.40499712,105.37448589,72.35386397,-10.46774123,-62.40842887,41.78091157
0.34158157232205,172.77458254,105.11224375,72.77334994,-11.5254617,-63.28961789,42.15815099
0.0090769019772345,172.16099067,104.92971343,73.0908326,-12.56899471,-64.10028667,42.43074347
-0.303334166438206,171.57331898,104.8267584,73.29993048,-13.60383785,-64.8621288,42.60735857
-0.594895732218054,171.00871227,104.81111818,73.41224555,-14.60931884,-65.51586688,42.67668248
-0.865259263559177,170.456718,104.86436314,73.43445168,-15.59154629,-66.0823038,42.6583839
-1.11443063789741,169.93359422,105.00188963,73.35001902,-16.56040809,-66.59088317,42.53737561
-1.34272520303486,169.45342437,105.23507922,73.15502694,-17.51623352,-67.04131708,42.30989912
-1.55073333244354,168.99135502,105.53894511,72.87768044,-18.44686414,-67.40329358,42.00323279
-1.73929809732042,168.5428259,105.90928524,72.49499117,-19.3552778,-67.68579548,41.57885222
-1.90950584104595,168.09462377,106.32576743,72.03520694,-20.23664236,-67.87841452,41.05746765
-2.06268966405349,167.7198969,106.87176687,71.45113091,-21.10767013,-68.02968401,40.43612054
-2.20044510249951,167.33615992,107.44892554,70.8163732,-21.94584347,-68.07900521,39.73864236
-2.32465538048411,167.01180146,108.13816194,70.05540571,-22.77436397,-68.08885257,38.93282081
-2.43752023742374,166.68116173,108.85974601,69.25062048,-23.56267166,-67.98292829,38.04245795
-2.54158195214933,166.40529555,109.68503668,68.32493637,-24.3440827,-67.84604224,37.05210821
-2.63974579693857,166.14373127,110.56384478,67.34826787,-25.09341869,-67.61690683,35.98817009
-2.7352936797998,165.89112391,111.49147457,66.28972385,-25.80955699,-67.29430451,34.80765777
-2.83188821115101,165.67490505,112.49789373,65.15633366,-26.50732059,-66.91563901,33.55656939
-2.93356355729206,165.47908736,113.56270109,63.95418173,-27.17991359,-66.46568839,32.22367185
-3.04469950770307,165.32077853,114.70194999,62.6807538,-27.83643146,-65.96534374,30.81667973
-3.16997533129808,165.14988958,115.86343257,61.35170083,-28.45191268,-65.36166049,29.32786183
-3.314300239357,165.03777743,117.11636396,59.964449,-29.06417715,-64.74047159,27.78857347
-3.48271763525116,164.89123984,118.36714974,58.51152093,-29.63159528,-64.0084273,26.16945129
-3.68028085561252,164.81963347,119.72438393,57.026305,-30.19262872,-63.25337979,24.50580325
-3.91189884994249,164.75085007,121.10560116,55.50039012,-30.73788049,-62.46507221,22.81734142
-4.18215126637041,164.69013879,122.52146564,53.93077791,-31.25535606,-61.60775371,21.08000045
-4.4950737674164,164.6192963,123.95122694,52.32631407,-31.7404906,-60.67080214,19.29767111
-4.85392483027966,164.61082243,125.45120589,50.72556521,-32.23791495,-59.7780656,17.55810951
-5.26096956622345,164.58280968,126.94940943,49.10756654,-32.7044591,-58.81358483,15.77079892
-5.71731993839135,164.57381274,128.47793227,47.48078199,-33.15674088,-57.82508517,13.99663835
-6.2228348882236,164.58547125,130.02984794,45.86240517,-33.5976075,-56.82240742,12.25442432
-6.77605722475383,164.595667,131.57836537,44.26122048,-34.02799579,-55.80981813,10.52411259
-7.37417368186429,164.61541127,133.13217342,42.67962453,-34.44816016,-54.79140974,8.81270952
-8.01299943413023,164.63648549,134.68040693,41.1147681,-34.85859709,-53.77111946,7.12029236999999
-8.68699244233757,164.66997484,136.2163042,39.59719749,-35.26597488,-52.77030059,5.50121736
-9.38930288125572,164.70242467,137.7260842,38.11413076,-35.6606956,-51.76477218,3.91287082
-10.1118603826358,164.73456037,139.21075685,36.67101226,-36.05428233,-50.78984571,2.34920681
-10.8454983124706,164.76110379,140.64600275,35.27865588,-36.44034621,-49.83117604,0.855139550000004
-11.580113134915,164.78301174,142.03188221,33.94369046,-36.82193247,-48.90160449,-0.603678119999998
-12.3048569963214,164.79778466,143.35620942,32.67476759,-37.20840297,-48.03149998,-2.00125247
-13.008360597766,164.79443695,144.6005965,31.47023226,-37.57771912,-47.16263917,-3.34647994
-13.6789682981816,164.79054062,145.77531275,30.34672276,-37.95468704,-46.37146211,-4.61706116
-14.3049397947054,164.75501214,146.83604096,29.31456709,-38.32446918,-45.62008255,-5.82436924
-14.8745936622349,164.72601185,147.82298404,28.36969332,-38.69770572,-44.94418044,-6.94075392
-15.3764410505049,164.66671785,148.6835068,27.53082206,-39.06770774,-44.33052594,-7.97628311
-15.7993783390291,164.61161188,149.45551663,26.78547191,-39.44199944,-43.80335108,-8.93517321
-16.1329579094242,164.51340466,150.08052525,26.16035945,-39.80157893,-43.31878899,-9.77536479
-16.3677158288845,164.42975321,150.62436431,25.6206515,-40.16508791,-42.92569262,-10.5531107
-16.4955257843098,164.3233327,151.04260551,25.18950215,-40.51897367,-42.59647268,-11.22035567
-16.5099487347598,164.21270675,151.35311956,24.86642935,-40.86524956,-42.33842586,-11.78884038
-16.4065500366233,164.10272176,151.56743081,24.63879632,-41.20150628,-42.14630923,-12.2647064
-16.1831598652862,163.99762851,151.69301123,24.4968027,-41.52530407,-42.01353404,-12.65935902
-15.8400581202914,163.88861912,151.74704231,24.39143326,-41.85012462,-41.97570484,-12.94135606
-15.3800711095558,163.81672212,151.70476709,24.43853137,-42.1406476,-41.94461222,-13.1890264
-14.808573615853,163.72586715,151.59534819,24.4994413,-42.44087252,-42.02613633,-13.27652948
-14.1333959750427,163.69657144,151.49601025,24.5556155,-42.6576315,-41.95929535,-13.55963873
-13.3646411736857,163.63031038,151.23315717,24.74070445,-42.93642736,-42.16431469,-13.49806021
-12.5144214629126,163.63816726,151.08027865,24.78662275,-43.11402406,-42.1400048,-13.73158171
-11.5965274534314,163.6236111,150.81768344,24.91666698,-43.29358724,-42.20853641,-13.78084295
-10.6260450546729,163.64877924,150.55744201,25.01223691,-43.4475608,-42.27246494,-13.86050347
-9.61893696485753,163.67924078,150.2699217,25.06753404,-43.5719291,-42.3105733,-13.97489922
-8.59160578019596,163.73363926,149.98241063,25.06027372,-43.66074679,-42.30249965,-14.17050788
0.0384776770305552,198.3024355,154.68894664,53.6702499,26.89829633,3.40949679000002,29.92522418
0.296716549638285,197.63509928,152.38220383,53.86639603,25.92306586,1.00922055999996,29.46980662
0.59049428932997,196.82667573,149.88568254,54.17336918,24.87407065,-1.53805183,29.09682897
0.919391987383931,196.02993709,147.43329678,54.42782392,23.78402447,-4.14470209000001,28.71676838
1.2812984548761,195.19367325,144.96233699,54.68540573,22.65285836,-6.79987616000003,28.35450768
1.67233361251209,194.33167362,142.4992913,54.92360368,21.4914976,-9.47407066,27.99632657
2.08688852836512,193.47523442,140.06278377,55.24525321,20.2651527,-12.27244486,27.80433393
2.51778164696239,192.56574567,137.61389743,55.56386775,19.03524486,-15.00381807,27.58290135
2.95652179027911,191.65625444,135.21658891,55.91981823,17.77400595,-17.76469289,27.46349937
3.39366019265256,190.73372908,132.84284301,56.37012625,16.47483482,-20.55947744,27.49095982
3.81920699422455,189.79653737,130.51196476,56.87180011,15.16816807,-23.31444898,27.59579228
4.22308384873109,188.85712385,128.23452315,57.45490802,13.85004986,-26.04046905,27.81504421
4.59558487143782,187.9104098,126.00951444,58.12810986,12.52332665,-28.73031518,28.15776746
4.92781864919305,186.97154828,123.85518944,58.89438752,11.1912279,-31.37850979,28.63305095
5.21210020744505,186.03208756,121.76553882,59.76027637,9.86196296,-33.96463583,29.22811747
5.44226183209281,185.10403884,119.75602053,60.7263925,8.5369647,-36.48906901,29.95326739
5.61386246861384,184.18823453,117.8315598,61.77983493,7.21724165999998,-38.94818456,30.79824529
5.72428916728106,183.28805796,115.99705612,62.91346896,5.90831367000001,-41.33053783,31.75180114
5.77275356154442,182.44448352,114.29497416,64.10266353,4.59689469,-43.67568564,32.83332308
5.76019310044493,181.54351355,112.61830916,65.34490234,3.32866354000001,-45.85162975,33.89885554
5.68909211394461,180.74097499,111.12130256,66.60034129,2.05358383000001,-48.00423187,35.05721577
5.56324146051826,179.90996371,109.67420161,67.85882498,0.806081309999996,-50.03094982,36.21263133
5.38745738399893,179.11488879,108.3509954,69.10107547,-0.414281289999991,-51.94433995,37.3560117
5.16728036805874,178.3511341,107.14480861,70.30377925,-1.61295731999999,-53.75606168,38.4740318
4.90867344659384,177.63766174,106.07803234,71.44742628,-2.78218179000001,-55.44754741,39.53409115
4.617736943523,176.89422753,105.04925126,72.53623823,-3.94390866000001,-57.07039211,40.56212087
4.30045336004954,176.19739519,104.15466232,73.54527429,-5.07458481999998,-58.57074454,41.50591866
3.96247247026416,175.53889951,103.38336967,74.47488106,-6.17207350000001,-59.94038849,42.35523706
3.60894295823136,174.87327597,102.67213836,75.30689039,-7.26639188999999,-61.26315613,43.14312275
3.2443934062905,174.24333963,102.07601614,76.05091107,-8.32949693999998,-62.46263107,43.82956676
2.87266232266017,173.63803175,101.58459185,76.70416161,-9.35939212,-63.53323593,44.40804708
2.49687429566619,173.03777316,101.15615269,77.24182124,-10.39145652,-64.57596554,44.90999191
2.11945733474099,172.4619767,100.83125309,77.68083327,-11.39110063,-65.49331823,45.29428082
1.74219500575396,171.90073409,100.58447066,78.02247909,-12.37180377,-66.32596965,45.58223203
1.3663060549721,171.35452201,100.41771835,78.26084268,-13.33314107,-67.07344136,45.7672046
0.992543785429604,170.82171266,100.333234,78.40707517,-14.26520239,-67.70869724,45.84761942
0.62130743720541,170.30711374,100.31686523,78.43147171,-15.19741997,-68.3172483,45.8278316
0.25275816685823,169.81034337,100.38310851,78.36920378,-16.10045475,-68.81693657,45.70768624
-0.113067141353636,169.32092857,100.51539058,78.22379764,-16.97865385,-69.22458761,45.49815826
-0.476150141725847,168.86669729,100.73098235,77.95936806,-17.85188528,-69.59410195,45.17455574
-0.836398272152341,168.4267933,101.01818873,77.61658811,-18.69666014,-69.8641661,44.75748055
-1.19356877870948,168.0032956,101.37210757,77.19013641,-19.52053577,-70.0581675,44.24971381
-1.54721218973675,167.61069546,101.80529061,76.68290594,-20.32514282,-70.18267936,43.6550293
-1.89663681853137,167.24529286,102.31203723,76.10753041,-21.10497204,-70.21783874,42.96737612
-2.24089488086453,166.86553639,102.8515905,75.45464124,-21.85775554,-70.17866476,42.20416204
-2.57878995766174,166.54755351,103.49537648,74.7341182,-22.59596618,-70.0878196,41.37295835
-2.90890483402455,166.25478304,104.20422218,73.92127418,-23.30208526,-69.88052808,40.36312761
-3.22964820258017,165.9676379,104.95999578,73.0648473,-23.99096699,-69.64137745,39.37514791
-3.53931823962121,165.74380169,105.81563305,72.15133376,-24.66413673,-69.34078772,38.30325665
-3.83617903580079,165.52022849,106.70948012,71.15671565,-25.30267714,-68.94828604,37.11933233
-4.11854214546206,165.31704906,107.65444501,70.10882253,-25.91882173,-68.49181593,35.8679512
-4.38484599074832,165.10433069,108.61377171,69.01846699,-26.50910894,-67.97155558,34.56236948
-4.63373127626232,164.97937875,109.70190748,67.8449837,-27.08549153,-67.39886883,33.16747209
-4.86411270810344,164.81159124,110.76310381,66.63849508,-27.62675452,-66.7490585,31.71028739
-5.07524528358783,164.69439332,111.90841528,65.35513574,-28.14843162,-66.04387027,30.17737948
-5.26678230075864,164.62236445,113.11918217,64.04288301,-28.66035226,-65.30509009,28.59998327
-5.43882231329416,164.5102161,114.30955218,62.64411404,-29.13442057,-64.48370046,26.92437695
-5.59194233979504,164.46750519,115.59104896,61.22345719,-29.61020524,-63.66975119,25.24103986
-5.72721473746549,164.42365704,116.88434996,59.71750973,-30.0562324,-62.78115949,23.45034817
-5.84620528715872,164.37075503,118.18811829,58.17657284,-30.48051295,-61.85703784,21.64551339
-5.95095023501158,164.36438428,119.54952282,56.58775184,-30.90341663,-60.93780426,19.81415437
-6.04391032554922,164.37479235,120.93553403,54.96959323,-31.31308562,-59.99657861,17.95443271
-6.12790027569624,164.40512953,122.34802751,53.32031043,-31.71125611,-59.04110444,16.06749315
-6.20599271556553,164.4517906,123.77795986,51.64602495,-32.10353027,-58.08537646,14.15707464
-6.2814015809034,164.5011713,125.21831683,49.92226504,-32.46686474,-57.0727302,12.21532825
-6.35736564517113,164.58505269,126.68910579,48.19870215,-32.83228881,-56.08918134,10.2848785
-6.43705762835423,164.67772171,128.16390641,46.46627368,-33.18674114,-55.09797349,8.35519174
-6.52352046002477,164.79264082,129.65435432,44.73789073,-33.5329247,-54.11037673,6.43792784
-6.61961006112402,164.93223648,131.15427031,43.0404603,-33.88026882,-53.15153835,4.5478176
-6.72792945805339,165.06908582,132.64597583,41.34011262,-34.19680809,-52.13896019,2.67488525
-6.8507526443967,165.23330714,134.14325822,39.68339985,-34.52081076,-51.17574534,0.851067069999999
-6.98994156917821,165.40718517,135.62629464,38.08116809,-34.8368382,-50.22254128,-0.920227920000002
-7.14686083977014,165.5838647,137.08837164,36.52868604,-35.1431742,-49.27482368,-2.63973678999999
-7.32229572625432,165.756587,138.51477368,35.02109853,-35.44968055,-48.3608711,-4.30669378
-7.51637862663058,165.95971913,139.94250952,33.63499214,-35.74022208,-47.43923005,-5.87716386
-7.72852819861093,166.15390918,141.32138984,32.31026716,-36.0330362,-46.55803239,-7.38826135999999
-7.95740584467741,166.33427005,142.65021052,31.05957018,-36.31035008,-45.67201564,-8.83551505
-8.20089528097759,166.52124518,143.93169735,29.91093255,-36.60222861,-44.85911247,-10.18973103
-8.45611093921933,166.69281628,145.16052365,28.83824817,-36.87166609,-44.02675853,-11.48469517
-8.71944012588409,166.8373324,146.30809444,27.86923258,-37.1240672,-43.18857505,-12.7248004
-8.98661720084731,166.99522645,147.43837649,26.95687468,-37.38172295,-42.40740847,-13.86859427
-9.25281122889309,167.12796651,148.4740177,26.14722966,-37.63902522,-41.66859001,-14.92900459
-9.51270700347838,167.24981053,149.46097304,25.41644631,-37.87750528,-40.92541348,-15.92760739
-9.76059394427879,167.35658413,150.36669718,24.76991013,-38.11694626,-40.2319222,-16.85763806
-9.9905038623461,167.44354421,151.19471385,24.20510432,-38.34838958,-39.56468806,-17.72286943
-10.1964197792038,167.52020873,151.96411145,23.70730694,-38.57192263,-38.92742424,-18.51403367
-10.3725479972824,167.56865956,152.62880785,23.32167233,-38.79840777,-38.3531113,-19.2067128
-10.513633858952,167.63680552,153.2829582,22.9466516,-39.00324154,-37.77275625,-19.8798225
-10.6152987813327,167.67237732,153.82388101,22.68596855,-39.21777833,-37.27977264,-20.43633835
-10.6743739611731,167.71004854,154.31534064,22.4679363,-39.42690249,-36.83219038,-20.93427387
-10.689204632754,167.75878916,154.77080584,22.29016697,-39.61836211,-36.39466386,-21.38086059
-10.6598979424602,167.79293002,155.15586851,22.14667834,-39.81409824,-36.03572081,-21.774169
-10.588487374447,167.82518243,155.45262917,22.12541141,-40.0115531,-35.74438762,-22.03959703
-10.478987212499,167.84899711,155.67194099,22.17149387,-40.20797716,-35.51647793,-22.21794023
-10.3373117483747,167.87217437,155.85623394,22.22477951,-40.39959171,-35.33949532,-22.36270317
-10.171035865724,167.90101306,155.94629989,22.38640794,-40.59866233,-35.24920122,-22.37698597
-9.98897630073123,167.89686641,155.96178388,22.53926899,-40.79561179,-35.21978835,-22.36484782
-9.80057641738673,167.92867816,155.97161076,22.69755226,-40.97851244,-35.21504736,-22.32551048
-9.61508191177983,168.00474949,155.98411297,22.85788591,-41.13863714,-35.20012323,-22.29875484
-9.44050072903944,168.01084858,155.85023222,23.04089757,-41.30842581,-35.27974639,-22.21183628
-9.28234798137461,168.03396636,155.71252279,23.20419346,-41.46634553,-35.3821793,-22.08294998
-9.14218622762642,168.09689951,155.59801262,23.27206881,-41.58622526,-35.40443742,-22.13073666
-9.0159836094812,168.10979147,155.37984494,23.32467246,-41.70379041,-35.47874903,-22.13346786
-8.89232755633441,168.1161526,155.09735396,23.37383217,-41.8421523,-35.66505276,-22.02810016
-8.75055057687531,168.14773783,154.87390019,23.2438056,-41.90427199,-35.64135992,-22.25367291
-8.55884751482411,168.14067208,154.52484132,23.15885328,-42.01471886,-35.81078937,-22.25147415
-8.2724909248879,168.13181167,154.21558184,22.89092333,-42.03799053,-35.72422843,-22.6116779
-7.83251652755925,168.10902432,153.83912014,22.61851552,-42.07897291,-35.7194713,-22.87786968
-7.16767278931029,168.06446685,153.40274845,22.33048234,-42.12241276,-35.74201305,-23.12307228
-6.20679876657079,168.01534874,152.96835121,21.96546662,-42.12225582,-35.63958693,-23.46982377
-4.90357991355264,167.9691701,152.52420781,21.58875981,-42.09834756,-35.47636474,-23.82211498
-3.25878486112088,167.92432882,152.02685582,21.2951717,-42.07422836,-35.34369869,-24.063536
-1.32225010351737,167.8362925,151.50385803,21.00012488,-42.0023031,-35.06278184,-24.30120032
0.825814399860545,167.79223896,150.97113457,20.81625722,-41.92303157,-34.79865369,-24.42702612
3.10226571630016,167.7034945,150.38947717,20.70289507,-41.80090922,-34.41819999,-24.48154149
5.44459856732887,167.6603818,149.86478332,20.67585719,-41.63561355,-33.92858141,-24.38916843
7.81955153444058,167.61363017,149.3051657,20.78001721,-41.43286049,-33.36791407,-24.19306762
10.2107483693852,167.57917664,148.75917804,20.97253552,-41.18489549,-32.70045136,-23.89488153
12.5943142280488,167.54969023,148.20741966,21.27647155,-40.89313926,-31.93714091,-23.49029539
14.9258546814605,167.54191421,147.69027273,21.66553003,-40.54544982,-31.04552018,-22.98203252
17.153133120717,167.55806152,147.2191526,22.12807045,-40.13301804,-30.0060513,-22.39976635
19.2388167742709,167.58085771,146.78032483,22.65468173,-39.64951884,-28.80163284,-21.77728844
21.1660507634356,167.63308827,146.39548757,23.23148894,-39.10310047,-27.4595613,-21.11526324
22.9245142008886,167.7073316,146.072705,23.83658191,-38.48211418,-25.95245222,-20.44611267
24.4992266669614,167.79765606,145.77006536,24.49011949,-37.8085461,-24.33824515,-19.78967278
25.8758038266972,167.90927975,145.5377808,25.1423563,-37.05737794,-22.55357182,-19.17972402
27.0505955184596,168.0427969,145.35873133,25.80222955,-36.24066775,-20.63462945,-18.63071432
28.0297873164219,168.19231653,145.22904576,26.45459739,-35.35844401,-18.58045726,-18.17225508
28.8203859830972,168.36101467,145.15624544,27.08992444,-34.41259417,-16.39732002,-17.81543289
29.4262896858554,168.54776818,145.1253855,27.71753751,-33.41186977,-14.11056173,-17.57499369
29.8526959489377,168.75890937,145.15455309,28.31684407,-32.35497987,-11.71349415,-17.479117
30.1105909837459,168.97370608,145.20720734,28.90270185,-31.25417581,-9.24422647,-17.49846119
30.216287366007,169.20497195,145.30007794,29.4628977,-30.11160733,-6.70503550999999,-17.66208564
30.1883256916566,169.45676079,145.44910976,29.97762885,-28.92630437,-4.09130467,-18.00273113
30.0439108888225,169.71057108,145.60047463,30.49719453,-27.72265982,-1.47344082000001,-18.44819426
29.7967676073571,169.98484445,145.80545773,30.97496294,-26.48924547,1.18402748,-19.0517776
29.4580307587873,170.2717413,146.04671327,31.41686123,-25.23722271,3.85102760000001,-19.79431477
29.0377515775696,170.5656916,146.29895434,31.84823235,-23.98061763,6.48783601000002,-20.64909345
28.5442650693839,170.87027617,146.58274663,32.24937585,-22.71743449,9.10237849000001,-21.61676457
27.9831676967455,171.18633751,146.89669514,32.6166957,-21.45331832,11.67914839,-22.68407137
27.3583290582849,171.5113445,147.23591745,32.95456208,-20.19255379,14.2065658,-23.82540507
26.6734752054889,171.84366983,147.59537299,33.2665989,-18.94233731,16.66585053,-25.02907534
25.9318856590067,172.18384277,147.98176518,33.54489531,-17.70064974,19.06238326,-26.27386724
25.1363391446777,172.53175033,148.39102831,33.79447488,-16.47294994,21.38199122,-27.53964517
24.2919034313049,172.92002359,148.89559724,33.94585003,-15.23878352,23.67868114,-28.86419825
23.4075203566529,173.26241509,149.3280373,34.14659455,-14.04328458,25.83575689,-30.12391515
22.492793063344,173.62737911,149.79695101,34.30845969,-12.86387506,27.90798444,-31.36260164
21.5550171301478,173.9791325,150.26769145,34.45685326,-11.70607673,29.88818682,-32.55561444
20.6019030958129,174.34479271,150.76841501,34.57487766,-10.56673487,31.78057065,-33.7024859
19.645671195573,174.71008402,151.28449137,34.66544005,-9.44419468999999,33.59022909,-34.79940159
18.7009341211697,175.07505014,151.81115804,34.7349781,-8.34116567999999,35.310549,-35.83445385
17.7783223323728,175.44226373,152.35111965,34.78398471,-7.25694977999999,36.94304857,-36.80255399
16.8826953639104,175.81215702,152.90434796,34.8143033,-6.19069213,38.48977456,-37.70044979
16.0172893348503,176.18258519,153.46727685,34.82674506,-5.14210376,39.95196339,-38.5247432
15.186391615835,176.55727868,154.04211884,34.82629767,-4.11135498000002,41.32845765,-39.26689659
14.3933885268284,176.93264719,154.62154212,34.81600557,-3.09933894,42.61809786,-39.92721241
13.6386774232661,177.31172923,155.21098742,34.79303671,-2.10357875,43.82657739,-40.50487114
12.9204551680704,177.69476624,155.8083443,34.76171958,-1.12484458999998,44.95218573,-40.99494586
12.2361596063633,178.08124987,156.41122791,34.72361773,-0.162186439999999,45.9976426,-41.39993792
11.5828150169889,178.47171738,157.01990053,34.68300759,0.783646419999997,46.96186286,-41.71148056
10.9577379751277,178.86696304,157.63476491,34.6366423,1.71377741000001,47.84842178,-41.93891035
10.3596674242166,179.26704624,158.25580226,34.58614795,2.62901361000002,48.65956334,-42.07930909
9.78790267436487,179.66025725,158.85909803,34.54654763,3.52156195000001,49.37775876,-42.13578783
9.24014858993366,180.0636085,159.48223578,34.49289314,4.40353906999999,50.03494148,-42.10942431
8.71275772564834,180.47542033,160.11493399,34.4365722,5.27195737,50.62341504,-42.00296647
8.20341903697902,180.92115382,160.78682522,34.37880164,6.12639186000001,51.14053574,-41.81021019
7.71251918278553,181.30914867,161.38048344,34.33818678,6.95538773000001,51.56778428,-41.54070117
7.24141924764516,181.76216647,162.06019203,34.2783695,7.77595368000001,51.94398364,-41.18850656
6.79008989967594,182.15566645,162.65029806,34.24760231,8.5675799,52.22137957,-40.78201736
6.35693822463898,182.58014649,163.28450205,34.20383876,9.34694178000001,52.44431937,-40.29762289
5.9403083356027,183.0536313,163.97181129,34.17099499,10.10658274,52.58580545,-39.69922861
5.53949243710928,183.47557852,164.59543229,34.14409609,10.84731613,52.66555767,-39.0558122
5.15452868858803,183.90561163,165.22416359,34.122972,11.56780054,52.67514779,-38.34325731
4.78513091529479,184.33381213,165.85207457,34.10355131,12.27055061,52.62567098,-37.56808758
4.4294268261012,184.76701388,166.48205756,34.0902696,12.9536084,52.51168828,-36.72652067
4.0840148266114,185.2014178,167.11149546,34.08338739,13.61678585,52.33584429,-35.82469167
3.74573427042289,185.63206301,167.73918286,34.07568116,14.26423239,52.11242131,-34.86476493
3.41293631592693,186.0372768,168.33296269,34.06908917,14.89113638,51.83498501,-33.87455951
3.08462381177759,186.5021015,169.00291798,34.06901575,15.50453064,51.50833372,-32.78700148
2.75885747277383,186.93643167,169.63313665,34.07139813,16.09852926,51.13364694,-31.66964498
2.43269123167329,187.34428962,170.23312713,34.06059162,16.67410551,50.71815864,-30.52552115
2.1035330040107,187.79554323,170.88450263,34.06033376,17.23424192,50.25708616,-29.30973619
1.77001752497173,188.23108872,171.5148541,34.06396638,17.77706589,49.75452938,-28.04976916
1.4318525223655,188.67711509,172.14847694,34.09656206,18.30164835,49.20355514,-26.7335896
1.08936366288579,189.1090443,172.76547916,34.11439768,18.80921833,48.6182657,-25.37749144
0.74280932700483,189.54072395,173.38123115,34.13535932,19.30230588,48.00164479,-23.97588178
0.391772480250547,189.97012527,173.99234863,34.15457597,19.77959641,47.35428687,-22.53958263
0.035765843756893,190.39523664,174.58505873,34.18157239,20.23629225,46.65844917,-21.04383212
-0.324233748739269,190.80712603,175.16516251,34.20719395,20.6832573,45.94925205,-19.51517317
-0.685556302156892,191.24101632,175.76771034,34.24546724,21.11726874,45.21841671,-17.95822588
-1.04565794946275,191.66165482,176.3480589,34.28556945,21.53695391,44.46237169,-16.36729104
-1.40348207924563,192.09082942,176.9415675,34.34400465,21.95112114,43.70655401,-14.75662572
-1.75831792579344,192.50184898,177.49838061,34.39960712,22.34540907,42.91219227,-13.11578683
-2.10785531154379,192.90060781,178.02601765,34.45649799,22.72185229,42.08553408,-11.45924898
-2.44806283893669,193.29368365,178.54439022,34.52349774,23.09122828,41.25691263,-9.79277949
-2.77438916424804,193.68382448,179.0513252,34.60609187,23.44736862,40.41221487,-8.12304032999999
-3.08231323000509,194.07071347,179.54595141,34.70347092,23.79442704,39.56307774,-6.4596276
-3.36715180542791,194.42979257,179.98928162,34.80815411,24.12265196,38.68116162,-4.7890282
-3.62397854820921,194.8063178,180.45309535,34.94959438,24.45424698,37.83198705,-3.14995912
-3.84768374885496,195.13407248,180.82696167,35.08342817,24.74852414,36.90297692,-1.49963859
-4.03311630869588,195.48697769,181.24191507,35.25018661,25.05896205,36.04475688,0.0904982200000006
-4.17591427557975,195.78915011,181.55388938,35.42621221,25.32740738,35.09361731,1.69735457
-4.27389422231063,196.11026613,181.90275619,35.63020272,25.61744365,34.23211814,3.21915732
-4.32747380419939,196.39505743,182.17242078,35.85552825,25.87292014,33.30260588,4.74493869
-4.33850486936993,196.6658925,182.42239444,36.09333588,26.13453422,32.41785218,6.20327262
-4.30899876721543,196.91869811,182.62816114,36.35822973,26.37745066,31.51358913,7.63508166
-4.24111448038028,197.15424894,182.79844312,36.64559808,26.61231849,30.62013531,9.02623404
-4.1378854984628,197.35715978,182.89836834,36.94882097,26.81876899,29.68537433,10.37044519
-4.00337598854744,197.57557929,183.03445887,37.25583728,27.07010785,28.90593255,11.61845672
-3.84189010655757,197.76836367,183.10670495,37.61156973,27.28749695,28.0753586,12.86743744
-3.65701545350853,197.94228217,183.14506933,37.96489579,27.50402901,27.28336183,14.04852135
-3.45131941970369,198.10784596,183.17147453,38.30646492,27.72678061,26.55299372,15.14384879
-3.22670301530077,198.26373719,183.16401907,38.68583863,27.94062803,25.8430746,16.21520703
-2.98500801078911,198.39905993,183.12202892,39.05808092,28.14272097,25.15585912,17.21219384
-2.72832743219585,198.54950786,183.09710332,39.44618917,28.3769312,24.59398117,18.15556746
-2.45852913530643,198.68558927,183.04817587,39.82560141,28.60099113,24.06092074,19.0363704
-2.17662826891729,198.81969607,183.00273846,40.18442212,28.83305616,23.60740059,19.82753649
-1.88318389286863,198.94802152,182.91524758,40.59028517,29.04994925,23.15891588,20.61523406
-1.57947206368984,199.0774236,182.8416541,40.9656702,29.27848709,22.80362305,21.29667176
-1.2681285253632,199.20351185,182.74737235,41.35545723,29.49468322,22.46966086,21.94904386
-0.952685181848965,199.33942311,182.6755497,41.72293061,29.72534297,22.23495844,22.48939331
-0.636610749628464,199.47811469,182.60202379,42.07547316,29.9507627,22.04615583,22.95024328
-0.322716798291484,199.6192491,182.51747401,42.44999934,30.16377864,21.87669237,23.40084278
-0.0131175873453404,199.75879923,182.43209254,42.80248365,30.36307671,21.72849459,23.80623996
0.290520092720022,199.90498956,182.37163205,43.11431976,30.57266668,21.66527079,24.06688719
0.586663983453968,200.06961421,182.29638319,43.47331952,30.74918544,21.56880446,24.40700788
0.873948469173368,200.22722638,182.24815611,43.77088311,30.9579486,21.61602837,24.52509439
1.15169254055618,200.39062182,182.18736026,44.08334203,31.12615611,21.61161603,24.7174403
1.42016788165975,200.56338054,182.13085948,44.38937155,31.2934782,21.65405604,24.84108821
1.68010863850619,200.7406322,182.07472385,44.6909154,31.44172657,21.69385596,24.96131449
1.93212809978783,200.94587893,182.02191368,45.01317579,31.54212748,21.62436701,25.1874109
2.17686662561816,201.09109432,181.91403953,45.30138633,31.67643476,21.71691486,25.25511288
2.41559053060138,201.27746306,181.85900009,45.5701716,31.73804559,21.63001803,25.50800217
2.6502461098642,201.40865218,181.71070705,45.85911134,31.82816346,21.67774161,25.64287173
2.88267220721967,201.59391938,181.65121378,46.07355056,31.85771167,21.57361951,25.93418439
3.11373750037589,201.69669705,181.46215645,46.36256033,31.88212153,21.48538221,26.26435518
3.34313101531521,201.80839042,181.29051013,46.60058151,31.91429645,21.45945771,26.57611332
3.56985105812041,201.94563748,181.13094117,46.84073345,31.88864273,21.26995788,27.04159705
3.79305956174247,202.01958469,180.90341336,47.03838234,31.89210368,21.19782424,27.45010308
4.01263631003419,202.11279571,180.66650839,47.27347371,31.82078373,20.91192267,28.08685572
4.22896704460276,202.16548829,180.38029925,47.4795812,31.75800008,20.66677554,28.72262082
4.44241961355426,202.21588759,180.08668007,47.66367976,31.68190187,20.3938388,29.41069955
4.65299417850679,202.23192909,179.72047863,47.87693954,31.59230826,20.09328601,30.1391446
4.86009476591462,202.25725586,179.39092011,47.99016539,31.46937106,19.69291716,30.94662074
5.06267183019186,202.25507573,178.99558766,48.13266703,31.34080971,19.28800928,31.75341479
5.2600336659426,202.23671593,178.5607326,48.27508351,31.18323921,18.80297962,32.60548004
5.45243474796035,202.20509352,178.09565872,48.39740934,31.01296123,18.28909102,33.43225801
5.64012778587966,202.15913981,177.59268293,48.50818893,30.82206818,17.72414732,34.23498762
5.82186080466664,202.10005159,177.05434302,48.60698391,30.61841774,17.13235914,34.97108793
5.9955250210836,202.02417834,176.4664661,48.70940038,30.3824878,16.45022625,35.71087226
6.16067001965129,201.93618595,175.84285871,48.79924744,30.1342681,15.74017802,36.37294612
