knee_moment,thigh,shank,foot,thigh_,shank_,foot_,shank_new,shank_new_second derivative,T_physics,knee_moment_minus_T_physics
8.47322346322062,213.43674588,188.79996713,23.42689392,63.9581221,70.73819451,-3.89527921,0.1535884004857758,-58.32274258939556,-8.43208543053973,16.90530889376035
9.14492357450043,212.66163384,186.27716828,23.76940921,63.20145797,69.1643724,-4.77795431,0.1095572541877495,-85.73633244450124,-13.074904456391016,22.219828030891446
9.78259949943199,211.8148707,183.58728708,24.29217065,62.32995521,67.31584272,-5.54130581,0.0626099707602534,-98.62762053372263,-15.412513133168574,25.195112632600562
10.3793190139298,210.89570812,180.74033758,25.00885587,61.34847881,65.21070813,-6.16725796,0.0129213283472467,-86.35444428973943,-13.74073578986613,24.12005480379593
10.9288290353646,209.95337928,177.80951239,25.91705058,60.27964585,62.90547847,-6.61972571000001,-0.0382312210186413,-85.46705257552371,-13.899473233513877,24.828302268878478
11.4258720652016,208.91064875,174.70873236,27.04669357,59.09843016,60.35065254,-6.88991133,-0.09235004192223,-66.35137234029695,-11.158466292101112,22.584338357302713
11.8664696037566,207.8404023,171.54204756,28.37315385,57.83394829,57.61603502,-6.94990689999999,-0.1476191180550884,-49.13361374823193,-8.726229555674887,20.59269915943149
12.2481620769934,206.72192403,168.29696178,29.89843963,56.48650553,54.70856663,-6.79696203,-0.2042565494257364,-40.87894815123736,-7.733326319344179,19.98148839633758
12.5701877159498,205.56195369,164.99306786,31.62077323,55.05873184,51.64058193,-6.41345352,-0.2619203764663587,-27.014733251801992,-5.844900466891478,18.415088182841277
12.833532822198,204.36539298,161.65097208,33.51928807,53.55657151,48.43257203,-5.80437841,-0.3202509517443666,-13.775882040663667,-4.0551931329015325,16.88872595509953
13.0407465664246,203.13556377,158.28930514,35.57445729,51.98695019,45.10622298,-4.98106986,-0.3789231082028091,-0.5534735764101129,-2.2636864494441147,15.304433015868714
13.1955098491564,201.87682929,154.92605239,37.76442456,50.35832062,41.68822255,-3.94830343,-0.4376229422670631,12.85969239378364,-0.4343204037171331,13.629830252873532
13.302097997302,200.59508536,151.58237125,40.05321768,48.67038711,38.1854076,-2.73473932000001,-0.4959811872969006,24.63008465881877,1.14255190626807,12.159546091033931
13.3648812457824,199.2948825,148.27481331,42.41528393,46.93630506,34.63434484,-1.36640383,-0.5537089635503814,34.92742252582044,2.4964154237213636,10.868465822061037
13.3879190483708,197.97751914,145.01655735,44.81378006,45.1519309,31.03259434,0.133816000000003,-0.6105762579251103,44.088530105837975,3.6829274184281164,9.704991629942684
13.3746617737322,196.64899863,141.82369362,47.23275027,43.32875969,27.40904044,1.75461575000001,-0.6663022425811175,54.25940665124038,5.0471748734799835,8.327486900252216
13.3277647857081,195.31010913,138.70335212,49.63737951,41.46948207,23.77757502,3.45486549,-0.7207624755427361,57.46702860109032,5.314173219474924,8.013591566233176
13.2490119879272,193.97459923,135.68345743,51.97603648,39.56692842,20.12501298,5.18806245,-0.7734695809467296,56.62248122934024,4.951700267150211,8.297311720776989
13.1393390989839,192.61094944,132.71940871,54.31036205,37.6523092,16.52808874,6.98919568,-0.8252019903002529,65.65967043245635,6.185600473578944,6.953738625404956
12.9989448198959,191.25390591,129.86764416,56.56149716,35.70748766,12.94218103,8.80499144,-0.8749746711894076,70.77831446684843,6.811469988841109,6.187474831054791
12.8274800647843,189.89122492,127.1116675,58.73846461,33.74419176,9.39847569,10.62566261,-0.923075538014524,73.87245685406825,7.13052196240877,5.69695810237553
12.6242963112167,188.52628482,124.45736076,60.83105813,31.76636462,5.90712293999999,12.43366929,-0.9694019299854008,72.54603629314289,6.759026641354937,5.865269669861763
12.3887153632016,187.17614165,121.92718429,62.8194974,29.77648569,2.47038297000002,14.21963875,-1.0135618400433883,67.83118290785043,5.8625105397759825,6.526204823425617
12.120281583135,185.7992046,119.46273553,64.73249146,27.78471295,-0.879156430000009,15.9577661,-1.0565745851520798,76.23024832051684,7.077266156291304,5.043015426843696
11.8189747161581,184.43684355,117.13134513,66.52110396,25.78805382,-4.15490600000003,17.63278449,-1.0972650237814676,81.00484083544579,7.727789425048757,4.091185291109344
11.4853742217301,183.07581641,114.90487745,68.19457688,23.79131888,-7.34719095000003,19.24138425,-1.136124215486707,81.82964678802529,7.7595354508774035,3.725838770852696
11.1207702996745,181.72730559,112.79962952,69.74306667,21.79847745,-10.44706743,20.76678636,-1.1728677234360023,83.83034039886495,7.992284398999412,3.1284859006750887
10.727219204896,180.39209981,110.81586871,71.15770391,19.81155757,-13.45199437,22.19863248,-1.2074908811425318,85.46591811150472,8.178350434525768,2.548868770370232
10.3075429294464,179.06712736,108.94822638,72.44309557,17.83148812,-16.36188808,23.53527294,-1.2400873890506503,83.90147827384897,7.862859732490776,2.4446831969556246
9.86527575953581,177.7653313,107.21654361,73.5856796,15.86483199,-19.16282096,24.75968033,-1.270310954987206,92.253013134993,9.143947617794744,0.7213281417410666
9.40456243963946,176.45816825,105.5775433,74.58683464,13.89971343,-21.89242048,25.89999442,-1.2989169068379138,105.68851582894112,11.24614731502197,-1.8415848753825106
8.93001456752643,175.23319176,104.14578934,75.44263015,11.96982207,-24.45622657,26.87377477,-1.323905727518381,94.16460594219078,9.364636104776539,-0.4346215372501092
8.44653332137596,174.00773664,102.81241081,76.16477875,10.04864607,-26.93654489,27.75568694,-1.347177573042283,84.45830811840248,7.779733408452519,0.6667999129234401
7.95910763794036,172.8126937,101.61455852,76.74302659,8.14516087000001,-29.31115811,28.52341357,-1.3680840394553369,94.3062655909266,9.329400638006051,-1.3702930000656917
7.47259750190636,171.6353514,100.53118878,77.18915804,6.25198820999998,-31.60663142,29.20685614,-1.386992408434812,109.050519132452,11.66712835340134,-4.19453085149498
6.99151209423328,170.52120765,99.6236628,77.49381521,4.39490463000001,-33.7509033,29.73781088,-1.4028317248332,105.93542406756252,11.152416629045625,-4.160904534812345
6.51979223409427,169.45840317,98.8747802,77.65183212,2.57362144999999,-35.74676807,30.10058786,-1.4159021919140955,92.29285551115352,8.957253013797455,-2.4374607797031853
6.06060589430068,168.41921648,98.23973235,77.69572585,0.766144789999998,-37.66470673,30.39488558,-1.426985867804307,92.74807926798356,9.020391420588142,-2.9597855262874617
5.6161646317995,167.42496821,97.74717073,77.60491257,-1.01174232,-39.46235718,30.56368649,-1.435582689842264,96.68283680014156,9.642923263869244,-4.026758632069744
5.18756760985205,166.4742208,97.38720925,77.40354212,-2.7707197,-41.17093635,30.64401262,-1.4418652028486156,91.86514512466104,8.867227866207806,-3.6796602563557554
4.77467854250284,165.56594608,97.17351311,77.05557774,-4.47901028999999,-42.70631087,30.55119915,-1.4455949040904184,94.65003436704534,9.310030994219433,-4.5353524517165935
4.37603938916989,164.68363315,97.06103466,76.62422587,-6.15555008000001,-44.12054643,30.31151206,-1.447558023380458,94.60656868735208,9.301646283024784,-4.925606893854894
3.98882299504636,163.89300365,97.14216024,76.04872136,-7.82310077,-45.48720012,30.09012527,-1.446142114901868,90.16414374500847,8.591887571773785,-4.603064576727426
3.60882516533813,163.08296452,97.27691578,75.37485953,-9.43109606000002,-46.66100798,29.61231506,-1.4437901870435654,98.65755642105567,9.952569158903838,-6.343743993565708
3.23049494013547,162.39167349,97.62740986,74.59766531,-11.02981075,-47.78775362,29.16437415,-1.437672911338817,88.79325394008264,8.378945950838615,-5.148451010703145
2.84700016428068,161.70528599,98.05806306,73.70620558,-12.58252585,-48.76660677,28.53282805,-1.4301565950645672,83.29684386107594,7.505551059978543,-4.6585508956978625
2.45032389814352,161.06724837,98.62140735,72.72078804,-14.09424504,-49.61475962,27.79964273,-1.4203243823817575,90.73372496508414,8.703837399383158,-6.253513501239638
2.0313858815076,160.48210105,99.3164661,71.62652692,-15.57478846,-50.36031403,26.96214964,-1.4081933186994613,88.44252304557543,8.348365398954746,-6.316979517447146
1.58018268935566,159.9428824,100.13527079,70.43102154,-17.01920422,-50.99266723,26.02037265,-1.3939024809281897,90.14565896289903,8.635062603626418,-7.0548799142707574
1.08594578383226,159.45376604,101.08160747,69.13475991,-18.42659951,-51.5122908,24.97616951,-1.377385790029798,91.22528473160196,8.825681597165211,-7.739735813332951
0.537329055490923,159.02667526,102.16563081,67.72555345,-19.80462283,-51.93871316,23.83923895,-1.358466013578332,84.51859004544148,7.775024608551018,-7.237695553060095
-0.077361588571147,158.64473056,103.36943122,66.20715129,-21.14747062,-52.25980544,22.59996711,-1.3374557328869745,81.14001833134266,7.261754559489301,-7.339116148060448
-0.769898083937271,158.30499151,104.68024668,64.61690191,-22.44961076,-52.46674176,21.25845064,-1.31457768722393,85.1497447361882,7.935910693519957,-8.705808777457229
-1.55182608956656,158.0256869,106.12215303,62.90066318,-23.72546274,-52.59371426,19.82471761,-1.2894116739110164,83.30827227701842,7.6805730246469,-9.232399114213461
-2.43412627397209,157.79926518,107.68273465,61.08024746,-24.96963998,-52.62943201,18.29178962,-1.2621743863959094,76.35460477505296,6.614548803713607,-9.048675077685697
-3.42683580632809,157.62185702,109.35219608,59.160981,-26.18159904,-52.57679742,16.66276087,-1.2330367877073567,70.65731428046674,5.7573934392438675,-9.184229245571958
-4.53862440080339,157.48902579,111.12270228,57.14174778,-27.36236077,-52.43793378,14.93843333,-1.2021356250903834,69.99525504464809,5.714313184215066,-10.252937585018456
-5.776320040465,157.40208187,112.98707572,55.04124716,-28.51957519,-52.240495,13.14461852,-1.1695961700756503,67.71497190493747,5.421308854491161,-11.19762889495616
-7.1443819197485,157.37288403,114.96371318,52.82861765,-29.6455329,-51.95599126,11.23768524,-1.1350973382803926,62.6299516385953,4.690129734837253,-11.834511654585754
-8.64432415684645,157.37475286,117.00993357,50.55498427,-30.74310617,-51.6051747,9.26950213999999,-1.0993840552534502,55.74625787699849,3.680745791178281,-12.32506994802473
-10.2741495301494,157.43920761,119.16356727,48.17146677,-31.80677343,-51.1633102,7.18136318,-1.0617960563065425,45.58758641905687,2.1594089812711967,-12.433558511420596
-12.027955360301,157.51835348,121.35219395,45.76555419,-32.83817229,-50.64901322,5.03134089,-1.0235973146435502,39.82876259636221,1.3511689425766704,-13.37912430287767
-13.8958406754826,157.65875618,123.62461899,43.29540898,-33.86430067,-50.14213116,2.89541443,-0.9839360156907864,31.976189443091485,0.22001202944038667,-14.115852704922986
-15.8640649048373,157.82073134,125.92265633,40.83597195,-34.87159097,-49.6099253,0.760014679999998,-0.943827697774014,24.461787795033807,-0.8477950436802333,-15.016269861157067
-17.915347251803,158.01537254,128.26888078,38.30451624,-35.8164032,-48.90798767,-1.57260592,-0.9028783561307212,18.40327872246519,-1.671939121849689,-16.24340812995331
-20.0292692113435,158.2410245,130.63327443,35.80496414,-36.76621666,-48.26291197,-3.78773347,-0.8616119021249744,2.5442380091288186,-4.0552141888927125,-15.974055022450788
-22.1827792486648,158.50375868,133.01858559,33.30065925,-37.70690034,-47.63094858,-5.96199086,-0.8199803686984094,-22.36693367104401,-7.87776811513798,-14.305011133526822
-24.35078698271,158.77049917,135.35846994,30.87518521,-38.6397583,-47.02067742,-8.10957203,-0.7791416826750219,-34.47990614297787,-9.6484785312575,-14.702308451452502
-26.5068219980071,159.02476024,137.64013731,28.52491325,-39.51133937,-46.27918802,-10.29599003,-0.7393190746332021,-33.37119446229728,-9.301246404599855,-17.205575593407247
-28.6236921720277,159.30504253,139.88611014,26.23758622,-40.39795927,-45.64530631,-12.34850753,-0.7001194538393672,-62.32848615288828,-13.761094974806966,-14.862597197220733
-30.6739354564292,159.59262471,142.07048617,24.03472252,-41.28425535,-45.08510384,-14.2527798,-0.6619949000142246,-93.18094361176028,-18.523337506234117,-12.150597950195081
-32.629802961034,159.82913786,144.05663442,22.04561425,-42.15590822,-44.55922615,-16.09990855,-0.6273300736190014,-89.98917099683705,-17.84974084519828,-14.780062115835722
-34.462853641929,160.07708633,145.96694755,20.15623809,-43.00563271,-44.06694008,-17.8244424,-0.593988819756423,-98.82685510381854,-19.103162653436815,-15.359690988492186
-36.1436328210357,160.29715877,147.71155873,18.44188837,-43.85764378,-43.68793014,-19.37515103,-0.5635396104983192,-120.50231026918378,-22.421358728050905,-13.722274092984797
-37.6418096172761,160.49660589,149.29717276,16.88791136,-44.71042923,-43.4291802,-20.73334496,-0.5358654250090034,-131.79674950186956,-24.08972175711128,-13.552087860164821
-38.9268261547778,160.6544243,150.67605566,15.55594359,-45.52935131,-43.20292246,-21.99245815,-0.5117993784045555,-131.9873359655271,-23.997685252208317,-14.929140902569483
-39.9689760971704,160.7831065,151.87225822,14.39121148,-46.34663758,-43.11189309,-23.04575374,-0.4909217052117706,-130.480116747394,-23.648879640564623,-16.320096456605775
-40.7408149114821,160.88570576,152.88432086,13.41142868,-47.13798027,-43.09653164,-23.93865484,-0.4732578799073444,-118.83102486537176,-21.693000353973787,-19.04781455750831
-41.2187511287579,160.95682274,153.69974768,12.61734319,-47.91108575,-43.18682373,-24.64868447,-0.4590259970892773,-139.0604991800637,-24.85496168483698,-16.363789443920922
-41.3845878468666,161.04797946,154.41173444,11.93062872,-48.65962936,-43.37254535,-25.20652607,-0.4465994838966705,-162.8865211244601,-28.601421496754245,-12.783166350112356
-41.226795571427,161.00518113,154.73047917,11.57904062,-49.39476938,-43.69064784,-25.5119355,-0.4410363388847904,-124.85091852824092,-22.48618293365109,-18.740612637775907
-40.7414059414151,161.01173987,155.005877,11.28252774,-50.09882677,-44.09553136,-25.67214152,-0.4362297399984426,-130.7358982399337,-23.40219246362553,-17.339213477789574
-39.9325033364881,160.9766644,155.04586759,11.19504994,-50.78220939,-44.6170169,-25.63962361,-0.4355317725331275,-140.32588732237005,-24.932870402777755,-14.999632933710341
-38.8123228337491,160.87792359,154.85095804,11.25288144,-51.44664487,-45.25119324,-25.46061708,-0.4389335859242081,-101.51063567730934,-18.740551081248356,-20.071771752500744
-37.4009754972615,160.81333473,154.5572479,11.44232593,-52.07331618,-45.95441385,-25.09436128,-0.4440597949137017,-99.45971498125203,-18.439655617045652,-18.961319880215846
-35.7258319536943,160.73068191,154.11442598,11.70790156,-52.6703524,-46.72931325,-24.63906471,-0.4517884954177046,-114.28285740496533,-20.85231984944435,-14.873512104249954
-33.82060306394,160.59711437,153.49876602,12.03074584,-53.23462088,-47.55526373,-24.09995503,-0.462533788792401,-109.01720428768856,-20.066509158884436,-13.754093905055562
-31.7241627719655,160.43413635,152.72310138,12.42261398,-53.78051655,-48.46871893,-23.45618618,-0.4760716906516976,-94.18768966687696,-17.764782785342305,-13.959379986623194
-29.4791633527471,160.24391876,151.81566157,12.83776567,-54.29694039,-49.42182126,-22.75112999,-0.4919095030998692,-84.02959067693283,-16.221916405597774,-13.257246947149326
-27.1304975448842,160.030582,150.79212107,13.25155053,-54.78470489,-50.40160071,-22.01064551,-0.5097736548523782,-76.06008220911117,-15.038933747680368,-12.091563797203833
-24.7236654652014,159.78685159,149.65110303,13.65497778,-55.24668167,-51.4071022,-21.26425313,-0.5296881764750307,-67.64904209244244,-13.794800660557753,-10.928864804643647
-22.3031263380524,159.52305244,148.42534859,14.02135414,-55.67905595,-52.40511738,-20.50285362,-0.55108162727397,-56.63050625324244,-12.13970213675693,-10.16342420129547
-19.9107657458962,159.2247403,147.09894403,14.35186304,-56.08038824,-53.38700493,-19.7811409,-0.5742317540594365,-47.38921475673896,-10.776231115263917,-9.134534630632283
-17.5846162052352,158.91704739,145.73410721,14.61756852,-56.44016733,-54.2995513,-19.07212958,-0.5980526503208861,-42.23061664510919,-10.067539681342648,-7.517076523892552
-15.3578961898529,158.5735489,144.27526483,14.86668407,-56.77562593,-55.19188928,-18.41509845,-0.6235142531195161,-22.715599841046696,-7.0677794156117875,-8.290116774241113
-13.2583710052646,158.22675353,142.80090222,15.09424255,-57.06302476,-55.98003198,-17.73109379,-0.649246735032313,8487.208648395597,1354.3984146995704,-1367.6567857048349
-11.3080283029351,157.88213426,141.32143483,15.29869435,-57.29846046,-56.6466627,-17.06980878,-0.6750683121637004,8301.754184030151,1324.6059596401667,-1335.9139879431018
6.23968933162263,215.48839775,188.49582077,29.11901521,60.5138286,64.2677218,1.14803488,0.1482800450958197,-8885.887795343662,-1420.873352103798,1427.1130414354207
6.66153796015419,214.73294292,185.93315256,29.60673644,59.811203,62.74843241,0.284655860000001,0.1035530471951303,-8760.998406268052,-1401.151940717114,1407.8134786772682
7.06843281028928,213.9496882,183.27835253,30.19188059,59.00414797,60.99209177,-0.509406250000001,0.0572180456895862,-127.12369849749886,-20.00353320079932,27.071966011088602
7.46009188241659,213.00495851,180.34804699,30.95743787,58.03898243,58.86327741,-1.12269745,0.0060745659271557,-100.64841161089734,-16.068027629762042,23.528119512178634
7.83606348749981,212.02532859,177.33251915,31.84603676,56.97144097,56.50842669,-1.60603024,-0.046556323566397,139.14038639058467,21.988809521422414,-14.152746033922604
8.19577097113562,210.97051403,174.1862685,32.88751137,55.79199535,53.9074361,-1.91590079,-0.1014687565019085,158.45267622071262,24.75681519893124,-16.56104422779562
8.71244235861658,207.06231873,172.18390146,37.81002782,48.81425946,44.79422652,8.07248597,-0.1364166541833219,-259.4924779163687,-42.318440833811266,51.030883192427844
9.39291484281915,205.98207583,168.93235697,38.17801838,47.52771121,41.85067081,7.38006892,-0.1931668113089015,-285.8378424934511,-46.862825256520225,56.25574009933938
10.0891413648097,204.82151416,165.54850139,38.67994026,46.14264575,38.69436723,6.84079276,-0.2522262325918837,-81.04210885096954,-14.434152384723337,24.52329374953304
10.7980278913756,203.57691576,162.04071524,39.32204439,44.66840586,35.35167688,6.47633651,-0.3134486503652396,-65.13191777324411,-12.234152402284819,23.032180293660417
11.5160338681302,202.27613384,158.44876424,40.16368228,43.10737866,31.82946542,6.33443190999999,-0.3761400218855424,-50.24936085113776,-10.199816304775885,21.715850172906087
12.2390534550876,200.90291243,154.77589511,41.14428855,41.4797076,28.18671765,6.38180055999999,-0.4402436811989022,-30.423432839443265,-7.3735696038298055,19.612623058917407
12.9621765389321,199.48521603,151.06111946,42.32386184,39.78438607,24.42234041,6.66794232,-0.5050787472643149,-11.673215822933791,-4.712907507415899,17.675084046347997
13.6794900927802,198.03787212,147.33676155,43.69322688,38.0305756,20.56736582,7.19610258,-0.5700810553165091,2.6268723678924744,-2.7531381117032017,16.432628204483404
14.3839935482495,196.5473056,143.60659208,45.20737808,36.22849839,16.65109191,7.93054381,-0.6351847942253808,22.087445371270498,0.04523275165869478,14.338760796590805
15.067633385383,195.04043717,139.91267886,46.87385209,34.38651642,12.70231838,8.87181099,-0.6996557421973267,39.360834587916926,2.5112819785407714,12.556351406842229
15.7214464196327,193.52542986,136.27861644,48.67859185,32.5081905,8.73506543000002,10.01403877,-0.7630820966493196,52.28009506906055,4.300840368696507,11.420606050936193
16.335795187076,192.00066375,132.71411714,50.5989478,30.60417545,4.78440553,11.32906162,-0.8252943456193527,69.0635267314267,6.7298490905496795,9.605946096526319
16.9006785028591,190.48317066,129.25018368,52.5993708,28.67941926,0.87034386000002,12.78261974,-0.8857513895663524,81.23572869686785,8.444299770957521,8.45637873190158
17.4061079664109,188.98112942,125.91126028,54.61287837,26.72771214,-3.00967527000003,14.31089019,-0.944026596368236,86.7079834190232,9.110910199402237,8.295197767008663
17.8425370720973,187.48076082,122.68719736,56.66626305,24.76428142,-6.82356308000001,15.94169263,-1.0002971096136983,96.4143946892026,10.477510067424268,7.365027004673033
18.2013012656722,185.99744192,119.60520357,58.69265452,22.79016886,-10.55805305,17.60544541,-1.054088048775217,105.06445241093444,11.697945995311919,6.503355270360281
18.475012017025,184.53516574,116.67662483,60.67505554,20.81242183,-14.19431535,19.28001407,-1.105201390192124,109.63790969220852,12.287964359866486,6.187047657158516
18.6578701551241,183.09162115,113.90112183,62.58186205,18.8348724,-17.71857083,20.91991857,-1.1536430559411044,114.41802617422336,12.93111757535343,5.726752579770672
18.7458909680793,181.67498871,111.29423125,64.39397273,16.86243533,-21.12091169,22.51196004,-1.199141879801329,123.27464186759886,14.245383256370674,4.500507711708627
18.7370429887529,180.2813693,108.85260709,66.09397126,14.89828716,-24.39329323,24.03043903,-1.2417562604895696,121.87227679493206,13.935008838724059,4.802034150028842
18.6313036462855,178.94652538,106.61814934,67.6539943,12.93817057,-27.5475436,25.4677544,-1.280754905223774,110.91015523314152,12.111220500313358,6.520083145972141
18.4306355924785,177.59362772,104.50236906,69.10403819,11.00579938,-30.53156919,26.79608616,-1.3176822373585415,118.26709153076152,13.230087398162397,5.200548194316102
18.1388879915754,176.28476829,102.57753581,70.39741271,9.09202231999998,-33.37109101,28.0074894,-1.3512769151229047,118.92685042262708,13.289403042026173,4.849484949549229
17.7616278821413,175.01087846,100.82975155,71.53862438,7.19907153,-36.06403343,29.09880303,-1.3817815050744373,119.75703547995708,13.38584954569805,4.3757783364432505
17.3059080170384,173.74112752,99.21832294,72.52528853,5.32651792999999,-38.62231831,30.07444614,-1.4099062399797728,130.09679881042402,15.011427508153162,2.29448050888524
16.7799792634883,172.55531727,97.84329131,73.34923087,3.48694355999999,-41.00615754,30.90124683,-1.4339050692423374,119.35549456026928,13.271886445797978,3.508092817690322
16.1929575885283,171.37947965,96.60450982,74.0246353,1.67199096000002,-43.25485054,31.60971805,-1.4555258849555983,113.8597703956612,12.37658461509983,3.8163729734284715
15.554457660906,170.24430484,95.54068768,74.5393779,-0.111013369999995,-45.35041426,32.18029269,-1.4740930839542106,118.207682268352,13.06070120464705,2.49375645625895
14.8742068740291,169.14716948,94.64306513,74.90184245,-1.86223464,-47.2990525,32.62077209,-1.489759552891858,121.38367710683218,13.56068463244405,1.3135222415850514
14.1616548454273,168.09380933,93.91536418,75.1131184,-3.57807027000001,-49.09651023,32.92578508,-1.5024603304392483,119.98945574045683,13.332036813252495,0.829618032174805
13.4255939415741,167.0998885,93.37709768,75.18450779,-5.24388568000001,-50.70554508,33.05743007,-1.5118548531174345,113.12434449940234,12.230106009374158,1.195487932199942
12.673805973191,166.13308889,92.97752962,75.08230795,-6.89339934999998,-52.22697558,33.11375798,-1.5188286313502408,117.5642753662487,12.938222157489307,-0.26441618429830704
11.9127488781483,165.22685678,92.75928498,74.84928381,-8.4916274,-53.56617478,33.00391114,-1.5226377188930706,120.53105584196145,13.411786216432674,-1.4990373382843742
11.1472950337263,164.37904342,92.71328874,74.48488975,-10.0477007,-54.75389644,32.76660234,-1.5234405047246082,110.34275043865448,11.781432005356923,-0.6341369716306229
10.3805299749798,163.58385273,92.83206436,73.96678882,-11.55987707,-55.78664297,32.37590106,-1.5213674790845106,111.86655028467828,12.025829623492818,-1.645299648513019
9.61361695643539,162.81118283,93.08126525,73.31409473,-13.01622939,-56.63653472,31.82379258,-1.5170181030551102,117.98429408672816,13.00598777104332,-3.392370814607929
8.84572926043796,162.1509923,93.54579186,72.52332773,-14.44965272,-57.39469078,31.17525169,-1.5089105842474828,105.77467051680944,11.055203434242479,-2.2094741738045194
8.07404870956274,161.50642451,94.12524197,71.59376729,-15.82873435,-57.97753444,30.35093383,-1.4987972719769391,100.71547937806623,10.2497106777295,-2.175661968166759
7.29382563811463,160.92491789,94.86556358,70.55264358,-17.16416053,-58.41962612,29.41860472,-1.485876222358774,103.6619093146962,10.727094339241473,-3.4332687011268437
6.49849277774963,160.39075748,95.74627588,69.38799973,-18.45608768,-58.72127279,28.3525519,-1.470504892960962,101.0820596075046,10.322676371453023,-3.824183593703393
5.67982339508569,159.91644697,96.77927429,68.11002981,-19.70801618,-58.89399093,27.18294347,-1.4524756695385956,96.67335791696983,9.628848617765879,-3.9490252226801887
4.82812276688425,159.48869065,97.94646733,66.71578893,-20.91856862,-58.9359127,25.89372142,-1.432104307984234,93.02394950021277,9.06029362695094,-4.232170860066691
3.93244245044911,159.11018384,99.24688254,65.21275302,-22.08898953,-58.85075438,24.47657545,-1.4094077809267205,92.6783236937645,9.024941737776578,-5.092499287327468
2.98081929937435,158.78154919,100.67964675,63.60266029,-23.22018263,-58.64446156,22.95365461,-1.3844013280574847,91.64944337306302,8.885760247640597,-5.904940948266248
1.96056723366589,158.50445397,102.24549847,61.88780672,-24.31589242,-58.32728816,21.33529932,-1.3570720599454684,89.13298751497045,8.515061094168928,-6.5544938605030385
0.858652300830776,158.27648993,103.9379388,60.07088151,-25.37555597,-57.89923551,19.61609683,-1.3275334037934292,86.753452736692,8.173676101224736,-7.315023800393959
-0.337847472077803,158.09751369,105.7548088,58.15104599,-26.39993286,-57.36388326,17.79740958,-1.2958230402127195,82.91536899179607,7.607356225445413,-7.945203697523215
-1.64120829696962,157.96699198,107.69329152,56.12688967,-27.39178583,-56.72796432,15.88315892,-1.2619901342557045,78.30732277541719,6.9273128580380225,-8.568521155007643
-3.06245268625285,157.87753081,109.7391892,54.00270328,-28.34822665,-55.99178329,13.86189807,-1.226282483580791,73.4656939092515,6.220021248447291,-9.28247393470014
-4.61066269682335,157.83649313,111.89731215,51.77648919,-29.27186982,-55.16096146,11.74022418,-1.188616132440438,69.5601950766699,5.673851159807784,-10.284513856631133
-6.29221475540679,157.83030234,114.14449702,49.45797048,-30.16671472,-54.25541836,9.53363965,-1.1493953575579374,65.30591488236314,5.0833476878362385,-11.375562443243028
-8.10994452759469,157.87562226,116.49988334,47.0288654,-31.03000342,-53.25645049,7.21972121,-1.1082861111175046,55.86796492172983,3.6766549992650743,-11.786599526859764
-10.0623048529439,157.95160581,118.92398017,44.5300647,-31.86564776,-52.19822309,4.8408927,-1.0659776400468477,46.44531626264872,2.2847089792691593,-12.347013832213058
-12.1427064269408,158.06760869,121.42255439,41.94321681,-32.67070512,-51.05464094,2.34929627,-1.0223692933023982,36.871368501368806,0.8817466172607267,-13.024453044201525
-14.3392551122737,158.21221237,123.96957538,39.2902582,-33.4601929,-49.88835332,-0.186195509999997,-0.9779153909094926,25.74034444654103,-0.7580311168437541,-13.581223995429944
-16.634910487651,158.3839404,126.55648282,36.59316009,-34.23655472,-48.71270771,-2.72321136000001,-0.9327653386371548,10.9431393608439,-2.972325814739155,-13.662584672911844
-19.0079339070102,158.5861986,129.1626519,33.87927273,-35.00215279,-47.52832646,-5.28288472000001,-0.8872791073274837,-7.298279272113284,-5.72681979009949,-13.281114116910711
-21.432528327039,158.79502624,131.75311082,31.1663918,-35.74999246,-46.31678674,-7.87670792999999,-0.8420670700358273,-21.06890787172748,-7.757630036302532,-13.674898290736468
-23.8796389412224,159.01873614,134.31391236,28.48146136,-36.50046438,-45.16145747,-10.4319817,-0.7973726516726861,-40.69384027609697,-10.71829042422971,-13.161348516992689
-26.3178844765111,159.25496989,136.82902287,25.8712092,-37.2530943,-44.05588323,-12.89584661,-0.7534756922216723,-61.40994205683814,-13.848555975360739,-12.469328501150361
-28.7145718476249,159.46733737,139.23201429,23.37788774,-37.99473162,-42.9690813,-15.30765846,-0.7115355800454982,-81.37478780501644,-16.85959150999736,-11.854980337627538
-31.0366190628259,159.68400756,141.55308187,20.97997196,-38.76330781,-42.02918958,-17.54245022,-0.6710253086132012,-105.00201674761502,-20.45644387882439,-10.580175184001508
-33.2509837634921,159.85980058,143.68387303,18.79953822,-39.54174423,-41.19365414,-19.64561771,-0.633835987198812,-113.11733351180077,-21.581144555720883,-11.669839207771219
-35.3244160215669,160.02019199,145.67552363,16.77953196,-40.32042728,-40.4484287,-21.59558856,-0.5990751266794916,-122.41040369122553,-22.901272529171298,-12.4231434923956
-37.2230046378981,160.15143928,147.48761719,14.96205585,-41.10640868,-39.82704601,-23.361277,-0.5674481277033058,-134.95863684400584,-24.75377529202615,-12.469229345871952
-38.9121413743477,160.2474115,149.09660544,13.3707678,-41.91251714,-39.37701896,-24.90135807,-0.5393659851149045,-136.8450358234413,-24.91512721085826,-13.997014163489439
-40.3571215499007,160.31587479,150.51810532,11.99477899,-42.69822377,-38.99608874,-26.28416696,-0.5145561318922002,-139.02275468965053,-25.137473961776095,-15.219647588124602
-41.5243229531806,160.35113011,151.73362295,10.83814072,-43.48523298,-38.75745926,-27.46534098,-0.4933413471326616,-137.60580390044464,-24.801528667044657,-16.722794286135944
-42.3828542670402,160.35929301,152.75205174,9.88941288,-44.2593006,-38.63023402,-28.46334839,-0.4755664115500596,-137.73406116586008,-24.729561213755407,-17.653293053284795
-42.9064713962864,160.34758477,153.58221728,9.13819922,-45.01332202,-38.6050396,-29.28379191,-0.4610772895404631,-141.07079559245005,-25.187416658831193,-17.719054737455206
-43.075433613289,160.30924971,154.19684012,8.6258098,-45.74960199,-38.69376284,-29.91458995,-0.4503500973245051,-134.05083524949677,-24.00758445914947,-19.06784915413953
-42.8780075485703,160.25477649,154.62253549,8.29920288,-46.46419018,-38.89361377,-30.36889038,-0.4429203115075096,-129.84211338465056,-23.294787375850362,-19.58322017271994
-42.3114910075611,160.19703556,154.87357379,8.14395217,-47.17268679,-39.25103685,-30.61283347,-0.4385388666239002,-160.2155442863634,-28.13123532813387,-14.180255679427233
-41.3827371505803,160.11928984,154.91891319,8.19023883,-47.83053831,-39.64616035,-30.74930269,-0.4377475448130212,-132.5529640148515,-23.701009027728922,-17.681728122851375
-40.1081927638685,159.93676326,154.63234001,8.45488425,-48.50959334,-40.27156028,-30.64406353,-0.4427491903519317,-66.71630846958432,-13.193749453763436,-26.914443310105064
-38.5134790646127,159.90498657,154.45581835,8.66644052,-49.08353327,-40.77061918,-30.6475568,-0.445830074520018,-107.5072780638775,-19.736661450487837,-18.776817614124866
-36.6325557807451,159.8115642,154.00884994,9.08409311,-49.67169594,-41.47598008,-30.39002923,-0.4536311449269216,-133.4155092218392,-23.92328747769923,-12.70926830304587
-34.5065198465844,159.67789764,153.37675218,9.57395991,-50.23859235,-42.26330164,-30.06249529,-0.4646633320334025,-98.16906145270198,-18.342006339532514,-16.16451350705189
-32.1820994419651,159.54472662,152.62094531,10.1063528,-50.76033639,-43.05975647,-29.75266175,-0.4778546504240955,-86.37746343724885,-16.524460326813145,-15.657639115151955
-29.7099123688133,159.39349148,151.73521872,10.66076941,-51.2537108,-43.89851078,-29.40932308,-0.4933134956920572,-77.57889215880608,-15.197078549097132,-14.512833819716167
-27.1425645908941,159.2321151,150.73813427,11.21797981,-51.71394148,-44.74882863,-29.06834099,-0.5107159022649942,-69.91525264238962,-14.060595721202283,-13.081968869691817
-24.53266954363,159.06553452,149.64919095,11.78428827,-52.13763576,-45.5837486,-28.71559794,-0.5297215485665925,-67.744398156121,-13.810226966834659,-10.722442576795341
-21.9308754600421,158.87193436,148.45473834,12.31144101,-52.54169912,-46.43287954,-28.39275564,-0.5505686793701319,-60.97004752684483,-12.83145871436706,-9.09941674567504
-19.3840221069897,158.65611441,147.17501637,12.79230376,-52.91316481,-47.24294233,-28.11663576,-0.5729040412567399,-51.96604750478446,-11.501966748468787,-7.882055358520914
-16.9336004344886,158.41819801,145.82200977,13.22791861,-53.25023559,-47.99856964,-27.87867072,-0.596518461227954,-43.9117596685346,-10.329063387936301,-6.604537046552299
-14.6146599542476,158.15841021,144.40309827,13.62943886,-53.55289774,-48.68665714,-27.6713549,-0.6212831386973657,-37.80029032513843,-9.4706709771513,-5.143988977096299
-12.4551926108526,157.88394229,142.93768535,14.01766764,-53.81401319,-49.2809095,-27.47032249,-0.6468594190526297,5054.975446033837,805.2522937984593,-817.7074864093119
-10.4759501486632,157.59835558,141.41460046,14.44457454,-54.03927766,-49.79671959,-27.25881236,-0.6734422651705054,4818.891992506314,767.3554779041166,-777.8314280527798
7.97870596494507,205.07882805,169.01623679,40.04487153,48.34974378,43.79139036,10.2493117,-0.1917028322739214,-5610.727069811457,-898.8366523259415,906.8153582908866
8.3896991475446,204.13432,166.03631996,40.73479255,47.20330425,41.15137082,9.71354591,-0.2437121923930137,-5389.475497571209,-863.7349634411814,872.124662588726
8.8021789732645,203.11947929,162.94769012,41.58475816,45.9511184,38.28896724,9.3897619,-0.297618952476359,-56.59803091185385,-10.779963602675183,19.582142575939685
9.2166925981767,202.04188494,159.77861948,42.58189829,44.61674708,35.26591248,9.25758102,-0.352929669372643,-39.42647467575551,-8.340648442786328,17.557341040963028
9.63298961202626,200.91378455,156.55486062,43.72654731,43.19732471,32.08363447,9.34195703,-0.409194875769982,-26.171304636101134,-6.5268890614971244,16.159878673523384
10.0498176610588,199.73842178,153.29502194,45.01534871,41.72295797,28.81125579,9.61372509,-0.4660897938198479,-12.94208415177689,-4.713185567459727,14.763003228518528
10.4647025483202,198.51907248,150.01208059,46.44365889,40.18632758,25.44218917,10.09726868,-0.5233879295272151,2.0222798430259203,-2.6153614832167738,13.080064031536974
10.8738240986255,197.27246365,146.73727172,47.99850648,38.59610755,21.99904441,10.77645649,-0.5805441266822304,15.356148523978952,-0.7680727402176712,11.64189683884317
11.2720189118159,195.99927197,143.48088737,49.66663117,36.96051034,18.50702491,11.64173452,-0.6373787553001456,28.859525327208324,1.1183895434487359,10.153629368367165
11.6529014282277,194.71246487,140.26750575,51.41252787,35.28309823,14.98285804,12.6583448,-0.6934628446922151,40.156313773070806,2.666490297930221,8.98641113029748
12.0090888726581,193.41636797,137.11504705,53.21837968,33.56775566,11.43491591,13.81879448,-0.7484836285403553,48.30672387253756,3.7275684474258037,8.281520425232298
12.3325108409992,192.1102867,134.02781851,55.0683764,31.82194865,7.88457845999997,15.10395621,-0.8023659313248926,56.50218615597904,4.812615426918691,7.519895414080509
12.614780695034,190.80473233,131.02598387,56.92481228,30.04921033,4.34607191000002,16.47355693,-0.8547578293933112,63.26683973593816,5.686751931961075,6.928028763072925
12.847607189797,189.49689313,128.11186495,58.77575752,28.25549688,0.833212019999976,17.91556587,-0.9056187993419724,68.9084175754738,6.3989203126551235,6.448686877141876
13.0232307116107,188.19427188,125.29941298,60.59286596,26.44455783,-2.64150445999999,19.3942133,-0.9547053462726732,72.79721360711537,6.848630335761893,6.174600375848806
13.1348626761484,186.89530128,122.59072754,62.36161504,24.62090971,-6.06750008999998,20.89478741,-1.0019808256015046,75.94908799533187,7.19772136107577,5.93714131507263
13.1770881552147,185.60099016,119.9899394,64.06526464,22.78957888,-9.43241547000001,22.39368374,-1.047373141791324,79.30636145656375,7.596272300953814,5.5808158542608854
13.1461900646283,184.31609431,117.50474635,65.68959645,20.9543643,-12.72736112,23.87070004,-1.0907479430615037,81.93501929627978,7.894204322058297,5.251985742570003
13.0403730332165,183.03902065,115.1348578,67.22326923,19.11938667,-15.94321695,25.3110056,-1.132110301164318,83.67820528395677,8.065286778744884,4.975086254471616
12.8598821494362,181.77672901,112.88821824,68.65658528,17.289014,-19.07104116,26.69659788,-1.1713215585918748,85.35595364198336,8.239912019878377,4.619970129557823
12.6070188625073,180.52238522,110.759217,69.98165843,15.46671687,-22.10535659,28.01922795,-1.2084796400089166,93.21867413952134,9.416728023679234,3.1902908388280657
12.2860602810449,179.28885928,108.76074372,71.19283396,13.65568698,-25.03806528,29.26242989,-1.2433595787580476,88.63345333910199,8.613757882836504,3.672302398208396
11.9030915797318,178.09605296,106.91767986,72.28514695,11.85871844,-27.85914752,30.42057575,-1.275527111439563,84.45887884106718,7.887884458791561,4.015207120940239
11.4657640558319,176.87410646,105.14110148,73.25744136,10.07965298,-30.58341344,31.48809687,-1.3065342535903102,96.72614365486608,9.80030419793289,1.665459857899009
10.982993477174,175.72724942,103.56005645,74.10835331,8.32140236999999,-33.17818648,32.45594387,-1.3341286949861026,92.16433470102814,9.030200358120286,1.9527931190537142
10.4646147063713,174.57890423,102.07565922,74.83894954,6.58102194,-35.67220043,33.32682546,-1.360036314057086,88.50419600002324,8.410782823442698,2.053831882928602
9.92100915464501,173.46442001,100.73049578,75.44721197,4.86277052,-38.0509355,34.0950307,-1.3835138450625395,91.9020413850502,8.927145266041737,0.993863888603272
9.36272140468614,172.37907663,99.51730865,75.93565328,3.16802696999997,-40.31403085,34.76107062,-1.4046879549238598,92.84754732737488,9.056541675086583,0.3061797295995561
8.80008041195652,171.31973543,98.42749502,76.30793154,1.49432655000001,-42.47067064,35.32909539,-1.423708791000471,91.83520574667536,8.877124471884526,-0.07704405992800645
8.24283917538589,170.31279729,97.49093534,76.57247141,-0.147835420000007,-44.49265164,35.76024967,-1.440054841057896,87.5571768572403,8.179331161421928,0.063508013963963
7.69984480701574,169.30928864,96.65067123,76.70933586,-1.77612145999998,-46.43584302,36.15171381,-1.4547202163637356,89.25504886153846,8.440375931047345,-0.7405311240316053
7.17874867665784,168.36621319,95.9662277,76.74779058,-3.36363052000002,-48.22603957,36.37291199,-1.466666009506208,85.19274441296965,7.782689092579308,-0.6039404159214685
6.68576391170062,167.43829652,95.3852412,76.67810131,-4.93217214000001,-49.92516225,36.54079372,-1.476806136840846,82.31523752849856,7.316391307897968,-0.6306273961973483
6.2254751314604,166.5478196,94.92963853,76.50144195,-6.46897041,-51.50072166,36.58567765,-1.4847579035132232,82.50161076734264,7.342007974646213,-1.116532843185813
5.80070300586906,165.68844237,94.59144274,76.22517857,-7.97585006,-52.95934498,36.53166455,-1.4906605335651066,82.652180321916,7.363218681508074,-1.5625156756390135
5.41242413704017,164.86171742,94.36574877,75.85606871,-9.45484076,-54.30905573,36.38116293,-1.494599636443504,85.00476547121937,7.73782366903987,-2.3253995319997003
5.05974492492255,164.08489541,94.27120639,75.40802412,-10.90681176,-55.55040087,36.140777,-1.4962497122571756,81.02952328172819,7.1010543216312545,-2.041309396708704
4.73992652827174,163.33802092,94.28890044,74.84739722,-12.31967292,-56.65944524,35.7754512,-1.495940892826663,75.35025854765065,6.192507484528073,-1.452580956256333
4.44845677394635,162.62356647,94.41523501,74.20239645,-13.69864408,-57.65021503,35.30920733,-1.4937359386210718,75.32646272862652,6.189684010816522,-1.7412272368701718
4.17916385327466,161.93734839,94.64377729,73.47991626,-15.04271903,-58.5214264,34.74229501,-1.489747123355057,82.18649506155806,7.2891414218001955,-3.1099775685255358
3.92436582910759,161.29440375,94.99085247,72.66542115,-16.35460487,-59.28172756,34.07969565,-1.4836895187121053,82.56450545227834,7.352614303168501,-3.428248474060911
3.67504936540882,160.70743844,95.46954807,71.75332273,-17.63661751,-59.9355014,33.32111693,-1.475334704377295,75.24034992866468,6.185227637441061,-2.510178272032241
3.42107067390277,160.14305575,96.0395297,70.77120005,-18.88084025,-60.4695087,32.46440827,-1.465386648257911,75.28779844970357,6.198684444721912,-2.777613770819142
3.1513714176688,159.6260383,96.7264143,69.71091158,-20.09265637,-60.89627551,31.51405465,-1.4533982504066667,78.02622528207736,6.644669514780181,-3.4932980971113805
2.85420221198533,159.14690033,97.51957424,68.56934391,-21.27169766,-61.21682706,30.47305191,-1.4395549979587463,76.67844538177482,6.43911801917319,-3.5849158071878597
2.51734643225256,158.71771233,98.43033787,67.34705577,-22.41600742,-61.42721772,29.33000955,-1.4236591739078306,74.15416346730596,6.048200472347301,-3.5308540400947415
2.12834114966227,158.32232706,99.43895391,66.0455127,-23.53344347,-61.54955599,28.11522349,-1.406055503121404,71.57468202459327,5.651559075849063,-3.523217926186793
1.67470324465721,157.97378246,100.5591335,64.66015602,-24.61850372,-61.57108298,26.80454346,-1.386504681062264,77.73046876835332,6.656445139359333,-4.981741894702123
1.14417405890267,157.65555729,101.7684263,63.21147727,-25.66714175,-61.48624212,25.40028475,-1.3653985400816029,78.28748536313546,6.769595665293623,-5.625421606390953
0.524985835310823,157.42166948,103.13329191,61.62820995,-26.69179458,-61.3129272,23.87500075,-1.3415771413398618,66.58439648471904,4.927300092244393,-4.40231425693357
-0.193855578636094,157.18751659,104.54645294,60.00414165,-27.68662304,-61.06260671,22.31166359,-1.3169128285054876,70.68400909137739,5.61792882404727,-5.811784402683363
-1.02227393141383,157.02140568,106.08895081,58.26831899,-28.65540532,-60.73001523,20.64611018,-1.289991161968988,74.7269560932029,6.30661719891439,-7.32889113032822
-1.96880842835406,156.89791427,107.72946912,56.44185006,-29.59607292,-60.31333241,18.88347341,-1.2613587160202349,66.15916446575775,4.98473702645237,-6.95354545480643
-3.04027740233938,156.81914353,109.47276363,54.50483789,-30.50510173,-59.79213455,16.98798335,-1.2309324869887937,60.15193316661227,4.080644927655581,-7.120922329994961
-4.24141519803891,156.77366597,111.29154939,52.48853708,-31.39023831,-59.21714229,15.0335658,-1.1991886870884063,58.48155533402011,3.8783894663269205,-8.11980466436583
-5.57447899015528,156.77362929,113.20122164,50.39353324,-32.24898145,-58.56927882,13.00093416,-1.1658586186919382,54.33556758381197,3.289224408805203,-8.863703398960482
-7.03882489250538,156.80986015,115.18870429,48.21297714,-33.07964829,-57.84710425,10.8797635,-1.1311705026231758,50.81197646215952,2.8090396942873017,-9.847864586792682
-8.63047297787631,156.87837525,117.24099952,45.97008416,-33.87776511,-57.03684596,8.66138182,-1.0953511936367015,50.60525617489375,2.868997332712829,-11.499470310589139
-10.3417463293395,156.99528262,119.37699037,43.65718653,-34.65933857,-56.20024228,6.43552921,-1.0580711205117292,43.29620123998063,1.8034961959689113,-12.145242525308412
-12.1611177757854,157.14908936,121.57072416,41.28838878,-35.41496474,-55.30284438,4.13404878999999,-1.0197832429639755,32.26524563782247,0.15271129701116504,-12.313829072796565
-14.0733184841342,157.33963389,123.81334541,38.87303244,-36.14544841,-54.35382247,1.76674899,-0.9806421182762848,25.448752288413967,-0.8136262906885099,-13.25969219344569
-16.0596376913112,157.55537257,126.08531504,36.46252343,-36.85943835,-53.39036378,-0.575430220000001,-0.9409887677274672,19.481316241538597,-1.6348577105801465,-14.424779980731053
-18.0983320172288,157.81554623,128.39551106,34.0435117,-37.53775472,-52.33881905,-2.98301265000001,-0.9006682408119987,10.596227246749734,-2.9130073052430694,-15.185324711985729
-20.1651190034998,158.08993184,130.71152564,31.62011408,-38.21396684,-51.33499112,-5.3255329,-0.860246160866805,2.1822916288583016,-4.107891829075331,-16.05722717442447
-22.2337490301075,158.4093472,133.03838862,29.25153649,-38.87674995,-50.33198298,-7.6096539,-0.8196347406230378,-13.477699519282105,-6.4541038914928475,-15.779645138614653
-24.276639752174,158.75149215,135.35023985,26.93919372,-39.51774984,-49.30895356,-9.83859894,-0.7792853248432571,-32.28311606403356,-9.29759303453242,-14.979046717641578
-26.2655495328364,159.09503112,137.60404465,24.7104572,-40.14958331,-48.32425559,-12.00013325,-0.739949010386005,-50.16180291854688,-11.990479975333622,-14.275069557502777
-28.1722511413845,159.45372283,139.80398543,22.56968756,-40.76916166,-47.37243111,-14.10674846,-0.7015528004261125,-55.75295645067424,-12.715451829440802,-15.456799311943698
-29.9690656153603,159.79907255,141.88229472,20.61268293,-41.38986018,-46.4972772,-16.00650414,-0.665279460440827,-69.58979586078718,-14.76396797968483,-15.20509763567547
-31.62902301302,160.17800087,143.9382901,18.6984172,-41.9815742,-45.62943644,-17.87159644,-0.6293955716540353,-87.63064125610454,-17.482201384048626,-14.146821628971374
-33.1256580028052,160.50067304,145.76182463,17.06118808,-42.59477188,-44.91706124,-19.45378566,-0.5975688900817276,-100.25503359612163,-19.34909520738561,-13.776562795419593
-34.4328225207688,160.86901065,147.57050818,15.46582499,-43.17697408,-44.22354692,-21.00099477,-0.5660014070075685,-127.2542403988952,-23.513895051007413,-10.918927469761389
-35.5248585395915,161.13987013,149.06693551,14.19324127,-43.7751468,-43.69597271,-22.23536933,-0.5398838230822405,-100.74068018713469,-19.141042522270034,-16.383816017321465
-36.3771843245177,161.42396013,150.47361317,13.02413555,-44.34776143,-43.2176642,-23.38212962,-0.5153326664009913,-111.55814187920608,-20.747109813551056,-15.630074510966644
-36.9672090313979,161.72977044,151.79484481,11.96127814,-44.8997301,-42.80780499,-24.41267424,-0.4922728241014668,-161.01616172083885,-28.541650617954215,-8.425558413443685
-37.2754687418112,161.89701424,152.73753709,11.22448645,-45.45636569,-42.56121622,-25.15353899,-0.4758197399823347,-128.80837406732235,-23.30277547032834,-13.972693271482864
-37.2868681720677,162.09148064,153.60019946,10.58294227,-45.98442186,-42.37068978,-25.77916725,-0.4607634412927769,-115.13502837488753,-21.036041058663443,-16.250827113404256
-36.9918938428537,162.24469782,154.26344339,10.10866371,-46.49579735,-42.28194034,-26.24803878,-0.4491876509704103,-124.27543111398263,-22.437364388691936,-14.554529454161763
-36.387642486396,162.36925097,154.74587899,9.78498753,-46.98400579,-42.27674324,-26.57754196,-0.4407675613215759,-123.38839719225058,-22.25075024718464,-14.136892239211356
-35.4785341474848,162.47398495,155.07730392,9.57050928,-47.45116031,-42.36343395,-26.75258298,-0.4349831050698842,-142.7798359586352,-25.322576822608674,-10.155957324876127
-34.2766494845197,162.52807747,155.18459508,9.521116,-47.90406982,-42.55580824,-26.78979404,-0.4331105210695999,-134.80718589816365,-24.03696303693266,-10.23968644758704
-32.8016852920221,162.50133103,155.07309625,9.55105239,-48.32690543,-42.80641165,-26.75073332,-0.4350565427652216,-105.64639579810132,-19.38161799217747,-13.420067299844629
-31.080544502605,162.51391831,154.85092289,9.74001144,-48.74381149,-43.1734297,-26.51841728,-0.4389341994074403,-104.80665506311048,-19.26791744830659,-11.81262705429841
-29.1465880755605,162.47231614,154.46357932,9.95115337,-49.12376299,-43.5609773,-26.27745498,-0.4456946200403691,-111.10214145086891,-20.3111209495559,-8.835467126004602
-27.0385860206531,162.37805116,153.9167528,10.19113181,-49.47841108,-43.98872208,-25.98972876,-0.4552385432515917,-104.33002135236455,-19.278101679771048,-7.760484340882051
-24.7994136195374,162.24101779,153.21749401,10.46053775,-49.81484847,-44.46685685,-25.65131115,-0.4674429114606035,-93.31387486889996,-17.579777309453988,-7.219636310083413
-22.4745468762491,162.06817003,152.38481572,10.74859736,-50.13100562,-44.97651907,-25.28369886,-0.4819758892309795,-79.55015951845614,-15.453587077904041,-7.020959798345059
-20.1104236810145,161.85872136,151.43675958,11.02426951,-50.42354384,-45.48898154,-24.91928541,-0.498522590367728,-70.75442090938688,-14.13210273096478,-5.978320950049719
-17.7527634596246,161.62418139,150.3970898,11.27993092,-50.69683679,-46.00472606,-24.52145179,-0.516668251162213,-67.42639218509478,-13.692860605020105,-4.059902854604495
-15.4449623528443,161.3537936,149.25063218,11.54247652,-50.95126958,-46.51722738,-24.12522337,-0.5366777113657911,-57.45399099157664,-12.198986148290906,-3.2459762045533935
-13.2266688504009,161.05556912,148.02303911,11.82335107,-51.16555521,-46.95990103,-23.7285158,-0.558103252311956,4393.932265857676,699.9152426377307,-713.1419114881315
-11.1326062725051,160.74624494,146.73531766,12.12418672,-51.3668075,-47.39565527,-23.26709039,-0.5805782314630119,4150.276498912189,660.8190156426284,-671.9516219151335
7.33175442509671,206.10778641,170.82436585,39.65639994,49.61621719,43.7748631,12.85126611,-0.1601450268759313,-4986.521390022532,-798.7810553146362,806.1128097397329
7.8655249387717,205.30139792,167.99933586,40.08933138,48.65633149,41.63370295,11.87523671,-0.2094511016690137,-4757.411628159489,-762.408447915644,770.2739728544158
8.41424894594551,204.42200474,165.05502958,40.6456608,47.58842246,39.25743092,11.0259062,-0.2608389404421599,-71.69140266364646,-12.987024711367395,21.401273657312906
8.9757678833627,203.46723259,162.00539329,41.30887232,46.42117988,36.67228145,10.32428822,-0.3140651346909644,-58.47792504917226,-11.172961528062135,20.148729411424835
9.54673524137464,202.44723378,158.87493183,42.10040533,45.16198349,33.90148917,9.79516997,-0.368701994274753,-43.888852222109165,-9.141397528829199,18.688132770203836
10.1225316023236,201.36167493,155.67639689,43.0234787,43.81934004,30.971215,9.45367843,-0.4245269602178323,-27.531444958172106,-6.826943088323258,16.94947469064686
10.6971558335425,200.23060673,152.44336948,44.10458726,42.3981209,27.89702059,9.33015913,-0.4809539333295571,-13.178134697121637,-4.82873713557763,15.525892969120129
11.2632132359752,199.05247092,149.18965693,45.32025635,40.91090152,24.71661974,9.4122329,-0.5377419302405175,0.4235006523328977,-2.943963644676785,14.207176880651986
11.8120480980216,197.83673552,145.93630198,46.68157671,39.36283179,21.44678165,9.71365747,-0.5945236858540733,16.227977137265803,-0.6969953427030187,12.50904344072462
12.334008328167,196.59222033,142.70534345,48.18031129,37.76226461,18.11175036,10.22919001,-0.6509145501979694,31.12348614775602,1.4169822221345338,10.917026106032466
12.8188139121463,195.33146036,139.52221394,49.79591564,36.11306708,14.72783801,10.94792877,-0.706470640664863,42.97095389788517,3.058331894260761,9.76048201788554
13.2559952459546,194.05692129,136.39935441,51.51799606,34.42511121,11.32117263,11.85573979,-0.7609748215406457,52.64828274674773,4.36871434335675,8.88728090259785
13.6353649781515,192.77601791,133.35433133,53.33093854,32.70488637,7.91061232999999,12.93946837,-0.8141205000858641,62.16921787732144,5.671596935720948,7.963768042430552
13.9474902913928,191.48838605,130.39501781,55.19453462,30.9587831,4.51961546000001,14.15752078,-0.8657702646086471,73.32247568148541,7.253419494566406,6.694070796826394
14.184142635669,190.20566895,127.5426521,57.07305721,29.18866602,1.15537458,15.47460374,-0.9155534377191332,80.2412365984205,8.176346169830204,6.007796465838796
14.3387053711622,188.93420349,124.81078805,58.93233019,27.39714326,-2.17174055000002,16.85187598,-0.9632334601085,81.95207290840666,8.284606253916643,6.054099117245558
14.4065078113836,187.66338613,122.19072129,60.7806294,25.59481115,-5.44030884,18.3028552,-1.00896225169256,85.45108630351965,8.69605063569536,5.710457175688239
14.3850504323277,186.40145364,119.69610908,62.57744678,23.78318458,-8.6426723,19.77753775,-1.0525014483175124,98.44778704358184,10.643894793706774,3.741155638620926
14.2741059992258,185.14951599,117.32838914,64.30473743,21.96755647,-11.76622144,21.25045426,-1.093825957035635,88.96298022852189,9.010344400464684,5.263761598761116
14.0757034373774,183.9561496,115.14549438,65.92690806,20.14331744,-14.82454159,22.70919502,-1.1319246578221664,68.96922659194837,5.71231392986817,8.36338950750923
13.7940101893703,182.6750585,112.97577732,67.49361988,18.33749432,-17.75034227,24.10884023,-1.1697933643558578,88.7804048261276,8.791325414231373,5.002684775138928
13.4351309895302,181.45319977,110.99004424,68.93276095,16.52981717,-20.59863569,25.46066305,-1.2044509446676257,99.09615068075972,10.365565134635245,3.069565854894954
13.006841545055,180.24340142,109.13183975,70.25608475,14.73127461,-23.34479695,26.741241,-1.2368827311934678,90.12903644710856,8.865416291939784,4.141425253115216
12.5182749393739,179.04874574,107.40237322,71.46188412,12.94537694,-25.98416008,27.94707988,-1.267067616445009,87.52992528629377,8.393927751094072,4.1243471882798275
11.9795771098415,177.87284954,105.80430352,72.53945851,11.17011329,-28.51983471,29.05701149,-1.294959194386367,89.97637075210285,8.73849778699368,3.2410793228478205
11.4015459364009,176.70000002,104.31621173,73.48771321,9.41541081,-30.94434143,30.079187,-1.3209312956937629,89.385107306732,8.604215837292049,2.7973300991088514
10.7952666310797,175.57578978,102.99229392,74.30151116,7.68013199000001,-33.24571947,30.97686046,-1.344038020504056,87.07609953820582,8.202702096876187,2.592564534203513
10.1717544028546,174.43234694,101.74218918,74.99197134,5.95718249999999,-35.46576687,31.80836078,-1.3658564642118436,95.28976036976113,9.489411097618387,0.6823433052362127
9.54161386261677,173.3570454,100.67919362,75.53526145,4.26486904000001,-37.53996039,32.48388853,-1.384409236667924,88.36885095251601,8.360856842780478,1.1807570198362924
8.91472334209039,172.28699055,99.71413674,75.95835604,2.58982281000002,-39.52076042,33.07278069,-1.4012526566929482,84.27438183116864,7.688209313537055,1.2265140285533356
8.29995117238117,171.24305797,98.87240954,76.25494934,0.936064779999981,-41.39889895,33.5601376,-1.4159435677365408,91.4020900754875,8.81469301540211,-0.5147418430209392
7.70490990515454,170.23560595,98.16894094,76.41999312,-0.690778910000006,-43.15890123,33.9274992,-1.428221410990936,89.00476864679874,8.420424978672456,-0.7155150735179152
7.13575336166639,169.25957408,97.58932086,76.46535174,-2.29352943000001,-44.81339974,34.19120062,-1.4383376897976088,92.35535051568044,8.948363860599892,-1.812610498933502
6.59702018370596,168.31807459,97.1337049,76.40345383,-3.87355531,-46.37140108,34.36708288,-1.4462896884242438,95.7323182721992,9.482687673077322,-2.885667489371362
6.09152619591858,167.42765674,96.83538936,76.20024312,-5.40022410999998,-47.73962831,34.33325736,-1.451496276807109,88.45720824590674,8.31494727034197,-2.2234210744233893
5.62030637288634,166.56596919,96.64697464,75.89186372,-6.90770155999999,-49.02904437,34.23544236,-1.4547847340303317,86.92648118806989,8.06776117918336,-2.4474548062970207
5.18260558314115,165.74584872,96.58828033,75.46125809,-8.38419393999999,-50.20368644,34.02005054,-1.455809142992018,90.14988440501968,8.582811526292158,-3.4002059431510077
4.77591563189191,164.96708252,96.65829643,74.91802848,-9.82397673,-51.2501352,33.67848453,-1.4545871315176129,93.25869977526712,9.081050759195929,-4.305135127304019
4.39605450640637,164.23332342,96.85769209,74.2617519,-11.22832193,-52.17474805,33.21567779,-1.4511070207364252,93.14223220894256,9.064823956490729,-4.668769450084359
4.03728219893751,163.56469621,97.20395121,73.49524545,-12.60494682,-53.00061217,32.65054517,-1.4450636590273669,86.54749166764341,8.014015058883224,-3.976732859945714
3.69244613374674,162.92150469,97.66076953,72.6210836,-13.92882566,-53.66002898,31.92691409,-1.4370906752599382,85.89545585772962,7.9157536549541945,-4.223307521207454
3.35314814767047,162.32517437,98.24548659,71.63892141,-15.21251376,-54.189831,31.07639108,-1.4268854373703568,88.5781717803713,8.35329088402029,-5.000142736349819
3.00992422709099,161.77484105,98.95599168,70.55068933,-16.45425876,-54.58795723,30.09912555,-1.4144847841976782,87.46604972632798,8.18625571084199,-5.176331483751001
2.65242785788673,161.27370376,99.79453751,69.35077043,-17.65626454,-54.86125903,28.99856557,-1.3998493985353095,86.90681656339238,8.110796815649328,-5.458368957762598
2.2696079948288,160.81537847,100.75235738,68.05500066,-18.81515801,-55.003647,27.77871952,-1.3831322881627854,87.7133209934322,8.257368150407816,-5.987760155579016
1.84987949756017,160.41118982,101.84152781,66.6481894,-19.93472702,-55.02582055,26.44120934,-1.364122678043923,86.92070938423724,8.15244628990959,-6.30256679234942
1.38130042757143,160.05281525,103.05128339,65.1407616,-21.01324758,-54.92557149,24.99059159,-1.3430084600285497,85.85501657895955,8.008692878602533,-6.627392451031103
0.851775558567722,159.74561042,104.38653709,63.52635986,-22.05299495,-54.7087232,23.42542565,-1.3197038866141129,84.73608075951766,7.862160492415553,-7.010384933847831
0.249290447736053,159.48636453,105.84212241,61.80710293,-23.05284573,-54.37636371,21.7502349,-1.2942991302364175,83.21199293416237,7.657255616925416,-7.407965169189363
-0.43782668439777,159.27570198,107.41704835,59.98263429,-24.01501216,-53.93441056,19.96677284,-1.266811487108351,82.79472136192733,7.636745734303198,-8.074572418700969
-1.22060979622271,159.11432591,109.10973103,58.05229165,-24.94070032,-53.38869201,18.07647643,-1.2372686011508691,81.12023676959845,7.42326513608835,-8.64387493231106
-2.1091150755287,159.00485605,110.92193842,56.00218109,-25.82945763,-52.73626882,16.06198097,-1.2056396154663962,76.89203179431337,6.810406354315039,-8.919521429843739
-3.11202430688305,158.94191093,112.84212437,53.85938713,-26.68645714,-51.99929027,13.96034312,-1.172126048388361,69.80953979493165,5.750647741667472,-8.862672048550522
-4.2361815241357,158.92552391,114.86738738,51.61351359,-27.51019082,-51.17294219,11.7605665,-1.1367785406450102,67.63661534817,5.487031358595919,-9.72321288273162
-5.48605710992399,158.9419074,116.97449691,49.28364944,-28.30810333,-50.28421223,9.49202967,-1.10000254164636,65.24149827033199,5.1983336671689315,-10.684390777092922
-6.86315672858751,159.02312949,119.2003656,46.83972767,-29.073459,-49.30501907,7.09413370999999,-1.0611538042888071,53.16414622310255,3.3734998858666874,-10.236656614454198
-8.36547250493767,159.12519241,121.4806757,44.3466448,-29.8189495,-48.288819,4.66954129000001,-1.0213548850773255,47.80894375255631,2.6348709192290265,-11.000343424166697
-9.98714831886578,159.27172142,123.83795194,41.78194075,-30.54183788,-47.22291316,2.18227674000001,-0.9802126533102938,39.01772729158033,1.3588154367725238,-11.345963755638303
-11.7184482256366,159.45958859,126.26077956,39.14798189,-31.24345196,-46.10700863,-0.389204100000001,-0.9379263341330356,20.963030963315887,-1.3871550950636693,-10.33129313057293
-13.5459549273147,159.66058122,128.69909339,36.52571053,-31.93645978,-44.99726365,-2.93151086,-0.8953697296026225,8.358147913680725,-3.2516853016990375,-10.294269625615662
-15.4529011642741,159.88496735,131.16099274,33.87563387,-32.60905245,-43.84721018,-5.52722539,-0.8524014800924141,-3.876672974653239,-5.047103136988793,-10.405798027285307
-17.419608476514,160.1173692,133.6081235,31.26535648,-33.28865979,-42.75701171,-8.04232953,-0.8096909911035831,-15.586422029499936,-6.751383107145905,-10.668225369368095
-19.4240319263255,160.36493206,136.03899422,28.69492923,-33.9653455,-41.68872386,-10.52047084,-0.7672642933492578,-33.23300976409982,-9.39899318377556,-10.025038742549942
-21.4423943972216,160.61538047,138.42784999,26.19053987,-34.63784492,-40.6475469,-12.93826684,-0.7255708948074937,-52.82004932507851,-12.352956268183775,-9.089438129037827
-23.4498863413474,160.84831616,140.72658458,23.80045463,-35.3183052,-39.68423604,-15.27284708,-0.6854504075825115,-63.26644703686153,-13.844799424960165,-9.605086916387236
-25.4212922764721,161.07953864,142.94493989,21.52985626,-36.00759909,-38.79746619,-17.46189925,-0.6467328034439122,-76.66199565357417,-15.809102746811467,-9.612189529660634
-27.3311968729384,161.29893609,145.0516849,19.41032337,-36.70039646,-37.99244034,-19.558708,-0.6099631665194514,-112.0035149977272,-21.28884554266501,-6.042351330273391
-29.1536292297634,161.49891762,147.02278891,17.4649946,-37.40698711,-37.30342685,-21.47612179,-0.575560911645688,-113.12795209497128,-21.30098819211343,-7.8526410376499705
-30.8615787044206,161.60779248,148.73505235,15.76110401,-38.12952291,-36.74192747,-23.20181692,-0.5456762769561639,-110.43401894122118,-20.721141126374647,-10.140437578045955
-32.4269228399265,161.79469623,150.45246251,14.15140208,-38.84330701,-36.25994189,-24.82855005,-0.515701815056961,-134.7710488559966,-24.463063428841355,-7.963859411085142
-33.8209414577621,161.82804271,151.78567948,12.85865089,-39.58216116,-35.94765077,-26.20163496,-0.4924327892869986,-125.02591571102391,-22.784040130705254,-11.03690132705685
-35.0153625504636,161.9337187,153.10995488,11.65387504,-40.29252889,-35.66929598,-27.49251478,-0.4693198233538336,-133.3457030330737,-23.994717454899607,-11.020645095563992
-35.9838493285268,161.94049793,154.11996088,10.7218392,-41.02942282,-35.59418432,-28.5670103,-0.4516918931889357,-133.06138191661043,-23.856372729072888,-12.127476599453914
-36.7037720601717,161.95776262,155.00343265,9.95479588,-41.74534883,-35.58956861,-29.50635564,-0.4362724019540137,-121.75669061989412,-21.965746602423042,-14.738025457748659
-37.1579885973777,161.94957397,155.69185672,9.39043727,-42.44670837,-35.67844101,-30.29890225,-0.4242571352825338,-116.3600487969246,-21.038073877800414,-16.119914719577288
-37.3363365228083,161.9266072,156.19929597,9.00831226,-43.14216991,-35.89542773,-30.92191471,-0.4154006496161831,-115.54690513440656,-20.860417270932892,-16.47591925187541
-37.2366575833881,161.92758219,156.59705859,8.74699229,-43.82051051,-36.20663994,-31.41447213,-0.4084583822558244,-137.5885530661075,-24.349675120835702,-12.8869824625524
-36.8652867473586,161.86805626,156.73312429,8.72139091,-44.48387818,-36.62515254,-31.74047678,-0.4060835877917932,-130.4189324851379,-23.18971420473418,-13.675572542624423
-36.2369800121701,161.80356254,156.71393612,8.81122013,-45.15164584,-37.20239861,-31.89709668,-0.4064184845357257,-107.78232450070924,-19.569665844996347,-16.667314167173753
-35.3742712312121,161.71561275,156.51970717,9.06187607,-45.79929623,-37.86958874,-31.88359645,-0.4098084192159171,-87.74718910757095,-16.382339930722342,-18.991931300489757
-34.3062630257075,161.65766361,156.21326642,9.40013546,-46.41674514,-38.59129376,-31.84663991,-0.415156819265698,-73.7019434221292,-14.163911535325663,-20.142351490381838
-33.0668706480342,161.57884265,155.80353569,9.75625173,-46.96125116,-39.23706636,-31.87827946,-0.4223079695507981,-72.56123985625418,-14.01981484728488,-19.047055800749316
-31.692551080901,161.53008965,155.29031569,10.20741854,-47.5201728,-40.05819328,-31.68762073,-0.4312653483378832,-73.46994553130645,-14.21315256997928,-17.47939851092172
-30.2195634908836,161.46680738,154.67161893,10.66253177,-48.06375987,-40.93267366,-31.48553112,-0.4420636438713045,-66.9516469205905,-13.227760682298754,-16.991802808584847
-28.6808222811504,161.37842583,153.94641318,11.11329287,-48.54454733,-41.7398736,-31.33550694,-0.454720871963199,-55.46055271444139,-11.456252447400288,-17.224569833750113
-27.1024212826498,161.30098909,153.15609749,11.53886201,-49.01177471,-42.59451745,-31.17276821,-0.4685144828838699,-51.54751929548063,-10.902783802980228,-16.199637479669573
-25.4999279241446,161.20143432,152.28474511,11.89906886,-49.45006849,-43.44122529,-31.07307244,-0.483722450859959,-47.44122556843702,-10.325253340794285,-15.174674583350315
-23.8745703257617,161.09394138,151.34523052,12.23756129,-49.85485094,-44.25290516,-30.98630629,-0.5001200738259834,-40.01211816092533,-9.221580655628776,-14.652989670132923
-22.2094735394152,160.97128232,150.35125884,12.48467906,-50.23201637,-45.03435796,-30.97842075,-0.5174681523135627,-35.42201218393326,-8.57624835590821,-13.63322518350699
-20.466160658038,160.8306949,149.305111,12.65353557,-50.58066849,-45.76986352,-31.0353822,-0.5357268765841895,-29.44214066614048,-7.712283843780716,-12.753876814257284
-18.5818714013411,160.67455281,148.21481939,12.75606228,-50.89743656,-46.44138062,-31.15485126,-0.5547560549855597,-23.657969426708057,-6.88248252691437,-11.699388874426731
-16.4734543797595,160.5046038,147.09630044,12.78903072,-51.1821939,-47.0347621,-31.32188716,-0.5742778934090096,-21.323718961199177,-6.6059795702066975,-9.867474809552801
-14.0598822156664,160.32329788,145.94282976,12.81346181,-51.4284618,-47.53857346,-31.49854347,-0.5944097546002275,-21.31475145950241,-6.703276928280522,-7.356605287385879
-11.2998145173852,160.13270482,144.76531397,12.83406967,-51.64523921,-47.96512112,-31.66291664,-0.6149612821299496,-11.525145579864835,-5.236353453752054,-6.063461063633145
-8.2144664949821,159.93823603,143.5487156,12.94853377,-51.81857693,-48.29276423,-31.74965028,-0.6361949293608455,0.0039374627902155,-3.4929078813109946,-4.721558613671105
-4.8777965601887,159.7531209,142.36829328,13.06773888,-51.9223256,-48.43628143,-31.78838314,-0.6567971854088761,-4.551225277250648,-4.318427100642201,-0.5593694595464989
-1.39086546705458,159.57146014,141.154624,13.32749794,-51.98773263,-48.49331463,-31.7003817,-0.6779797103751846,-3.689779627693568,-4.278423160619105,2.887557693564525
2.14260415410739,159.40298892,139.94519599,13.71792332,-51.98815787,-48.39516514,-31.48740618,-0.6990882112155277,9.175471639751898,-2.3158224023459058,4.458426556453295
5.64250896269468,159.24709108,138.73939152,14.25117966,-51.92442304,-48.14690077,-31.13572455,-0.7201334693522929,14.973179652861823,-1.4820631091778935,7.124572071872573
9.07342461955886,159.11657667,137.57467028,14.91034169,-51.78049701,-47.70586207,-30.6478073,-0.740461689858204,14.340752617083474,-1.6722968264557765,10.745721446014636
