knee_moment,thigh,shank,foot,thigh_,shank_,foot_,shank_new,shank_new_second derivative,T_physics,knee_moment_minus_T_physics
4.24432927031822,208.95425341,175.17781789,33.64685816,45.67060091,39.38535553,7.96046592,-0.0841629549502673,-42.0924720894849,-7.229089679385667,11.473418949703888
4.46604782335068,208.246469,172.86510212,33.86682507,44.65202789,37.05180916,7.49198221,-0.1245274597995634,-60.23957487499523,-10.36866247324675,14.83471029659743
4.69821085593695,207.47341283,170.4318003,34.28075391,43.55161311,34.53599885,7.21102783,-0.1669965882533338,-74.41075653794815,-12.883103310830293,17.581314166767243
4.94282587595514,206.61430441,167.89452324,34.80196668,42.3865849,31.88342269,7.0723906,-0.2112804269856551,-65.30346618542725,-11.681661301346791,16.62448717730193
5.20098389587247,205.6846022,165.25944048,35.49348575,41.14849781,29.07916756,7.13216561,-0.257271297210195,-55.56209771564511,-10.386058163946522,15.587042059818993
5.47279778907316,204.70084272,162.54978306,36.35586157,39.82817967,26.10404754,7.43310566,-0.3045637407902896,-44.650829812272974,-8.90740966007947,14.380207449152628
5.75732735338729,203.63200228,159.76873329,37.32648878,38.4861678,23.11228876,7.82905836,-0.3531022159386208,-31.13611884088048,-7.015143518590833,12.772470871978122
6.052486579027,202.52365563,156.94921247,38.44920074,37.06912109,19.97559695,8.46305466,-0.4023121375761513,-17.751052671647294,-5.14246431256198,11.19495089158898
6.35499089149105,201.36464918,154.09962928,39.69085193,35.61229058,16.78769239,9.25894375,-0.4520467465511346,-3.5708249671884573,-3.1397607342201796,9.49475162571123
6.66039404748434,200.17214917,151.24693584,41.03858399,34.11237317,13.54136,10.21567524,-0.5018356396291778,12.15646782222688,-0.883454801599374,7.543848849083714
6.96322020677262,198.95248703,148.41006595,42.47875536,32.5818741,10.27272705,11.31463834,-0.5513483596603672,26.50829455341288,1.1611699014271388,5.802050305345482
7.25717633081998,197.72441591,145.61431064,43.99618796,31.02415338,6.99143243,12.5401683,-0.6001434948999815,38.37392245440334,2.819033506390934,4.438142824429045
7.53542581689579,196.48892231,142.87238396,45.56844929,29.44515217,3.71891219,13.86705347,-0.6479991433142586,49.93129728423362,4.4398845721817715,3.0955412447140187
7.79090164146989,195.25800675,140.20155182,47.17691013,27.8524969,0.473958890000006,15.27574417,-0.694613957925345,61.97950058763766,6.152997416258028,1.6379042252118623
8.01663628821634,194.04181784,137.62078723,48.80444277,26.2496827,-2.73111886000001,16.74219497,-0.7396567972397265,70.98258082118392,7.393890497843294,0.6227457903730453
8.20608629142831,192.84957915,135.14390938,50.43537318,24.63982795,-5.88944607999997,18.25789387,-0.7828864708919446,76.88573290104425,8.154385579352834,0.05170071207547622
8.35343116093238,191.67754849,132.77589073,52.05382691,23.02923607,-8.98179987,19.79531177,-0.8242161930830761,82.46963982611497,8.879130061929363,-0.5256989009969821
8.45382952485099,190.53696142,130.52678974,53.62958174,21.42561159,-11.98915569,21.30019855,-0.8634704105684399,86.03256194244624,9.295808853624226,-0.8419793287732364
8.50362022359818,189.4321653,128.40351046,55.17869905,19.82269716,-14.9333933,22.85026155,-0.9005286249438142,90.51234740275136,9.874081840092447,-1.3704616164942678
8.50046213495223,188.34801745,126.40260037,56.67232947,18.23965306,-17.7570193,24.32256443,-0.9354510940506904,90.17546744119691,9.695457629095785,-1.194995494143555
8.44340874873747,187.32169117,124.54972774,58.08677359,16.64807633,-20.55223982,25.82088848,-0.9677898220642772,85.37197227386217,8.816545955851726,-0.37313720711425624
8.33291259571419,186.28808421,122.79507837,59.45118793,15.10800349,-23.13020787,27.15114971,-0.9984142307888214,85.45893155850975,8.730623830864598,-0.3977112351504086
8.17075868112768,185.30797321,121.18509039,60.7353915,13.56403844,-25.67443905,28.51492277,-1.026513821957354,83.51433981114482,8.331960055089173,-0.16120137396149303
7.95993441160319,184.343981,119.67719998,61.92432639,12.02380715,-28.15454848,29.82560513,-1.0528314743711014,90.85794702926692,9.428559320164718,-1.4686249085615275
7.70444895322616,183.40955197,118.29895496,63.04110244,10.51700048,-30.48605349,31.03678358,-1.0768863878693162,87.49766636572565,8.822368935917838,-1.117919982691678
7.40911664267096,182.53030105,117.07989928,64.05228626,9.03729916,-32.685122,32.14192378,-1.0981629232504546,74.54759035130375,6.692223769327001,0.7168928733439595
7.07931924673198,181.63592053,115.91414423,64.9726117,7.55732864999999,-34.84258933,33.19761889,-1.118509187144706,78.25380050857645,7.231842544842084,-0.15252329811010412
6.72076120528985,180.80607233,114.90972481,65.79419423,6.10252937000001,-36.86836295,34.12570384,-1.1360396130946775,68.78125114084588,5.672001654170552,1.0487595511192982
6.33923062782587,179.97449409,113.97769475,66.53576487,4.65980834000001,-38.82317868,35.02339945,-1.152306606369238,64.81995413208486,4.998614722798753,1.340615905027117
5.94037690833995,179.15099812,113.13363788,67.18176907,3.23448184,-40.68957251,35.85707766,-1.1670381778248158,71.74603146923752,6.072169949630901,-0.13179304129095115
5.52951355794538,178.37730007,112.41263625,67.75825793,1.82145663,-42.46928807,36.6114454,-1.1796220301805616,67.22006983290285,5.31937479978271,0.21013875816267014
5.11145240946495,177.60025456,111.76862543,68.20882335,0.433252420000002,-44.14311996,37.23536594,-1.1908621394080303,68.13947437626977,5.441624316716327,-0.33017190725137713
4.69037289481767,176.86409237,111.23272038,68.61555029,-0.940313849999995,-45.73203512,37.82186646,-1.2002154470085948,61.93608203183043,4.428924381703741,0.2614485131139288
4.26972778174979,176.14258516,110.79402341,68.89317014,-2.28034306999999,-47.18868956,38.24047334,-1.207872153553618,53.316036991915006,3.033573166653931,1.2361546150958587
3.8521846963731,175.4165882,110.40767212,69.1231561,-3.61366562000001,-48.59621385,38.66973419,-1.214615255633445,63.872615594038336,4.708674895864278,-0.8564901994911782
3.43960102991542,174.70847624,110.12489978,69.23887302,-4.89881097,-49.84361114,38.95056824,-1.219550564000014,62.87882162729241,4.539615949877771,-1.1000149199623506
3.03302847344449,174.05135534,109.94858699,69.28528969,-6.18746047000002,-51.04642174,39.14013763,-1.2226278026988917,52.65467414246938,2.8975528837400386,0.1354755897044515
2.63274245250636,173.36746766,109.81604526,69.23907457,-7.44103119000002,-52.13285385,39.25237962,-1.2249410922836808,61.85386131609904,4.364796889047203,-1.7320544365408432
2.23829112885708,172.72124756,109.79119092,69.11511578,-8.66507862,-53.10863068,39.27391349,-1.225374882350091,62.62846287274471,4.487868972639569,-2.2495778437824887
1.84855836184794,172.10396704,109.86158726,68.91261683,-9.86116571000002,-53.97310699,39.1993162,-1.2241462344357377,56.41990958971332,3.4969507727171703,-1.6483924108692303
1.46183502243198,171.47900799,109.99262951,68.60539653,-11.02795441,-54.73164276,39.00205588,-1.221859115714016,59.18651999883506,3.9441919315511953,-2.4823569091192152
1.07589326459585,170.89564509,110.23039153,68.22154602,-12.16232555,-55.37237745,38.70778823,-1.2177093856288232,56.52415286994117,3.526603226583811,-2.450709961987961
0.688058922162322,170.31563473,110.53318188,67.74588399,-13.27636313,-55.93795829,38.34538604,-1.2124246970780574,57.56364653782375,3.7037444588502675,-3.0156855366879456
0.295279468187595,169.7568216,110.92305534,67.15530578,-14.35915896,-56.39086708,37.82438216,-1.2056201215349147,60.44663550146989,4.179183880351876,-3.8839044121642807
-0.105811139398541,169.2323161,111.40354965,66.5013195,-15.41731367,-56.75656291,37.25496199,-1.1972339137883166,57.54379167224766,3.7325313996084963,-3.838342539007037
-0.518828624870992,168.72084047,111.96205286,65.75604288,-16.44256205,-57.0109974,36.56659977,-1.1874861938908592,57.18950903271791,3.697022731168736,-4.215851356039728
-0.947576495779645,168.2357373,112.60361906,64.90883823,-17.43966583,-57.17032629,35.75526501,-1.176288751331351,57.36028600936916,3.7493124258055968,-4.696888921585241
-1.3959877384781,167.7740804,113.32872213,63.99546382,-18.40802335,-57.23548542,34.87906429,-1.163633315343532,55.48540445765582,3.4783665868518554,-4.874354325329955
-1.86806942974899,167.33940599,114.1323387,62.99666344,-19.35145667,-57.21857587,33.90385763,-1.1496075602734483,55.08839441270119,3.448034153956767,-5.3161035837057575
-2.36784778983866,166.93014152,115.01329935,61.91118071,-20.26654841,-57.11076124,32.82071658,-1.134231896350439,54.58489484877038,3.405070342364678,-5.772918132203339
-2.89931025946158,166.54840891,115.97669159,60.77625113,-21.15065416,-56.90836885,31.68445714,-1.1174175297742757,53.07667206632116,3.20631037703576,-6.10562063649734
-3.46634033922585,166.19434033,117.01062498,59.55306874,-22.00947125,-56.62694875,30.43279131,-1.099371987872469,53.12489551355215,3.2613600378096814,-6.727700377035531
-4.07264025417637,165.87104542,118.12515141,58.29177195,-22.83902779,-56.2609902,29.14512375,-1.0799198320684709,50.87167544922444,2.9537783623266014,-7.026418616502972
-4.72163608330021,165.57427221,119.31233384,56.94538101,-23.63293533,-55.78844822,27.71842153,-1.059199589843144,47.22122507090365,2.4282482513146944,-7.149884334614904
-5.41635991740985,165.31360931,120.56508446,55.58184116,-24.4150761,-55.29035183,26.33148973,-1.0373349668177436,45.916978918133466,2.2837304406697543,-7.7000903580796045
-6.15930397795251,165.0776164,121.88460039,54.14493415,-25.15945184,-54.68367911,24.81399096,-1.0143050693067284,43.65522942974653,1.9920482268832327,-8.151352204835742
-6.95224254555501,164.87168686,123.26810242,52.65522499,-25.87207398,-53.99069625,23.19376323,-0.990158403675203,39.95317490142591,1.476164234528662,-8.428406780083673
-7.79602232463102,164.69306632,124.70699298,51.13021672,-26.56318829,-53.24649612,21.58884396,-0.9650450258273382,35.64931688439072,0.8700923237329734,-8.666114648363994
-8.69035007036254,164.54401262,126.20003521,49.55289936,-27.22128382,-52.41653345,19.84942719,-0.9389865230425198,30.88019946733356,0.19590741348621954,-8.886257483848759
-9.63364700623765,164.41460933,127.73364111,47.94192526,-27.85740549,-51.53594403,18.11504071,-0.912220050659509,26.303436532457702,-0.4417324719106599,-9.19191453432699
-10.6230155990528,164.31102036,129.30889851,46.28956027,-28.46256789,-50.58200087,16.28402489,-0.8847266224631033,23.180213469238264,-0.8407678117240396,-9.78224778732876
-11.654286555213,164.22728621,130.91099683,44.61918592,-29.04913012,-49.59359269,14.42847946,-0.8567647318384339,14.024249374540164,-2.199799506796139,-9.454487048416862
-12.7220936321773,164.1694071,132.55057465,42.90936147,-29.60162113,-48.53094828,12.47260259,-0.8281487005367629,6.137623102238088,-3.349662879217811,-9.372430752959488
-13.8199577558981,164.11053996,134.16870558,41.21644317,-30.15067437,-47.48043875,10.58714133,-0.7999069880799049,1.803363194953267,-3.9291346491223473,-9.890823106775752
-14.9403802230611,164.0843771,135.82741678,39.49546085,-30.6649956,-46.36369077,8.59531526,-0.7709570163001987,-8.396077408987512,-5.440685580487354,-9.499694642573745
-16.0749461985803,164.0476705,137.43674684,37.802862,-31.17573551,-45.26508358,6.66287487,-0.7428689080018805,-14.634049961895812,-6.318701939079876,-9.756244259500424
-17.2144375538745,164.03392861,139.05615293,36.11103386,-31.66290892,-44.13854054,4.6900291,-0.7146049398045333,-15.718882047748297,-6.368297190205519,-10.846140363668981
-18.3489508923202,164.00693878,140.62094117,34.46589895,-32.13121298,-43.00179863,2.71795229,-0.6872942329200458,-24.91420157176183,-7.71682674192035,-10.63212415039985
-19.4680182746726,164.02308381,142.19482652,32.83312951,-32.60492287,-41.92490746,0.801857739999996,-0.6598247515136427,-37.52475170547438,-9.608273250859783,-9.859745023812815
-20.5607323044053,163.99902356,143.66238764,31.27764194,-33.05860564,-40.84520392,-1.080152,-0.6342109779953872,-41.76279684707351,-10.166195105241748,-10.394537199163551
-21.6158450446984,164.01429191,145.11849912,29.76174597,-33.51612273,-39.82939282,-2.92760249,-0.6087970383932996,-61.2572920698029,-13.163827250712918,-8.452017793985481
-22.6217408353522,164.0039769,146.46455091,28.34681316,-33.96223425,-38.85140026,-4.65709665999999,-0.5853040027554359,-67.43066126045471,-14.037328310250109,-8.58441252510209
-23.5662306748011,163.96661884,147.69119329,27.02148041,-34.40211031,-37.92300652,-6.37955667,-0.5638950544799367,-57.64482878265142,-12.365928323218204,-11.200302351582897
-24.4363016654163,163.96602023,148.88036495,25.77948723,-34.85519924,-37.10595295,-7.9316707,-0.5431400936415302,-76.82809165716837,-15.331435884980877,-9.104865780435421
-25.21802163357,163.94129904,149.93360692,24.65425871,-35.29812163,-36.34355154,-9.42884316,-0.524757553444839,-81.17200148988313,-15.93341902578319,-9.28460260778681
-25.8966863349074,163.89615719,150.85598645,23.65197496,-35.73211526,-35.64186974,-10.83766657,-0.5086589936933412,-78.56815874146328,-15.43450333875101,-10.46218299615639
-26.4571939545317,163.87707998,151.71093924,22.747505,-36.18031688,-35.07101149,-12.082315,-0.4937372525587296,-90.49505468053,-17.26585890515155,-9.19133504938015
-26.8845992231009,163.81051792,152.38144556,21.98559121,-36.60361658,-34.52864088,-13.28422533,-0.4820347096192986,-81.19291402498618,-15.716734257568813,-11.167864965532086
-27.1647892254717,163.76580971,152.96977309,21.33895007,-37.02932224,-34.09255823,-14.32459094,-0.4717664571406731,-61.12598920484711,-12.452385984214622,-14.712403241257078
-27.2852176633773,163.71275642,153.44170354,20.80529747,-37.44032145,-33.71879241,-15.26504012,-0.4635297169477546,-69.16707886128137,-13.695728519428133,-13.589489143949166
-27.235634186555,163.70379011,153.87838082,20.34198733,-37.8333183,-33.39352063,-16.09798025,-0.4559082606431014,-92.42988829204825,-17.37761669362975,-9.85801749292525
-27.0087505812326,163.64350186,154.10566335,20.0610032,-38.21599735,-33.15926216,-16.80452487,-0.4519414321623388,-76.18446135291778,-14.757385493543937,-12.251365087688663
-26.6007946634944,163.59880201,154.2574043,19.86332997,-38.57979738,-32.9749634,-17.42377607,-0.4492930529747346,-51.4580240474205,-10.787137527168218,-15.813657136326183
-26.0119125036787,163.56759183,154.33311835,19.75835343,-38.91047392,-32.80510169,-17.95104795,-0.4479715935122147,-48.7631623785173,-10.348958407235314,-15.662954096443388
-25.2463916889317,163.5356215,154.34159502,19.6858125,-39.21179767,-32.64702637,-18.4408489,-0.4478236477111098,-56.12443930998134,-11.525978604368202,-13.720413084563496
-24.3126956649852,163.56361003,154.28118101,19.78985541,-39.50077864,-32.58522267,-18.72209585,-0.4488780710999424,-49.98777439350788,-10.549699437879118,-13.76299622710608
-23.2233159703529,163.54694381,154.10421639,19.94124991,-39.75707294,-32.52423334,-18.94943036,-0.4519666863784831,-25.461594421050115,-6.641860369681199,-16.581455600671703
-21.9944590650196,163.59370623,153.94283482,20.06422576,-39.96753404,-32.42820195,-19.22612158,-0.4547833261270208,-13.769070020591132,-4.785945125212775,-17.208513939806828
-20.6455891933402,163.65598984,153.72095357,20.25550062,-40.14562194,-32.34059079,-19.4186226,-0.4586558844879614,-20.504176921647964,-5.883998959903467,-14.761590233436733
-19.1988514721826,163.74115374,153.52559767,20.38807052,-40.27161511,-32.15669759,-19.63331016,-0.4620654881561584,-36.22651821197198,-8.41753482743398,-10.78131664474862
-17.6784022355604,163.80731624,153.22021047,20.56359403,-40.36949751,-31.98127466,-19.84701246,-0.4673955002896045,-28.910171291448016,-7.27493586270886,-10.403466372851542
-16.1096780208735,163.89228202,152.90079786,20.69986709,-40.42578802,-31.76357789,-20.05667029,-0.4729703020064931,-18.80693149054924,-5.687640201540587,-10.422037819332912
-14.5186370705387,163.97816008,152.55382429,20.78797255,-40.43547412,-31.47312396,-20.30345603,-0.4790261332203924,-20.96792835719397,-6.065049570991318,-8.453587499547382
-12.9310045890625,164.06320331,152.16824227,20.83144363,-40.40964801,-31.14037888,-20.57818075,-0.4857558090058828,5859.61004725213,934.792371555811,-947.7233761448734
-11.3715487239267,164.14974888,151.76730073,20.81665747,-40.33257642,-30.70766699,-20.90064534,-0.4927535589868997,5552.979952517346,885.69523690249,-897.0667856264167
4.20686595643061,214.38135936,185.00877921,27.31444601,54.26655163,53.92894267,5.70831903,0.0874196887199404,-6531.748903329772,-1044.5664512303015,1048.7733171867321
4.32479709393555,213.76985888,182.79700867,27.48432392,53.54461142,52.29981085,4.59704628,0.0488170104983274,-6272.183187907326,-1003.2623800389841,1007.5871771329197
4.44885814109454,213.0769515,180.42515165,27.83765493,52.70917571,50.39807419,3.70953361,0.0074202961127866,-111.28178120945434,-17.76145405276446,22.210312193859
4.5899141546384,212.29797093,177.88975411,28.40279779,51.75130923,48.20709493,3.09536394,-0.0368307388071778,-105.11731319800094,-17.035285897387975,21.625200052026376
4.75792735202021,211.42280553,175.20392645,29.13867851,50.68252645,45.76508361,2.72858891,-0.0837072746153126,-94.66266531484813,-15.637650627883941,20.39557797990415
4.96125062806143,210.4562083,172.38022171,30.05645991,49.51108866,43.09520253,2.60969355,-0.1329902194324833,-85.8995451641622,-14.523606678442569,19.484857306503997
5.20603291246603,209.42524708,169.44032413,31.20821751,48.21162264,40.1530272,2.8214602,-0.1843011118748968,-73.56963524751964,-12.848707653581656,18.054740566047684
5.49575811595152,208.27245403,166.37852117,32.47316293,46.84125012,37.07249209,3.20866907,-0.2377396545742049,-51.11135802474571,-9.562595278861542,15.05835339481306
5.8308834464085,207.07028108,163.25519885,33.91229038,45.37030332,33.80466068,3.85903865,-0.2922519126592329,-30.84317579790632,-6.628991280580601,12.459874726989101
6.20857138558773,205.8070244,160.08397412,35.48311221,43.82294966,30.410125,4.72278048,-0.3476002255184012,-14.884405225782691,-4.384482968941039,10.593054354528768
6.62259983686144,204.4960851,156.89335519,37.16573108,42.21359751,26.9280476,5.76919197,-0.4032870310233596,3.0493589839386104,-1.8196720428946538,8.442271879756094
7.06353252551832,203.14782767,153.70414571,38.92461952,40.54500203,23.38073334,6.96036541,-0.4589492369851757,20.45101070197166,0.667284531706239,6.39624799381208
7.51915355148161,201.76993392,150.54898307,40.75938562,38.84532842,19.8158183,8.30088812,-0.5140172134890925,36.60324229503367,2.96544448694714,4.55370906453447
7.97512299287998,200.37999783,147.44149296,42.62472874,37.10487395,16.23766449,9.72486022,-0.568253147381753,50.17009323249724,4.862830887801402,3.112292105078578
8.41579395339536,198.98631148,144.41433208,44.52948111,35.35516126,12.69841302,11.260631,-0.621087071725322,61.38092421269494,6.399260853532494,2.0165330998628654
8.82512117060049,197.59374303,141.46629367,46.43386955,33.58208828,9.18542861999998,12.84539602,-0.6725400484550806,73.5136991903273,8.099099301719722,0.7260218688807676
9.18758787226446,196.2189851,138.63136788,48.33549588,31.80928076,5.73875123000002,14.49056634,-0.722018837540282,83.03139149915867,9.398924166919063,-0.21133629465460224
9.4890808112156,194.86305482,135.91229685,50.21562357,30.03916485,2.36731814000001,16.1659997,-0.7694755796093755,89.34738026962776,10.20451994629321,-0.7154391350776095
9.71765244840889,193.53576963,133.32413851,52.0607347,28.27626373,-0.919583539999991,17.85731353,-0.8146474642053261,94.6036016276242,10.858971750302633,-1.141319301893743
9.86412442277544,192.2400464,130.87022281,53.86459519,26.52529671,-4.1125084,19.55650448,-0.8574763727367076,98.3885139168538,11.29574360921947,-1.4316191864440295
9.92250513473104,190.97974894,128.55894785,55.60907861,24.79048572,-7.20171707999998,21.2348037,-0.8978157307076078,101.2430609950144,11.60092216160271,-1.6784170268716707
9.89020664282462,189.75734615,126.39187343,57.28939163,23.07330461,-10.18614079,22.89251336,-0.9356383144723543,103.19737771697255,11.778310047163666,-1.8881034043390468
9.76805336395241,188.57542841,124.3738372,58.89452665,21.3763541,-13.06084604,24.5144327,-0.970859691110388,103.33048350705144,11.679693579481011,-1.9116402155286014
9.56009029752619,187.43507284,122.50480147,60.41553446,19.70389354,-15.8140128,26.07287486,-1.0034805184363038,101.03332128814644,11.206454477908801,-1.6463641803826121
9.27321804022366,186.33827874,120.78076661,61.84701353,18.04020632,-18.48563313,27.60071796,-1.0335706031624632,98.3699924828307,10.687504200490409,-1.414286160266748
8.91669346735127,185.27165248,119.1966078,63.18619303,16.41428888,-21.00687408,29.03107758,-1.0612193902714386,94.73073141034403,10.023965383796575,-1.1072719164453062
8.50153868924449,184.24152412,117.75131456,64.41918598,14.80848327,-23.41786855,30.37879464,-1.0864445159662552,90.37762892845969,9.25675613638856,-0.7552174471440694
8.03990078512533,183.23835313,116.43118124,65.55029471,13.22270722,-25.72085938,31.64499235,-1.109485188965539,85.75877039735502,8.45604171957142,-0.4161409344460907
7.54440205287666,182.26762567,115.23968818,66.56944426,11.65568274,-27.91719554,32.81602723,-1.130280665877201,79.8620393838112,7.459278714093974,0.08512333878268663
7.02751578792308,181.3142231,114.15711624,67.481562,10.10597081,-30.01292149,33.89366381,-1.149175110619904,80.34614659442774,7.490314619013979,-0.4627988310908995
6.50099662353881,180.38402196,113.18563758,68.28730277,8.57207216,-32.01235317,34.8786228,-1.1661306118497663,83.01401325579106,7.877145845815641,-1.3761492222768315
5.97538787448303,179.48337571,112.34340075,68.94625209,7.06717247999998,-33.88502008,35.71380705,-1.180830417614826,79.49549406095268,7.2807375706550745,-1.305349696172044
5.45962166282672,178.60296102,111.60722224,69.49012275,5.58160078,-35.65823516,36.44405406,-1.1936791564967522,77.94157681335622,7.003839444936087,-1.5442177821093672
4.96072127274287,177.74875439,110.98516089,69.90590917,4.12133003999998,-37.31814688,37.04419507,-1.204536175203653,79.92012045066055,7.297220800971771,-2.3364995282289014
4.48360944903901,176.9235141,110.47537924,70.21267822,2.68296439,-38.87387879,37.53270447,-1.2134335434624024,80.72409589861662,7.407338505508413,-2.923729056469403
4.03102136971877,176.12535824,110.08482959,70.36469134,1.28046255000001,-40.29722396,37.85251025,-1.2202499207474138,79.25121428818737,7.157785244302861,-3.126763874584091
3.60351683025245,175.35476569,109.80605124,70.38888095,-0.0909494200000154,-41.60260211,38.03997366,-1.225115520838191,77.26704894536196,6.830559300529066,-3.227042470276616
3.19958274305459,174.6131885,109.6385743,70.28858757,-1.42948684999999,-42.78753136,38.0918541,-1.228038544862356,75.96921513225885,6.61710580665994,-3.4175230636053504
2.81581430237409,173.90057433,109.57943082,70.06907011,-2.73630899999998,-43.85620115,38.01089578,-1.2290707933194434,73.85171885188946,6.276269439622352,-3.460455137248262
2.44716100723722,173.21697293,109.62759055,69.73944751,-4.00625291,-44.800807,37.80908163,-1.228230247464072,71.74227726602034,5.940417010189175,-3.493256002951955
2.08722210791888,172.55791166,109.77594958,69.29244237,-5.24054035,-45.61953354,37.45129366,-1.2256408939155068,71.14700654468287,5.850306545939036,-3.763084438020156
1.728574911973,171.93129296,110.02765977,68.76650654,-6.44071688,-46.32684147,37.01516339,-1.2212477223391862,70.06379936035367,5.685786787525058,-3.9572118755520576
1.36311875615698,171.33400945,110.38011066,68.15249751,-7.60825504000002,-46.92541243,36.49272067,-1.215096293857102,67.91826262022349,5.3549927650243365,-3.9918740088673568
0.982417353479465,170.7640472,110.82916499,67.45213049,-8.73462197000001,-47.3891412,35.83730595,-1.207258817278265,65.80763421046409,5.033510067688227,-4.051092714208762
0.578024802466078,170.22485372,111.37341472,66.68590381,-9.82936414,-47.74954187,35.11171582,-1.1977598675366747,64.43818604749075,4.834506657632253,-4.256481855166175
0.141787013598843,169.71556515,112.00772018,65.86707479,-10.89604235,-48.02134238,34.35449932,-1.1866891487962974,62.18237242389568,4.497635368114143,-4.355848354515301
-0.333886459934259,169.23836316,112.73592239,64.97668049,-11.92608966,-48.17295377,33.48022544,-1.1739796226114985,61.67768778140736,4.445329806303728,-4.779216266237987
-0.855788472410629,168.78702491,113.54255412,64.01507731,-12.92743283,-48.2272792,32.49226051,-1.1599012430719402,64.11694947201285,4.8681415549973925,-5.723930027408022
-1.42972704818962,168.37173212,114.45181718,62.9997392,-13.89085735,-48.16868858,31.47104916,-1.1440316089081817,61.67005720190799,4.51458820520064,-5.94431525339026
-2.06038849664208,167.98827246,115.44475112,61.90730987,-14.82115728,-48.00092115,30.30499558,-1.1267016424003815,59.46126100303983,4.204161785821745,-6.264550282463825
-2.75124933064587,167.64020818,116.52105537,60.77107863,-15.73565392,-47.78787386,29.15608303,-1.1079165894846736,62.65879844047584,4.764158210448752,-7.515407541094621
-3.50453173493347,167.33106735,117.68763605,59.56437253,-16.61794724,-47.47470336,27.89654096,-1.0875559156285193,64.01729117172961,5.036062372189144,-8.540594107122613
-4.32119407931527,167.06033432,118.94930203,58.29606139,-17.46242906,-47.04842626,26.54627123,-1.0655356902171182,61.16439866569401,4.641019507408454,-8.962213586723724
-5.20094525287233,166.82807889,120.29731304,56.9452773,-18.29085169,-46.57549479,25.15773394,-1.042008459739484,57.58296209664726,4.13636897986635,-9.33731423273868
-6.14226963654164,166.6348837,121.72799488,55.53906809,-19.09250921,-46.02459648,23.69043435,-1.0170383510829937,54.66444521074916,3.7450521793903127,-9.887321815931951
-7.14244855129417,166.47904827,123.2369161,54.06319295,-19.86761853,-45.39913817,22.1384024,-0.9907027076407836,54.3487535463072,3.7777018840210763,-10.920150435315247
-8.19756421210475,166.35759651,124.81989193,52.52822036,-20.61947853,-44.7106274,20.52242226,-0.9630745674277936,52.461940923828095,3.5667185531539705,-11.76428276525872
-9.30248277281461,166.28165482,126.48791458,50.92927446,-21.35060309,-43.96998759,18.86836234,-0.9339620801874527,44.01219289501768,2.3145348867260473,-11.617017659540657
-10.4508536743201,166.23619579,128.21237376,49.27744128,-22.06027113,-43.17784005,17.1494222,-0.9038645896802112,36.74049324207784,1.2584257876716132,-11.709279461991713
-11.6351988341973,166.22297808,129.99108435,47.57924574,-22.749948,-42.34263807,15.3790518,-0.8728202334446202,30.929162934162324,0.44373666593159733,-12.078935500128898
-12.8471187177636,166.23828513,131.81536311,45.83850981,-23.41995713,-41.46779566,13.56292607,-0.8409805626084209,21.80290434332761,-0.8938831407548893,-11.95323557700871
-14.0775579454759,166.27902954,133.67146517,44.06991618,-24.07294641,-40.56588218,11.71351785,-0.8085854704083714,14.857773246727035,-1.8758257493127606,-12.20173219616314
-15.317063527145,166.33641298,135.5432739,42.2843522,-24.70796629,-39.63815222,9.83398621000001,-0.7759162451022978,9.172883316471747,-2.6505164233312133,-12.666547103813787
-16.5560100084765,166.41887405,137.43697476,40.47552947,-25.32890478,-38.69875505,7.93504528,-0.7428649300474498,-2.056842598203712,-4.306331533122328,-12.24967847535417
-17.7847868468276,166.51195809,139.32374144,38.66918923,-25.93529583,-37.75193,6.02350896999999,-0.7099346392645276,-13.379030820667204,-5.973136042237707,-11.811650804589894
-18.993944746325,166.61239863,141.19069951,36.87322385,-26.52918622,-36.80886764,4.11052170000001,-0.6773500739463486,-23.13305118220033,-7.386462403125959,-11.60748234319904
-20.1742960246006,166.71649856,143.02755278,35.09625937,-27.11074922,-35.87399357,2.20085421,-0.6452909365088241,-32.97821089193516,-8.812927436845372,-11.361368587755228
-21.3169667839735,166.81698038,144.81188164,33.35798985,-27.68688581,-34.97091743,0.317306899999998,-0.6141485229634674,-49.70708530721017,-11.341559203532164,-9.975407580441335
-22.4134060485095,166.91538634,146.54241289,31.66083325,-28.25755838,-34.1019325,-1.55417379,-0.5839450548423141,-72.50633703397851,-14.842772907023015,-7.570633141486486
-23.4553268332039,166.98047099,148.14826315,30.05228281,-28.82516691,-33.29590696,-3.33181617,-0.5559176805113073,-79.96872437966873,-15.898007230623227,-7.557319602580675
-24.4344808926298,167.01827373,149.64184229,28.52263088,-29.3946907,-32.55410529,-5.08964095,-0.5298498068792019,-82.31909121548524,-16.142828631640796,-8.291652260989004
-25.3422191316757,167.04523627,151.02645762,27.08534562,-29.97508318,-31.9100575,-6.75419259999999,-0.505683710497114,-95.93334704077188,-18.197641002374827,-7.144578129300875
-26.1689986471824,167.0427348,152.26961804,25.7583696,-30.56051446,-31.35473957,-8.33300926,-0.4839864680376383,-109.68544373439086,-20.285702463501845,-5.883296183680553
-26.9040811594642,167.00658307,153.3549945,24.5708625,-31.15956048,-30.91948884,-9.78923654,-0.4650430751869979,-115.83747278426762,-21.170948104539654,-5.733133054924547
-27.535538030692,166.93210417,154.26894249,23.52420133,-31.76967105,-30.60097204,-11.14036577,-0.4490916735695137,-116.33440816488203,-21.16629234110923,-6.369245689582769
-28.0505475124072,166.82274669,155.01983155,22.61061204,-32.37889999,-30.36732785,-12.39289222,-0.4359861871553086,-101.20886126832092,-18.676568497451743,-9.373979014955456
-28.4359261239614,166.68006877,155.60171988,21.84937922,-32.99806211,-30.25549207,-13.51778692,-0.4258303199178774,-106.61910967813768,-19.48795085610081,-8.947975267860592
-28.6788236241844,166.5594301,156.10478454,21.17449055,-33.61342436,-30.21720535,-14.56843634,-0.4170501852504514,-126.75187006299326,-22.66208281950525,-6.016740804679149
-28.7675053356023,166.33780474,156.32361477,20.7544234,-34.23872837,-30.33061018,-15.41088137,-0.4132308772340548,-97.9166798615444,-18.027902419166885,-10.739602916435416
-28.6921464781917,166.13255605,156.46350281,20.41801932,-34.84694949,-30.48400324,-16.20216893,-0.4107893703518935,-77.1857183475444,-14.697793867650377,-13.994352610541322
-28.4455701049788,165.91803811,156.48448841,20.19583464,-35.44358409,-30.70553523,-16.91048812,-0.4104231025363867,-77.05965321568198,-14.675648805739126,-13.769921299239673
-28.0238714121562,165.69863713,156.37997949,20.12913338,-36.02655713,-30.9988496,-17.4705494,-0.41224712728809,-59.95658195410369,-11.948988050244559,-16.074883361911642
-27.4268839749504,165.4975285,156.20384276,20.15421747,-36.58857156,-31.33317276,-17.95866705,-0.4153212931602867,-45.73673353027996,-9.690362874330855,-17.736521100619544
-26.6584584161718,165.29827381,155.95293026,20.27001268,-37.14079229,-31.73157686,-18.32108519,-0.4197005424196969,-45.309246545934265,-9.64550302720073,-17.012955388971072
-25.7265418458138,165.16246302,155.66114493,20.48088244,-37.64070165,-32.10513333,-18.69273092,-0.4247931571372148,-32.599652467835696,-7.639282501514597,-18.087259344299202
-24.6430621059767,165.00618659,155.26627817,20.80054613,-38.14924596,-32.59191897,-18.8526556,-0.4316848822058973,-11.106371279140935,-4.23722146069661,-20.40584064528009
-23.4236306872355,164.93774031,154.93166485,21.12371079,-38.57909682,-32.95314585,-19.11573983,-0.4375249863609264,-16.572131631149567,-5.142890534532659,-18.28074015270284
-22.0870844864318,164.86257626,154.51599126,21.51758126,-39.00211739,-33.38350804,-19.24971292,-0.4447798591200117,-11.776155342222982,-4.414108764747289,-17.67297572168451
-20.6548926035645,164.8354301,154.10723345,21.9370254,-39.38759055,-33.79512146,-19.34274831,-0.451914028747753,3.287636569410668,-2.041704870437026,-18.613187733127475
-19.1504609766929,164.84029706,153.69823195,22.35615311,-39.730024,-34.16802007,-19.42627034,-0.4590524515683484,2.692557834289011,-2.174612011884651,-16.97584896480825
-17.5983722608189,164.8781659,153.30163882,22.75237749,-40.02581764,-34.48485214,-19.51935243,-0.4659743074776385,7.451349883502711,-1.449629478206761,-16.14874278261214
-16.0235988555743,164.93053317,152.89589986,23.11852231,-40.27939861,-34.75084582,-19.63772966,-0.4730557882332563,19.67377718882224,0.46882572026793445,-16.492424575842232
-14.4507254124744,165.02903947,152.53873728,23.41516715,-40.47953856,-34.9357663,-19.79260286,-0.4792894512191738,27.871590430768038,1.7478994904537046,-16.198624902928103
-12.9032151024676,165.15085014,152.20629021,23.63046459,-40.62713184,-35.03315643,-20.01048381,-0.4850917471792819,19.653616890626942,0.40279630186508175,-13.306011404332683
-11.4027506082587,165.30656449,151.93552819,23.71434333,-40.69613069,-34.96685217,-20.33958248,-0.4898174359176322,9.536861259995533,-1.2404352108787438,-10.162315397379956
-9.96867592735923,165.44450802,151.62928749,23.70688708,-40.74019803,-34.86917257,-20.75477741,-0.4951623444362448,18.73213191479317,0.20311502852384145,-10.171790955883072
-8.61755893172719,165.61202707,151.38696129,23.55722456,-40.70265158,-34.58827071,-21.28439276,-0.4993917344900911,4151.834859768069,661.477694680048,-670.0952536117752
-7.3628874742545,165.7800143,151.15961198,23.2491767,-40.60658338,-34.17601303,-21.9858147,-0.5033597285017284,3722.1792811337073,592.7123419350688,-600.0752294093234
7.47234144900389,210.1795675,174.62665586,37.35799453,47.86483754,41.83180701,11.93389503,-0.0937825470857431,-4980.557510956681,-797.4398351489107,804.9121765979146
7.70891321215671,209.37964614,172.01645281,37.69245357,46.88838152,39.66173486,11.31098096,-0.1393391844538412,-4589.6866302334965,-735.1665265938668,742.8754398060236
7.92751805839913,208.52353164,169.32985793,38.16996661,45.83674133,37.34570513,10.78661678,-0.1862291107770632,-45.89234359573933,-8.431483622404873,16.359001680804003
8.1319974712202,207.61251418,166.57632632,38.80372664,44.70901694,34.88546548,10.39989049,-0.2342873034293038,-37.01760091274444,-7.28785708058523,15.41985455180543
8.32627052350596,206.64991088,163.77011624,39.59789853,43.50925831,32.29431723,10.17591753,-0.2832649088279572,-26.5844450140019,-5.8969237415329605,14.22319426503892
8.51394739176778,205.63921961,160.9241046,40.55368355,42.23523843,29.57021217,10.13416934,-0.3329371824960408,-15.236713897931333,-4.359577738468826,12.873525130236608
8.69788665007419,204.58436857,158.0580569,41.6584962,40.91069744,26.7706048,10.26186341,-0.3829591513802514,-4.646345721489098,-2.9405766912303983,11.63846334130459
8.8798026019552,203.49108801,155.18458294,42.90020977,39.522432,23.87308561,10.57601188,-0.4331107329525709,6.238482189043104,-1.4696572738134013,10.349459875768602
9.05999130771702,202.36367056,152.31937596,44.26336076,38.07866001,20.90010106,11.07128093,-0.4831180285046945,18.003423790827355,0.1490373080505769,8.910953999666443
9.23719551413291,201.20928618,149.48080515,45.72500246,36.58766034,17.87445667,11.72701688,-0.5326604351901968,29.05812285213596,1.6632769449710239,7.573918569161886
9.40860871739838,200.0339757,146.68384704,47.27241433,35.04684973,14.79441695,12.55539558,-0.5814765632500549,39.49144979314863,3.0889924047336224,6.319616312664758
9.5700086680143,198.84261085,143.94351814,48.86304734,33.47752513,11.71525859,13.48380349,-0.629304325142609,50.195363854740194,4.570393169656548,4.999615498357752
9.71600185439407,197.63916375,141.27458746,50.47130467,31.87504165,8.62642269,14.50438662,-0.6758859530161004,60.14446664807327,5.9446528661981,3.77134898819597
9.84035361480147,196.43746106,138.69382938,52.09291434,30.24536507,5.54614767999999,15.62183583,-0.7209286787095472,67.97460359380113,6.994651042803019,2.8457025719984514
9.93637404760169,195.24070571,136.20993029,53.709773,28.5892489,2.48062374999998,16.8220713,-0.7642808961173386,76.15791489500303,8.116200127514114,1.8201739200875764
9.9973280663492,194.0503806,133.83360641,55.28646043,26.92585268,-0.531941749999987,18.04576098,-0.8057555719171053,83.71952071801533,9.153561015331,0.8437670510181992
10.0168401533917,192.87618133,131.58162583,56.81893893,25.25286422,-3.49533162999998,19.30444209,-0.8450600477290765,90.32319909039748,10.053407372133233,-0.036567218741533125
9.98926940514581,191.7208756,129.45306096,58.29627035,23.57638651,-6.39445347999998,20.57745142,-0.8822105130528619,90.45211609027382,9.932123471817416,0.05714593332839435
9.91003137953895,190.61070167,127.47083518,59.70332205,21.88170284,-9.27708799000001,21.89235455,-0.9168068794317746,89.25366307011578,9.613847001245224,0.29618437829372546
9.77584254549978,189.47719989,125.59076796,61.03032917,20.23124958,-11.96133785,23.07954532,-0.9496202425795912,97.9283386609442,10.886950245442707,-1.1111076999429272
9.58487160280263,188.40110941,123.87143035,62.27147444,18.5684277,-14.61913304,24.29342945,-0.9796283448274612,100.61178064055704,11.215777980656258,-1.630906377853627
9.33679551879798,187.35265375,122.28956301,63.42243108,16.91664037,-17.18538046,25.47388672,-1.007237138240226,98.32338521048918,10.761029792072407,-1.4242342732744273
9.03276691172038,186.33637922,120.84848856,64.47146676,15.27822688,-19.65689383,26.60312662,-1.032388632159092,92.38324262245578,9.73318443911894,-0.7004175273985602
8.6753040324416,185.3561715,119.55170956,65.40600895,13.65487707,-22.02961586,27.6558338,-1.0550216953798115,91.79955041538344,9.572851808304858,-0.8975477758632575
8.26811784826372,184.3826861,118.35486376,66.25391789,12.03562068,-24.33473056,28.69444227,-1.075910595228477,100.82328662063269,10.957190706244198,-2.6890728579804772
7.81589280425579,183.4739216,117.33982879,66.97602306,10.45830233,-26.48159943,29.60495353,-1.0936262974778592,88.5508381789557,8.944940747241168,-1.1290479429853777
7.32403873991701,182.5859864,116.43891384,67.58090221,8.88874598999999,-28.54555194,30.41500686,-1.109350229635799,82.85872607625588,7.9923879079978075,-0.6683491680807974
6.79843124013599,181.70495672,115.63530695,68.09051797,7.34104818,-30.5172936,31.20250081,-1.1233758157580112,86.60754844721063,8.555999117518196,-1.7575678773822059
6.24515651695059,180.892187,114.99770945,68.49108811,5.81834039,-32.36446043,31.8510545,-1.1345039914354955,77.40935785658154,7.056308129287449,-0.8111516123368592
5.67027490704766,180.06695723,114.42700981,68.78790813,4.31759740000001,-34.12326318,32.44706071,-1.144464579193442,77.70269185330525,7.07875644658763,-1.4084815395399701
5.07961440732749,179.29946867,114.00002801,69.00751828,2.83859391000001,-35.77632502,32.96529541,-1.151916817449534,74.5621673412189,6.558300652836432,-1.4786862455089418
4.47860254853007,178.54066689,113.6639163,69.11850938,1.38961434000001,-37.31353571,33.37925587,-1.1577830734435424,64.91181604660446,5.000307132545773,-0.5217045840157031
3.87214152479677,177.80718189,113.42955632,69.13338852,-0.0354253099999937,-38.74929995,33.69793791,-1.1618734267294504,66.1419136314345,5.187514340056794,-1.3153728152600235
3.26452806051658,177.08027796,113.2727401,69.04288981,-1.43321213000002,-40.07887478,33.88988827,-1.1646103860889825,64.97275421743831,4.994070002654232,-1.729541942137652
2.65941621005145,176.40226693,113.23804988,68.88050736,-2.80883786999999,-41.31064475,34.03507656,-1.1652158446462233,49.96875379531751,2.5920243009964254,0.06739190905502435
2.05981834733027,175.71681962,113.25383036,68.62813824,-4.16007035000001,-42.45519204,34.08147539,-1.1649404233126783,49.03108612666074,2.442636647343809,-0.3828183000135392
1.4681371872086,175.03854842,113.33284331,68.31150142,-5.48741396,-43.51346771,34.06645382,-1.1635613871834645,53.32977273312611,3.1336330106571726,-1.6654958234485726
0.886219929936173,174.39291021,113.51584805,67.87637163,-6.78057326000001,-44.44612759,33.88947308,-1.1603673519237083,44.61038006152496,1.7459963089341537,-0.8597763789979807
0.315424623745442,173.74044356,113.73319383,67.38722224,-8.05942643,-45.32669721,33.68714168,-1.156573952447393,48.63173734050763,2.3983520757769723,-2.08292745203153
-0.243310204736572,173.11277793,114.03346439,66.80559654,-9.30919251,-46.10586591,33.36673406,-1.1513332425285858,47.79567750491154,2.277058879633012,-2.520369084369584
-0.789397966646454,172.50666187,114.41218368,66.11801965,-10.52703073,-46.77634151,32.89794917,-1.1447233439772708,39.97033497863844,1.0409503191071012,-1.8303482857535553
-1.3225416016744,171.89877442,114.82492979,65.40251578,-11.72966046,-47.3987886,32.43546876,-1.1375195653829722,44.63468377136515,1.8048914731105237,-3.127433074784924
-1.84268123477913,171.32275131,115.32018668,64.58688481,-12.90603062,-47.93041012,31.83712009,-1.1288757020092848,45.87513639464413,2.0249021035204997,-3.86758333829963
-2.3499574460413,170.75990116,115.87213309,63.71241916,-14.05548338,-48.38283964,31.1770055,-1.119242419860222,43.59577653410662,1.6846759425426532,-4.034633388583954
-2.84469282955331,170.22249755,116.49103485,62.77196456,-15.18204658,-48.76082506,30.43163911,-1.1084405464018343,46.32067182878341,2.14868298572811,-4.99337581528142
-3.32739133735188,169.7045817,117.16912179,61.77558658,-16.28663062,-49.07422389,29.62691288,-1.0966056966840612,45.82911031693948,2.1014416434291556,-5.428832980781036
-3.79875278679043,169.21954574,117.92728092,60.70443103,-17.35796097,-49.28307265,28.69858946,-1.0833733236115055,39.49883428121304,1.1245822388426054,-4.923335025633035
-4.25969829389475,168.75462944,118.72869195,59.59854494,-18.42397512,-49.48155473,27.77025995,-1.0693860624762064,40.55648286396707,1.332832490782085,-5.592530784676835
-4.71140114419487,168.31733246,119.58983864,58.47643131,-19.47282729,-49.63598893,26.84900259,-1.0543562173930554,46.56998338578466,2.338052147528191,-7.049453291723061
-5.15531674451857,167.91571775,120.52063364,57.29736796,-20.49897428,-49.72766973,25.84862073,-1.038110779981955,44.08650552390591,1.9885364790470108,-7.143853223565581
-5.59320480164452,167.54446043,121.51922271,56.05134919,-21.49321681,-49.72739663,24.72613086,-1.0206821128360268,38.81519230386599,1.1979376368884296,-6.791142438532949
-6.02713671545197,167.20828928,122.5651724,54.81593596,-22.49352227,-49.76242676,23.70108535,-1.0024268469353128,38.53472661971336,1.2100114081856619,-7.237148123637632
-6.45948132022152,166.90578353,123.67100145,53.53394611,-23.47291944,-49.74527952,22.60940628,-0.9831264890486116,38.07340468248266,1.1982039280880983,-7.657685248309618
-6.89286253544519,166.63651444,124.83049888,52.21899624,-24.43634816,-49.69481193,21.48080319,-0.9628894412266994,35.09326371135102,0.7883518378871734,-7.681214373332363
-7.33008320206653,166.40059213,126.04092473,50.87125883,-25.38306918,-49.61196503,20.31884587,-0.9417635247929482,31.95339544306064,0.35799320541747637,-7.688076407484006
-7.77402323332838,166.19690499,127.29689495,49.4991707,-26.31909486,-49.51870484,19.14913233,-0.9198427091469508,28.16107772182104,-0.17180472743616004,-7.60221850589222
-8.22755110875876,166.02440206,128.59392748,48.10381251,-27.24322908,-49.4116391,17.96153969,-0.8972052209929787,23.868141975236234,-0.776826434339867,-7.450724674418893
-8.69348521966965,165.8789726,129.92464211,46.6871204,-28.15372255,-49.28914476,16.75516783,-0.8739798692950203,19.547006943920756,-1.381787399050602,-7.311697820619049
-9.1745904017042,165.75930758,131.28368461,45.25489721,-29.05477753,-49.16481924,15.54382226,-0.8502601029954856,15.322133802185787,-1.9669966063611248,-7.207593795343076
-9.67356850675789,165.66133034,132.66438537,43.80624724,-29.94589895,-49.03816066,14.32506044,-0.8261623287486975,8.774489225434934,-2.9198573577595184,-6.753711148998372
-10.193021144229,165.58164799,134.0612311,42.35074306,-30.81078681,-48.86884522,13.05817884,-0.8017827716177739,0.9564439207543352,-4.0723194456451965,-6.120701698583804
-10.7353808812869,165.51137192,135.45440275,40.89742739,-31.68453902,-48.75207021,11.85734291,-0.7774673392798314,-3.296588363146391,-4.652136915285022,-6.083243966001879
-11.302812536829,165.44956575,136.84425761,39.45857543,-32.53123769,-48.5979794,10.62886462,-0.7532097958479868,-6.167176762458215,-5.00857312299322,-6.29423941383578
-11.8970894458029,165.3941357,138.22553207,38.01513995,-33.36449122,-48.43666995,9.38322659,-0.7291020086472798,-11.28843355473368,-5.72340658030836,-6.1736828654945395
-12.5194503793518,165.34240581,139.5919488,36.57973219,-34.17607414,-48.2514665,8.10863296,-0.7052535377544454,-16.16161622844947,-6.397432803760612,-6.1220175755911885
-13.1704422485965,165.28755417,140.93198343,35.16611215,-34.97104774,-48.0579007,6.843605,-0.6818655213702016,-20.427352763965345,-6.974202386615644,-6.196239861980855
-13.8497563443731,165.23442313,142.24704075,33.7718795,-35.75596085,-47.87181719,5.60021038,-0.6589134412837491,-31.291053463903307,-8.606646283781366,-5.243110060591734
-14.5560702750212,165.17380693,143.52139468,32.41514636,-36.50985248,-47.64884518,4.33605037,-0.63667176936952,-40.02991528330391,-9.900579209974783,-4.655491065046418
-15.2869101079807,165.08879933,144.72284817,31.12126914,-37.23941128,-47.41214086,3.07999057,-0.615702450159443,-39.49661247706899,-9.715346876808056,-5.571563231172645
-16.0385219888557,165.00055957,145.88145141,29.85158427,-37.94745487,-47.15847436,1.81290105,-0.5954810088971687,-43.903450155974255,-10.322685399206453,-5.715836589649246
-16.805690303109,164.89640724,146.97235667,28.63252491,-38.62337774,-46.87022459,0.530841240000001,-0.5764411202828439,-46.51657107469509,-10.647507755167382,-6.1581825479416175
-17.5814726314089,164.77986617,147.9899599,27.48163511,-39.28537347,-46.60230121,-0.702275419999999,-0.5586805934404149,-57.14030994643071,-12.259248619640626,-5.322224011768274
-18.3569513345761,164.66821453,148.95534485,26.38532816,-39.93276815,-46.35322789,-1.88161583,-0.5418314475137143,-69.10269366516953,-14.088782130891374,-4.2681692036847245
-19.1211429141137,164.50229182,149.77107853,25.40081028,-40.55223091,-46.10399323,-3.05678258,-0.5275942089783041,-63.53150844503386,-13.125363493998716,-5.995779420114985
-19.8611262728975,164.3522101,150.54240376,24.4666734,-41.1537487,-45.86936364,-4.1711175,-0.5141320441111016,-62.53030904627699,-12.896511660330699,-6.964614612566802
-20.5623830237562,164.17017843,151.18818843,23.63302853,-41.73617261,-45.65985274,-5.24844293,-0.5028609753606967,-67.28761582028231,-13.59979230447284,-6.9625907192833605
-21.2093208476567,163.9959755,151.77119039,22.86020469,-42.29441096,-45.45770174,-6.2697453,-0.4926856716131166,-70.93442893244539,-14.130712434042628,-7.07860841361407
-21.7859407533275,163.7944808,152.21976869,22.21388191,-42.84325479,-45.31728064,-7.20365971,-0.4848565033251176,-65.81855822624716,-13.271527987805126,-8.514412765522373
-22.276601436357,163.5993791,152.59355268,21.64162585,-43.37298447,-45.20699941,-8.0671564,-0.4783327420083761,-58.36123582604269,-12.044359880190784,-10.232241556166217
-22.6668292574658,163.40233717,152.87423639,21.1608947,-43.88782182,-45.14165431,-8.85053209,-0.4734338871121631,-59.271917213804535,-12.16446426029797,-10.50236499716783
-22.9441208614077,163.21428456,153.08152972,20.74427893,-44.38370228,-45.11174155,-9.56758405,-0.46981593598624,-57.60519235533612,-11.878837148628524,-11.065283712779177
-23.0986870295764,163.02990102,153.18910102,20.47094167,-44.86922519,-45.15117494,-10.13539402,-0.4679384626205892,-50.17502204231028,-10.68016178577414,-12.418525243802259
-23.1240906875011,162.86408662,153.23945332,20.25681377,-45.33398888,-45.22037566,-10.6315706,-0.4670596491996374,-45.07192714622854,-9.859053653713978,-13.26503703378712
-23.0177382002696,162.71434746,153.21648395,20.15106355,-45.7849131,-45.34614206,-11.01126188,-0.4674605403332462,-42.706115891855134,-9.482628410437382,-13.53510978983222
-22.7811899553118,162.58214511,153.1391338,20.11348245,-46.22020694,-45.52295533,-11.27536714,-0.4688105551276577,-38.86994677315791,-8.875925388033647,-13.905264567278152
-22.4202639626129,162.47866924,152.99917886,20.17943995,-46.63651764,-45.7357339,-11.44902313,-0.4712532296350888,-35.88898549727437,-8.411776902689297,-14.008487059923603
-21.9449149866212,162.39276436,152.81610589,20.30256977,-47.03993275,-46.00545014,-11.50207413,-0.4744484557329938,-33.32055198871808,-8.017553931034676,-13.927361055586523
-21.368879197905,162.33594227,152.57624503,20.53172912,-47.41826572,-46.29382092,-11.43678493,-0.4786348174866588,-30.147604495116557,-7.5317555928134805,-13.837123605091518
-20.7090788504369,162.30009625,152.30216528,20.81410567,-47.77611669,-46.6094704,-11.27969043,-0.4834184115372017,-18.38775052811048,-5.675114565752077,-15.033964284684822
-19.9847846022569,162.29085151,151.98057815,21.16492064,-48.12179203,-46.99275152,-10.99604993,-0.4890311657877405,-17.653415462641764,-5.586798973067015,-14.397985629189886
-19.2165369077032,162.32491648,151.68287062,21.53555117,-48.43218506,-47.33296817,-10.64661174,-0.4942271423942206,-26.943954914641637,-7.100219129816324,-12.116317777886877
-18.42483257093,162.32892342,151.28376465,21.95396659,-48.71349246,-47.66625717,-10.2592619,-0.5011928556350863,-12.054062373688112,-4.753825496032268,-13.671007074897734
-17.6285870683426,162.40921233,150.90919847,22.40743419,-48.96864929,-48.03706431,-9.76615324,-0.5077302687427038,-3.9314920211347415,-3.487865885681009,-14.140721182661592
-16.8433882371423,162.45998989,150.51788646,22.80920384,-49.19098963,-48.32040088,-9.26971503,-0.514559951719801,-8.168469021232472,-4.200807807001298,-12.642580430141003
-16.0795643457176,162.54688158,150.11300053,23.21786186,-49.38181182,-48.61082551,-8.72377671,-0.5216265442933004,-4.028239112217058,-3.5744694924295954,-12.505094853288004
-15.3401005009149,162.64240977,149.70520639,23.58736476,-49.5235871,-48.81759572,-8.1924958,-0.5287438947066389,-2.418232218455163,-3.3530782518918487,-11.987022249023052
-14.6184522813101,162.74663864,149.29372248,23.88904616,-49.63573431,-48.99448763,-7.65617921,-0.5359256437551186,-3.699771637667437,-3.5945097463212963,-11.023942534988803
-13.8963250761148,162.85015527,148.87867087,24.11242262,-49.69852199,-49.07908048,-7.16969698,-0.5431696609153223,-4.820421370428374,-3.8103574737924557,-10.085967602322345
-13.1415124533775,162.94602771,148.4532463,24.24782757,-49.7178345,-49.07947243,-6.72756266,-0.5505947203807037,-4.900931663484043,-3.8605306691797456,-9.280981784197754
-12.3059173193729,163.03541832,148.02451637,24.27316758,-49.69066173,-48.98549303,-6.35368981,-0.5580774692610485,-7.243805800825065,-4.272800226529058,-8.033117092843842
-11.3239157046822,163.11090787,147.58468985,24.18315894,-49.61832035,-48.79457552,-6.05555743,-0.5657538901726371,-10.784396429387444,-4.877491486869196,-6.4464242178130045
-10.111264348546,163.16909093,147.12885792,23.97951854,-49.50324598,-48.50739425,-5.83076734,-0.5737096581868573,-15.320964431589925,-5.642733089832104,-4.468531258713895
-8.56479894283928,163.20799299,146.65434336,23.67153732,-49.34223229,-48.11420064,-5.67540011,-0.5819914996075093,-21.85014342486746,-6.728192292176939,-1.8366066506623415
-6.56499377248999,163.22230197,146.14541681,23.27801954,-49.14445797,-47.63586905,-5.57077325,-0.590873943555825,-25.711574439153395,-7.389523503216989,0.824529730726999
-3.99033204880127,163.21409705,145.59880477,22.83212373,-48.90997321,-47.07140111,-5.49311894,-0.6004141233848682,-27.176905755230685,-7.670412109424494,3.680080060623224
-0.755031367502909,163.18526134,145.01465923,22.3653087,-48.63430437,-46.4114114,-5.41694485,-0.6106093863687081,-28.930017430370825,-8.000199784722309,7.2451684172194
3.14479716267521,163.14003222,144.38755398,21.92978663,-48.31968466,-45.66395309,-5.29921917,-0.6215544377377502,-31.01154945617801,-8.385769451879725,11.530566614554935
7.62145660425914,163.08244463,143.71814486,21.5640223,-47.9703012,-44.83790294,-5.106269,-0.6332378309246283,-30.172260761459626,-8.307098301218215,15.928554905477355
12.5349997035358,163.01460877,142.9986201,21.3050877,-47.58299124,-43.93988986,-4.81373808,-0.64579590703625,-21.93025403753101,-7.047626078071005,19.582625781606804
17.7445882406095,162.94625524,142.24875617,21.17827571,-47.15522833,-42.95594564,-4.40792664,-0.6588835015566944,-10.822992640469042,-5.33161735856862,23.076205599178117
23.1425067164633,162.88530386,141.48403512,21.2001921,-46.68462213,-41.87855964,-3.88764412,-0.6722304017385029,-0.1701748380478207,-3.6888961218271086,26.83140283829041
28.6583884037214,162.83746063,140.7173563,21.38004042,-46.16828551,-40.70173225,-3.25961518,-0.6856114714528074,12.211180403610689,-1.769112134116238,30.427500537837638
34.2326045811327,162.80796689,139.96847511,21.71780952,-45.60458034,-39.41125779,-2.55060321,-0.6986819139245606,25.428986434625767,0.28656890908956445,33.94603567204313
39.7862900195358,162.80488487,139.25592134,22.19535939,-44.97816337,-37.98767923,-1.78633077,-0.7111183233085594,37.68733959727432,2.192207368403526,37.59408265113227
45.2131449515509,162.83352259,138.59861246,22.79517598,-44.28443738,-36.41951788,-0.997231260000003,-0.7225905274671557,48.25239351825439,3.8317623825479,41.381382569003
50.3925003681577,162.89273269,138.01041893,23.5008661,-43.52599453,-34.69654907,-0.237062030000001,-0.7328564412045839,62.15205256413614,6.010635114879814,44.38186525327789
55.2133285753852,162.98628923,137.50521566,24.28439989,-42.69396006,-32.80684679,0.456511979999998,-0.7416739016579253,62.83960756965801,6.082261441142808,49.131067134242386
59.5905472681921,163.13111035,137.12102155,25.10944932,-41.76989584,-30.71708054,1.02955032,-0.7483793538441949,56.83371668338211,5.092336576356815,54.49821069183528
63.4630864541173,163.27583753,136.77186329,25.9792185,-40.80085044,-28.52186583,1.50336889,-0.7544733150917292,70.94698134043287,7.3242755909741595,56.13881086314314
66.7864867368042,163.47238808,136.55725738,26.84556944,-39.73643664,-26.12451293,1.79315492,-0.7582188948154676,77.85877664830743,8.414143721763478,58.37234301504073
69.5303981804252,163.70190314,136.44500718,27.69908109,-38.59421517,-23.56720761,1.89962469,-0.7601780303914898,73.71667051035536,7.743050476714538,61.78734770371066
71.6788857306354,163.96541071,136.43959114,28.51834408,-37.37501286,-20.85556084,1.79985446,-0.7602725581219095,72.83107823059076,7.600952917666128,64.07793281296927
73.2311193477465,164.26252965,136.54051648,29.29175803,-36.0811977,-18.0015863,1.48090613,-0.7585110786402148,69.22178446135518,7.0309777404224,66.2001416073241
74.2002080200196,164.59149932,136.73921624,30.01138634,-34.71910231,-15.02743665,0.945355750000004,-0.7550431136052924,67.46767096723948,6.765145364135795,67.43506265588381
74.6095025090871,164.94909188,137.03263739,30.66914413,-33.29479185,-11.94922695,0.193358119999999,-0.7499219484428044,67.95089329592496,6.864442834217937,67.74505967486915
74.4886225674472,165.3420663,137.42540262,31.25498405,-31.81009853,-8.77943312000002,-0.779633130000001,-0.7430669019919514,64.07914913107659,6.2745525208741215,68.21407004657307
73.8708087140782,165.7700879,137.91408824,31.77045379,-30.26828516,-5.53343891,-1.94825473,-0.7345377289158014,57.476135729118695,5.25514607295192,68.61566264112628
72.791927879547,166.22225498,138.47873548,32.21144362,-28.68807433,-2.25025656,-3.31419694,-0.7246827754655026,54.17013131466142,4.769380964853277,68.02254691469372
71.2909140024905,166.70520782,139.12485309,32.58042066,-27.06976314,1.06139532,-4.84759482,-0.7134058958158865,51.60405050995465,4.40870030665099,66.88221369583951
69.4106451865862,167.21660807,139.84244033,32.8823873,-25.42126845,4.37993229000003,-6.52561133,-0.7008816358075878,47.64929848588783,3.8319242733838714,65.57872091320232
67.1978207262258,167.75884799,140.63128737,33.11961644,-23.75026511,7.68597947999999,-8.32366637,-0.6871136576649762,43.78245869623432,3.2754596830290326,63.922361043196766
64.7017023587743,168.32407039,141.47915555,33.29125736,-22.06216591,10.96878671,-10.22279268,-0.6723155663010841,47.07036230101269,3.8691980157487658,60.83250434302553
61.9728420842836,168.91569756,142.38857666,33.4027726,-20.36174896,14.21404699,-12.19394162,-0.6564431736444425,40.10560672230823,2.828314762676253,59.14452732160735
59.0621488930981,169.54763871,143.38556408,33.42401717,-18.64407274,17.43346149,-14.23305453,-0.6390424605644792,19.564084990660863,-0.37673792225886205,59.43888681535696
56.0196261712328,170.17158083,144.37565415,33.44034542,-16.94311273,20.5515008,-16.2656171,-0.6217621289516779,20.30921666288265,-0.17543962296632465,56.195065794199124
52.8924816779001,170.82825381,145.40406656,33.4582991,-15.2553677,23.56500111,-18.23651515,-0.6038129463288082,31.482626038594752,1.6986424749708653,51.19383920292923
49.7235669281465,171.48376164,146.47909488,33.3612676,-13.56490143,26.54043595,-20.26147622,-0.5850501625926251,29.51700656440126,1.475542777868454,48.24802415027804
46.5510111331396,172.17178918,147.6029512,33.25240929,-11.88102056,29.42732972,-22.20079754,-0.5654351694892777,20.535116373295857,0.13521278930868386,46.41579834383092
43.4082274962171,172.86641639,148.7516556,33.09350313,-10.21246569,32.22096074,-24.09426106,-0.5453864955771321,16.74604670979458,-0.3708740280201601,43.77910152423726
40.3232459903214,173.56421596,149.91949339,32.89290818,-8.56130150999999,34.91736312,-25.92053952,-0.5250038810124177,18.02217735364211,-0.06360383787481938,40.38684982819622
37.3179963833512,174.27752959,151.1201641,32.66435326,-6.92187131,37.52407434,-27.64759194,-0.5040482238906597,19.666123920044143,0.30669123039641066,37.01130515295479
34.4085684783203,174.99955719,152.33929505,32.41792771,-5.29983442,40.02557825,-29.24761152,-0.4827703748001934,17.787697604627617,0.11633152953079673,34.2922369487895
31.6061437041945,175.74069308,153.60135119,32.13818454,-3.68364012999999,42.45780603,-30.76571915,-0.4607433398121829,9.163887889508349,-1.1481085854694595,32.75425228966396
28.9180060798158,176.47316011,154.86101271,31.82392291,-2.09295821999999,44.77528338,-32.17156862,-0.4387580988275064,8.997329373663376,-1.0583425856635282,29.97634866547933
26.3486398128814,177.21352976,156.13504349,31.50996521,-0.519996410000005,46.98951041,-33.42661416,-0.4165220669447552,15.02711905339682,0.025394941573487095,26.323244871307914
23.9007538899742,177.96340216,157.43428127,31.16486554,1.04045449999998,49.11990337,-34.57482577,-0.393846089917453,12.166960741684107,-0.30969440288374583,24.210448292857947
21.5759580270655,178.72265536,158.75483484,30.79300571,2.58670818000002,51.1587676,-35.60822288,-0.3707980821719879,7.519899435201616,-0.9274893068380508,22.50344733390355
19.3749718660832,179.48117158,160.07726138,30.42296461,4.11171198,53.09221706,-36.48679717,-0.3477173849332312,5.842919022047699,-1.0687587719352536,20.443730638018454
17.2975307880019,180.24954743,161.41771204,30.03296589,5.62169258,54.93367883,-37.25774843,-0.3243221074557004,1.0894868789717904,-1.6994399855644513,18.996970773566353
15.3424672699582,181.01436547,162.75371895,29.64370741,7.10872246,56.66658952,-37.88544656,-0.3010043880468047,3.3923702871635264,-1.200520719678995,16.542987989637197
13.5079187751928,181.77516794,164.08683154,29.25736041,8.57825323999998,58.3041973,-38.36891493,-0.2777371840515157,6.744959284687191,-0.5329863922716032,14.040905167464404
11.7911993446305,182.56074137,165.44961337,28.85599136,10.02337692,59.83068666,-38.7591194,-0.2539521541316618,-1.5915430556148635,-1.73188698201569,13.52308632664619
10.1884349709938,183.33530105,166.79459681,28.46754248,11.44711722,61.2536412,-39.00561139,-0.2304777647188623,-5.950441775944881,-2.2953136481371343,12.483748619130935
8.69436540597294,184.11130767,168.13638892,28.0870304,12.84716041,62.56838501,-39.12710732,-0.2070590745220803,-4.752418106779022,-1.9692130935187664,10.663578499491706
7.30250472267912,184.88568466,169.46826856,27.72074996,14.22145045,63.77049982,-39.12108264,-0.1838133895638034,-5.674320216308715,-1.9826378809003744,9.285142603579494
6.00551997981885,185.66323234,170.79593512,27.36622926,15.57048143,64.86379461,-38.99913597,-0.1606412367231768,-8.515765107767592,-2.303035592045246,8.308555571864096
4.79529818003464,186.43763958,172.10942885,27.03032947,16.89207521,65.84348642,-38.75601368,-0.1377164464303753,-9.948272016611703,-2.39893898670625,7.194237166740891
3.66268579771152,187.20887824,173.40668958,26.71678049,18.18505054,66.70834939,-38.39281286,-0.11507497543505,-11.064643947383423,-2.445491501051347,6.108177298762867
2.59759993668511,187.98085852,174.69358974,26.42263286,19.44971655,67.46265889,-37.91927614,-0.0926143304986084,-11.171824616744708,-2.33128603217489,4.9288859688599995
1.58959689977257,188.74228038,175.9540483,26.16057655,20.68629268,68.10777143,-37.32399563,-0.0706151785416616,-9.255823107863923,-1.8958039527360753,3.4854008525086453
0.628336394685812,189.51410418,177.21374079,25.90565584,21.89001239,68.63532278,-36.63876897,-0.048629397028516,-11.763395240069396,-2.1679714065716187,2.7963078012574307
-0.296206101370951,190.27678754,178.44837506,25.68358045,23.06552933,69.05908085,-35.83883864,-0.0270809639590596,-15.866018539676396,-2.6977795717535,2.401573470382549
-1.1934590036125,191.03750773,179.66649255,25.48551811,24.21186144,69.37871318,-34.93782949,-0.0058208030824305,-14.57934261648326,-2.3669209474877344,1.1734619438752345
-2.07179854207297,191.78727623,180.85179623,25.3371908,25.32882054,69.5954528,-33.90928614,0.0148666487695747,-8.925015146762583,-1.3405897487513776,-0.7312087933215923
-2.93819572834354,192.54378139,182.03571083,25.1833439,26.41670255,69.71668405,-32.82105923,0.0355298566020065,-14.826076322186443,-2.163300606769057,-0.7748951215744828
-3.79807625878762,193.29703658,183.20408083,25.03597099,27.47766684,69.75007775,-31.66063959,0.0559217599835328,-19.773344731988995,-2.8350865649461356,-0.9629896938414841
-4.65528623641966,194.03167332,184.31998195,24.9652063,28.5074937,69.68131406,-30.35881837,0.075397908654225,-14.50553962373604,-1.8779665704184745,-2.7773196660011856
-5.51226407419183,194.77553502,185.44307251,24.87016795,29.51423743,69.54429822,-29.02933401,0.0949995367242921,-21.32445025416052,-2.8541546008726253,-2.6581094733192043
-6.37039818087804,195.50283132,186.52114245,24.82780406,30.49360056,69.32306306,-27.59712309,0.1138154067440699,-23.53475441751338,-3.0977700511470134,-3.272628129731027
-7.23030440144618,196.21907342,187.55988409,24.82410123,31.44401682,69.01745016,-26.0832221,0.1319448684396352,-19.023556521312067,-2.2701824038559897,-4.96012199759019
-8.09199118884422,196.93378533,188.58745874,24.83127946,32.37905906,68.67133966,-24.53225527,0.1498794293921634,-23.927760677147347,-2.95044649015572,-5.1415446986885005
-8.95498709304249,197.63112705,189.56769872,24.8812813,33.28825784,68.25546345,-22.91602943,0.1669878445028472,-25.820743038542386,-3.1539873194601338,-5.800999773582356
-9.81851688217378,198.32093773,190.51667906,24.96300184,34.17616438,67.78849642,-21.25947428,0.1835506759725423,-25.43372849421632,-2.996168682552896,-6.822348199620884
-10.6818847244663,198.99602652,191.42757139,25.07917474,35.04569659,67.28085105,-19.56887941,0.1994487462622049,-27.43263488789669,-3.224222854662843,-7.457661869803458
-11.5448844588736,199.65657802,192.30017485,25.22906485,35.89734465,66.73806594,-17.85441278,0.2146785497034994,-27.71909403269905,-3.1824188417918484,-8.362465617081751
-12.4078421544416,200.29988333,193.13026664,25.41250352,36.72998602,66.16050075,-16.11891356,0.229166384532773,-26.560563673850577,-2.9139553952424935,-9.493886759199107
-13.27123218039,200.9285766,193.92485193,25.62490696,37.54916305,65.56680989,-14.38245961,0.2430345140311867,-25.95224138037091,-2.737342111588997,-10.533890068801002
-14.1351207372765,201.54019458,194.68078107,25.86451025,38.35235924,64.95438078,-12.64329354,0.256227966435956,-25.9859995387604,-2.667571086124725,-11.467549651151774
-14.9987674185633,202.13622984,195.40083362,26.12890128,39.140907,64.3304082,-10.91129953,0.2687952542208369,-25.39067820287841,-2.500956062908777,-12.497811355654523
-15.8605955984291,202.71193819,196.08240669,26.41404428,39.91704752,63.70500222,-9.18960353,0.280690948385263,-21.642742459188646,-1.8339634146572406,-14.02663218377186
-16.718364407555,203.27270459,196.73133744,26.71697797,40.67973594,63.07793618,-7.48375675,0.2920169265901993,-22.50219843341008,-1.9075917729845442,-14.810772634570457
-17.5693777201165,203.82322952,197.36002853,27.03499117,41.4334267,62.46684703,-5.79942711,0.3029896560886511,-33.187894748265535,-3.555618105198328,-14.013759614918172
-18.4108324952445,204.34780812,197.93291316,27.36485963,42.16583087,61.83837568,-4.13309908,0.3129883791162206,-21.24706410045305,-1.5890594176627524,-16.821773077581746
-19.2399780908843,204.8385089,198.44749774,27.7348163,42.88435883,61.21746728,-2.46796794,0.3219695743172126,-2.466726191720503,1.4659647784746863,-20.705942869358985
-20.0537001086364,205.36586977,199.01275217,28.05252554,43.59869899,60.64050576,-0.880908749999996,0.3318351252321966,-28.920425100797956,-2.7116899189313832,-17.342010189705015
-20.848062777868,205.86992971,199.52083365,28.42581014,44.29501503,60.06595946,0.72107506,0.3407028199266021,-38.68402382925628,-4.2246441853365635,-16.623418592531436
-21.6184317877699,206.30454797,199.92688935,28.80137062,44.9745519,59.50228035,2.26296387,0.3477898288380929,0.498298482758952,2.0837540445573657,-23.702185832327267
-22.3598959297772,206.77850039,200.37252643,29.16088594,45.6447256,58.97953679,3.76036441,0.355567663153066,8.280957236853626,3.3719139081016687,-25.731809837878867
-23.067467497106,207.26865181,200.84388157,29.47469669,46.316429,58.53161923,5.16429935,0.363794362292265,-32.37847038238706,-3.088317076667725,-19.979150420438277
-23.7360275007388,207.75671139,201.2716656,29.8313659,46.9637255,58.08935593,6.52527392,0.3712606021032152,-34.94681138848932,-3.458282045884855,-20.277745454853946
-24.3599217755104,208.16373315,201.57535882,30.21407614,47.60150836,57.69644402,7.83707671,0.3765610487081984,7.977589342262892,3.438635236394612,-27.79855701190501
-24.9318652921763,208.64004287,201.97057429,30.51499007,48.2379308,57.38937818,9.00529476,0.3834588599145155,-14.361384154171208,-0.09793491788180964,-24.833930374294493
-25.4417595664313,209.12843896,202.35254429,30.84087663,48.85634358,57.11868671,10.11939214,0.3901254940583581,-43.2359664368348,-4.681564271496191,-20.76019529493511
-25.8765957659275,209.52978149,202.58719831,31.20770111,49.4643482,56.91443941,11.13079657,0.3942209793103987,-14.4839638635208,-0.058990670630772346,-25.817605095296727
-26.2212704359088,209.98688678,202.88200592,31.51058321,50.05590259,56.76533127,12.01342736,0.3993663427648344,-9.715733073730192,0.731830316168067,-26.953100752076868
-26.4594523744496,210.42013168,203.12083533,31.83266455,50.62803753,56.660665,12.84456406,0.4035347023199297,-18.269404987521497,-0.6141959120477058,-25.845256462401895
-26.5745711426021,210.86300847,203.3558005,32.1257186,51.19438224,56.6481556,13.50500078,0.4076356181639376,-9.966697457517435,0.736394383858352,-27.31096552646045
-26.551343297829,211.2954949,203.54979637,32.40416212,51.73363835,56.66829386,14.06905329,0.4110214848307087,-31.046143627277974,-2.618052824533345,-23.933290473295656
-26.3775301626355,211.74915909,203.77249011,32.61594511,52.25623647,56.75208366,14.53101318,0.4149082238172891,-53.09015473479506,-6.124161813873192,-20.253368348762308
-26.0449939361882,212.11106972,203.80087611,32.95032177,52.73199093,56.81111763,14.95231407,0.4154036529787598,-13.226459373444907,0.2566951075574626,-26.30168904374566
-25.5495463260795,212.51593176,203.88499554,33.18558853,53.18386398,56.91323992,15.24581927,0.416871813997161,-8.8004509980516,0.9727524858251442,-26.522298811904644
-24.8901191309204,212.92576665,203.97617382,33.36678704,53.62628753,57.10296955,15.41583928,0.4184631751894665,-42.882809534677264,-4.47187204520677,-20.41824708571363
-24.068019761067,213.28247014,203.9470781,33.58587658,54.01255456,57.23982093,15.56506377,0.4179553590772278,-46.46163683647897,-5.047213035312116,-19.020806725754884
-23.0865988334385,213.63122316,203.90577113,33.75049481,54.37359659,57.42014641,15.6072967,0.4172344164467054,-34.52022848468794,-3.140462559396655,-19.946136274041844
-21.9513841607748,213.93034677,203.74295509,33.94627231,54.68924231,57.55431984,15.65494582,0.4143927404736467,-15.18257029388348,-0.06172248632571531,-21.889661674449087
-20.6704702862897,214.26117279,203.6375821,34.03393667,54.99260741,57.76415444,15.57414182,0.4125536348554756,-32.16130080888835,-2.788222026735528,-17.88224825955417
-19.2547827774661,214.56222398,203.45184236,34.14711686,55.24178308,57.92202611,15.51041041,0.4093118648406773,-50.31435865780753,-5.7101859774742625,-13.544596799991838
-17.7180791512508,214.81491921,203.18512239,34.21166596,55.46320332,58.07559281,15.41744512,0.4046567231833569,-42.57946956534586,-4.497740134430165,-13.220339016820637
-16.0768911273253,215.05079808,202.87244959,34.23973361,55.65085172,58.21678451,15.30883617,0.3991995533419271,-44.807548161793775,-4.8837636761409975,-11.193127451184303
-14.3505245377252,215.25240768,202.48870029,34.2281331,55.80850112,58.33948762,15.2083621,0.3925018645547036,-50.37726032405154,-5.811254478005463,-8.539270059719737
-12.5607264989854,215.42800651,202.03632848,34.20954271,55.91983665,58.40777913,15.14750851,0.3846064870269975,-58.110009642857705,-7.091458468080869,-5.46926803090453
-10.7306777804331,215.56310416,201.50363775,34.15186358,55.99953747,58.44779465,15.09072064,0.3753092798936451,-64.1064600432073,-8.10165904960417,-2.62901873082893
-8.8837755555918,215.65219868,200.86726154,34.09475842,56.0345767,58.42475892,15.06794779,0.3642024197477822,-56.8515591843183,-7.001769112431544,-1.8820064431602557
-7.04280417814041,215.70716227,200.15127225,33.99354067,56.04012622,58.36045478,15.06236125,0.351706049228266,-57.24370150599509,-7.133332689308687,0.09052851116827654
-5.2291836256114,215.73548931,199.37245916,33.82009149,56.02339858,58.26677343,15.01547969,0.338113196550135,-74.54271390138042,-9.97639290806311,4.74720928245171
-3.46174191538685,215.71282307,198.4709245,33.65217644,55.96392826,58.10296123,14.9412887,0.3223784484122873,-88.14386055864487,-12.240096237287506,8.778354321900657
-1.75598999583851,215.6406224,197.45055849,33.46533642,55.86138548,57.85569795,14.81221597,0.3045697019623498,-83.67880218655696,-11.625298021226541,9.869308025388031
-0.124779641912902,215.50586718,196.28554963,33.28802981,55.71131925,57.52020045,14.60065113,0.2842364615404441,-75.38732585030381,-10.413075306765855,10.288295664852953
1.42184923850074,215.34894713,195.0492136,33.03700379,55.52985817,57.12190878,14.22991729,0.2626583271559089,-85.0149040888418,-12.075650761364226,13.497499999864967
2.87790402230499,215.13442641,193.6682372,32.79445092,55.29261211,56.60909777,13.73325011,0.2385557420835705,-92.41059193183877,-13.39625355239477,16.27415757469976
4.24057715609831,214.87188414,192.16076919,32.54182448,54.9993918,55.97849895,13.08238444,0.2122454619405838,-91.96797643352932,-13.476221867851129,17.716799023949438
5.50810272539945,214.55953205,190.52145108,32.29231575,54.63818625,55.19880221,12.29481932,0.1836339634335131,-90.90005135213674,-13.470298839851635,18.978401565251083
6.67990030312277,214.19082285,188.74538709,32.06725576,54.21157021,54.27691803,11.38354757,0.1526357990819058,-92.51180357516472,-13.90787095599864,20.58777125912141
7.75979436047514,213.77840453,186.85384603,31.86487434,53.71326608,53.19783339,10.3721211,0.119622179648242,-95.90318251531072,-14.642807081230384,22.402601441705524
8.75746148602861,213.28841354,184.7999514,31.74631155,53.13092492,51.92636149,9.31615348,0.0837749558657113,-88.29645469514453,-13.635412002529598,22.39287348855821
9.68351170621365,212.75118819,182.63675622,31.6965305,52.4704045,50.48047655,8.24521542,0.0460200776114398,-82.72316111726398,-12.965203226531402,22.64871493274505
10.5434279633224,212.15059231,180.34861429,31.75881164,51.72511234,48.84639211,7.21226829,0.0060844671800023,-80.24787234023644,-12.803883128165465,23.347311091487867
11.3349032895072,211.48939109,177.94569761,31.95315651,50.89349306,47.01806825,6.27000994,-0.0358543405370887,-75.83568871783636,-12.344488549990167,23.679391839497367
12.0457656338983,210.76373811,175.43749074,32.28426856,49.97873865,45.00861754,5.44997796,-0.0796308087397302,-71.9759332196185,-11.983883782091015,24.029649415989315
12.6534142420429,209.97084452,172.82013251,32.80284167,48.97442247,42.80232095,4.81169257,-0.1253123275574009,-66.3741419057196,-11.354772258597185,24.008186500640086
13.1304921057601,209.10891033,170.11397547,33.47164325,47.89452395,40.4379352,4.34507325,-0.1725436779814247,-59.12738300779914,-10.469911479956034,23.600403585716133
13.4563550886817,208.18100102,167.31427159,34.35329496,46.71814701,37.86896865,4.13008648,-0.221407728768285,-49.12622402418574,-9.15146269108445,22.60781777976615
13.6274708287944,207.18955769,164.45168525,35.39029541,45.47605014,35.17642938,4.10842836999999,-0.271369285523899,-38.21855848038478,-7.691108435771148,21.31857926456555
13.6604333110974,206.1329769,161.52693814,36.59433603,44.14687709,32.3111248,4.32851756999999,-0.3224157523815878,-25.0551351635254,-5.871951124526848,19.532384435624248
13.5867973539627,205.02227842,158.57041882,37.94168089,42.76285026,29.35934554,4.73727833,-0.3740167489144119,-11.12208622371984,-3.9278354815557526,17.51463283551845
13.4428891710789,203.86341737,155.59604934,39.40832249,41.30580223,26.28649555,5.353282,-0.4259292895112431,2.462687499826899,-2.0353932672967616,15.478282438375661
13.2600828959083,202.66340541,152.62542753,40.97225841,39.79160507,23.13602761,6.1433687,-0.4777764209272967,16.720097154471603,-0.028442160803158867,13.288525056711459
13.0603072598101,201.43041166,149.6792707,42.61565424,38.22195757,19.91779841,7.10311821999999,-0.5291965578909157,29.65137771818505,1.775761454932009,11.284545804878091
12.8562970060589,200.17179325,146.77623534,44.30459371,36.61430663,16.68050311,8.17269639,-0.5798640832247344,41.80071063442039,3.4664014760524227,9.389895530006477
12.6532837763992,198.89352651,143.93238194,46.01864982,34.96670585,13.42447176,9.34381294,-0.6294986884987698,54.24765534938203,5.217835946478193,7.4354478299210065
12.4506906331442,197.60449907,141.16654358,47.74645482,33.28790115,10.1739923,10.60606299,-0.67777167445873,66.2753719780186,6.916953894855814,5.533736738288386
12.2437590859601,196.31561107,138.49630935,49.4740144,31.58754675,6.95350729,11.93684183,-0.7243760535716857,75.58014284475334,8.196333309546706,4.0474257764133945
12.0250523583435,195.03113173,135.93658173,51.17253506,29.87572575,3.78877344,13.28993595,-0.7690517284949238,81.67895156974687,8.97936184028504,3.045690518058459
11.7857924504457,193.76091374,133.49327908,52.85129732,28.14606078,0.667665550000009,14.69643749,-0.8116954043601262,88.33050257819109,9.867204356797423,1.9185880936482764
11.5170027408647,192.50588712,131.1746058,54.50656052,26.40981537,-2.38623372000001,16.15397568,-0.8521638873741428,97.11048610011036,11.111761943003772,0.4052407978609285
11.2104415591367,191.27642247,128.99634531,56.10571875,24.67890073,-5.34461542,17.58929055,-0.8901817048907477,103.09015166904628,11.924569987631042,-0.714128428494341
10.8593191970363,190.08224649,126.96903197,57.64803707,22.95439124,-8.20930017000002,19.01246205,-0.9255649976433508,104.98500676871636,12.099712338465322,-1.2403931414290224
10.4587939941233,188.92145089,125.0900746,59.12743588,21.23955424,-10.97240759,20.40882889,-0.9583589902544644,106.08703383837126,12.162619448810524,-1.703825454687225
10.0062531940206,187.79959728,123.36497792,60.54774182,19.53696399,-13.63512145,21.80653128,-0.9884676072356872,106.38835620707889,12.111253962001129,-2.1050007679805294
9.50139795296235,186.71657621,121.79163782,61.89034656,17.85009756,-16.18852003,23.15594935,-1.0159275722343442,97.20423297021608,10.554856075128885,-1.0534581221665356
8.94616007697077,185.67506877,120.37048425,63.14476743,16.17940407,-18.63314813,24.44203244,-1.0407313812073158,97.50678056006156,10.527972378782476,-1.5818123018117056
8.34448155640761,184.64196552,119.05014027,64.33014716,14.51590986,-21.01044045,25.73662073,-1.0637757309172022,104.40854371541074,11.565099752440506,-3.2206181960328966
7.70198973645536,183.69232896,117.93466328,65.40488455,12.8862717,-23.2258877,26.87728545,-1.083244477122938,92.3456988449245,9.580435442670263,-1.8784457062149027
7.02560140419893,182.74565467,116.90685961,66.40644021,11.26487154,-25.37852824,28.03271827,-1.1011830352285192,82.5684464057197,7.967500488854438,-0.9418990846555078
6.32308824344811,181.84664972,116.02794419,67.28655665,9.67071998999998,-27.40771269,29.05661582,-1.116523003154068,80.72479403031573,7.632315834248678,-1.3092275908005684
5.6026340619142,180.9572438,115.2366613,68.08158054,8.08495930999999,-29.37320456,30.06593588,-1.1303334948992645,80.33604288338658,7.534986824984013,-1.9323527630698125
4.87241100927391,180.11559498,114.5837441,68.75058061,6.52321634999998,-31.23006442,30.93906602,-1.1417290497821664,78.75735592304034,7.254174373924423,-2.3817633646505127
4.14019780189178,179.28272592,114.02675461,69.27155638,4.9880435,-32.97963771,31.69136042,-1.1514503502816706,75.61319065413574,6.727580576725173,-2.587382774833393
3.41305793328138,178.50614397,113.59079042,69.73624218,3.46234031,-34.66516444,32.40929027,-1.159059360817961,70.16732356494248,5.8381806057042125,-2.4251226724228325
2.6970902275232,177.74208569,113.25007959,70.04379064,1.96765910000002,-36.23505511,32.96780861,-1.1650058865986634,63.23012149914042,4.714330348441187,-2.0172401209179873
1.99725819541519,177.00038866,112.99986589,70.23660619,0.49408287,-37.71769199,33.42544776,-1.1693729394972607,61.90760174909826,4.4926423639036726,-2.4953841684884823
1.31729883026468,176.27522339,112.83568648,70.28934547,-0.953731680000004,-39.10211077,33.73420463,-1.1722384107657422,60.782681195648,4.30609392429354,-2.98879509402886
0.659706091171802,175.57894629,112.76364579,70.25901293,-2.37506397999999,-40.39142697,33.97064968,-1.173495758001651,59.08809564632911,4.032095295394814,-3.3723892042230124
0.0257796996993093,174.89567864,112.76955248,70.10293945,-3.76643139999999,-41.5746651,34.06814299,-1.1733926668132562,56.70828510602854,3.6515601858656277,-3.6257804861663185
-0.58427370509011,174.24553842,112.86597554,69.88314406,-5.13241769000001,-42.66873079,34.1195452,-1.1717097669414085,51.7415754736894,2.8607241139143467,-3.4449978190044566
-1.17120236060748,173.60053173,113.02833302,69.53874829,-6.46648336000001,-43.6548369,34.01461693,-1.1688760943501673,50.39513598624756,2.6517900048130416,-3.8229923654205216
-1.73655026972128,172.976129,113.26476268,69.094395,-7.77621728,-44.55593438,33.80142136,-1.1647496183337966,51.99449462625516,2.917225050796292,-4.653775320517572
-2.28249138994552,172.36855119,113.57585642,68.56918049,-9.0516891,-45.34700949,33.48832298,-1.1593200082884536,52.07481293310501,2.9427657356309433,-5.225257125576464
-2.81166694812276,171.77958005,113.96145633,67.96566595,-10.29569035,-46.03863238,33.09173122,-1.1525900202635595,51.262791517290296,2.8287916970162463,-5.640458645139006
-3.32703359496542,171.212973,114.42174652,67.27218726,-11.51025586,-46.63614614,32.58189514,-1.1445564409334297,50.07983178490161,2.658875489237463,-5.985909084202883
-3.83173096381254,170.66811394,114.95186414,66.50228745,-12.69923883,-47.15264576,32.00096031,-1.135304143041593,50.26148041746614,2.7106612426537318,-6.542392206466271
-4.32897542982625,170.14550627,115.55457292,65.65289529,-13.85719266,-47.57464189,31.31780027,-1.1247848903999151,49.88612292721184,2.676991709015171,-7.005967138841421
-4.82198213180843,169.64664078,116.23024902,64.72391433,-14.98455658,-47.90363637,30.52085206,-1.1129921177778803,49.361461246093526,2.6233258948219094,-7.4453080266303395
-5.313913364368,169.17798364,116.97322575,63.73423265,-16.09344285,-48.18005615,29.69619356,-1.1000247275736796,51.36626685265488,2.9782374688363493,-8.29215083320435
-5.80784873356142,168.73275672,117.79145424,62.67177433,-17.16157059,-48.33748394,28.74060877,-1.0857439463895584,51.18217126849122,2.987402300011712,-8.795251033573132
-6.30677037856901,168.32533871,118.68618561,61.54675611,-18.21720016,-48.46381639,27.76983935,-1.0701279380621789,47.95291770788968,2.514166724499974,-8.820937103068985
-6.81355519108016,167.94757767,119.6459117,60.36244881,-19.24799008,-48.52231238,26.71927835,-1.0533775578743871,46.77179929785113,2.373186651556594,-9.186741842636753
-7.33096534325805,167.60297847,120.67389545,59.12037597,-20.25641994,-48.5214764,25.60292987,-1.0354358567798887,46.18659912630218,2.3325572892427884,-9.66352263250084
-7.86162853495222,167.29347894,121.76835183,57.82467201,-21.24401758,-48.4683779,24.4269822,-1.0163339894294308,44.110207095151566,2.0585533606355035,-9.920181895587724
-8.40800011933323,167.0187162,122.92623501,56.47904882,-22.21203746,-48.36870777,23.20101292,-0.9961251155849684,41.925873431072304,1.772637893586202,-10.180638012919433
-8.97230057383795,166.77902152,124.14352483,55.08863586,-23.16231813,-48.22913491,21.92901414,-0.9748794002749592,36.09575116309438,0.9088310581355827,-9.881131631973533
-9.55642356093122,166.57342344,125.41879213,53.65318658,-24.09306578,-48.04783276,20.58850585,-0.9526217870469412,29.853528733463364,-0.015269411564176494,-9.541154149367044
-10.1618171830113,166.39563829,126.72551125,52.19752093,-25.01641864,-47.85984761,19.27592378,-0.9298152360041784,28.462637455306528,-0.15885368490774088,-10.002963498103558
-10.7893654548413,166.25137183,128.08239737,50.70785723,-25.92004449,-47.63470219,17.89937054,-0.9061331056355674,28.08244016703876,-0.13510194466566272,-10.654263510175639
-11.4393182218104,166.13246957,129.47057657,49.19820511,-26.81026558,-47.39084607,16.50245419,-0.8819048079878666,16.002344462229257,-1.9786975335068324,-9.460620688303568
-12.1112892541939,166.04821931,130.90690314,47.66172673,-27.68098949,-47.11352617,15.05399406,-0.8568361802074898,2.4332699752882547,-4.054631327636085,-8.056657926557815
-12.8042916742734,165.95877145,132.30732857,46.15299869,-28.5506809,-46.86220936,13.67026652,-0.8323941455253321,6.1192884184357865,-3.3694384851669925,-9.43485318910641
-13.5167750318543,165.89936778,133.74535052,44.62384845,-29.3993498,-46.5769376,12.2369047,-0.8072959277818833,2.28355912271887,-3.8824605818979405,-9.63431444995636
-14.2466529677892,165.84973505,135.17914151,43.10487489,-30.2336757,-46.28229051,10.80304244,-0.782271554220954,-8.746783868875951,-5.544253213262915,-8.702399754526287
-14.9913216405351,165.80059418,136.59688173,41.60486642,-31.0466868,-45.96424601,9.36200988,-0.757527319444005,-13.313937020899049,-6.170536994653028,-8.820784645882071
-15.7476705914447,165.76145688,138.00083907,40.11164065,-31.85224111,-45.65678925,7.9285781,-0.7330236413034634,-20.626943381242317,-7.234734913869461,-8.51293567757524
-16.512087715322,165.71634168,139.3721297,38.65093357,-32.63582598,-45.33243483,6.49869119,-0.7090901048082165,-27.44220452818187,-8.219476336708986,-8.292611378613014
-17.2804581129509,165.66401973,140.70435295,37.21693868,-33.39750612,-44.99157084,5.06496369999999,-0.6858384227240971,-34.2183894985137,-9.198876147797229,-8.08158196515367
-18.0481565965982,165.6033674,141.99014542,35.81639669,-34.13894454,-44.64096758,3.63414780999999,-0.6633971106252463,-40.17060801964956,-10.04818364328356,-7.999972953314641
-18.810036453591,165.52687075,143.2118099,34.46568124,-34.85935474,-44.28891989,2.21662058999999,-0.6420750430945822,-42.33543064801171,-10.294957105527299,-8.5150793480637
-19.5604196807139,165.44337458,144.37800051,33.1508393,-35.55613897,-43.92641992,0.799430350000002,-0.621721177244241,-55.4687487806016,-12.299718359188116,-7.260701321525783
-20.2930949871253,165.34048637,145.4767027,31.86321863,-36.23356072,-43.56652872,-0.64301553,-0.6025452065298684,-59.28070843725264,-12.817352145896656,-7.475742841228644
-21.0013068145148,165.20968321,146.44804308,30.7159411,-36.87637468,-43.19687373,-1.99959996,-0.5855921187412959,-54.52173312846753,-11.973311799811512,-9.027995014703286
-21.6776808472083,165.10041481,147.40194206,29.56722484,-37.51126878,-42.8631791,-3.32914815,-0.5689434408088799,-65.35986650020308,-13.625382949409422,-8.052297897798878
-22.314080761813,164.94336843,148.20569913,28.5387914,-38.12011086,-42.54296968,-4.64091838,-0.5549152335511975,-63.411202899695816,-13.243795444927727,-9.070285316885272
-22.9014985706837,164.7989443,148.95269697,27.5638551,-38.70948406,-42.24494542,-5.89331991,-0.5418776617379117,-57.930759092685854,-12.301505413238207,-10.599993157445493
-23.4300782015091,164.64342591,149.60003575,26.68337595,-39.27679993,-41.97797028,-7.08778913,-0.5305794686510688,-61.75254146235653,-12.855882002569928,-10.574196198939173
-23.8892875121618,164.491968,150.17153308,25.87989994,-39.81737502,-41.72463371,-8.21797476,-0.5206049585762121,-63.170134532744,-13.031963169519177,-10.857324342642624
-24.2682124174355,164.33409303,150.64055637,25.17924262,-40.34268211,-41.5204572,-9.26881647,-0.5124189578971756,-63.34824014693319,-13.018605682418086,-11.249606735017414
-24.555941320836,164.18220243,151.02843098,24.56953951,-40.84633687,-41.35158464,-10.23860324,-0.5056492688677869,-56.3935184660902,-11.871091258250315,-12.684850062585683
-24.7420055656073,164.03018324,151.31811831,24.07590947,-41.33501983,-41.23874054,-11.10470986,-0.5005932711579758,-48.77863472232679,-10.62666461548442,-14.11534095012288
-24.8168415415193,163.90133828,151.56221782,23.65349713,-41.79760018,-41.14809246,-11.87416976,-0.4963329310059707,-46.05667158080306,-10.169147951982243,-14.647693589537056
-24.7722422361226,163.77935263,151.71619926,23.34041161,-42.24642624,-41.11744971,-12.53557097,-0.4936454478910086,-41.83673073952565,-9.480051722242175,-15.292190513880426
-24.6017700442072,163.6826298,151.83211937,23.08984156,-42.67047112,-41.10989821,-13.10414292,-0.4916222603022349,-45.10064479373354,-9.99179622097873,-14.60997382322847
-24.3011080390211,163.59477451,151.8745734,22.94463821,-43.08190176,-41.16431669,-13.53927907,-0.4908812976979941,-39.552855712221,-9.100308336909464,-15.200799702111635
-23.8683330694382,163.52570836,151.84361326,22.92676863,-43.47517221,-41.26134623,-13.85207284,-0.4914216540778723,-30.970453933615303,-7.72992576085148,-16.13840730858672
-23.3041003736608,163.47745626,151.80632637,22.89815444,-43.84564311,-41.37018746,-14.12202577,-0.4920724330762016,-40.091108272212736,-9.192603621307306,-14.111496752353492
-22.6117353421285,163.45158108,151.67765952,23.04784516,-44.20973902,-41.57343428,-14.14983887,-0.4943180932468713,-25.640911293725036,-6.892202934489356,-15.719532407639145
-21.7972331794307,163.40834116,151.50837421,23.1983047,-44.56100757,-41.7913071,-14.12467891,-0.4972726792816304,-6.631039899082092,-3.865904603237346,-17.931328576193355
-20.8691712232775,163.45378735,151.36479418,23.41297024,-44.85674263,-41.96403841,-14.07594698,-0.4997786235452429,-16.141183658888725,-5.400469139783687,-15.468702083493813
-19.8385414829536,163.4819556,151.17242899,23.63794018,-45.14870343,-42.17873944,-13.92851307,-0.5031360294769675,-14.960911733542526,-5.228936649475703,-14.6096048334779
-18.7185126485224,163.52548189,150.95944667,23.88104331,-45.41677334,-42.39282083,-13.72216585,-0.5068532722095033,-8.523277004874318,-4.218044165855115,-14.500468482667284
-17.5241316171234,163.60334357,150.75076406,24.13040108,-45.66859133,-42.62898656,-13.42224773,-0.5104954708456587,-7.12366780710072,-4.012811334784671,-13.511320282338726
-16.2719747690331,163.65854236,150.50526438,24.32578972,-45.87216142,-42.76434827,-13.20642034,-0.5147802485742511,-6.038320849109935,-3.8611116396402307,-12.410863129392869
-14.9797590922575,163.76743138,150.28828352,24.52974122,-46.05812824,-42.92439396,-12.88926494,-0.51856727899506,-10.517633325196618,-4.597162690957624,-10.382596401299876
-13.6659230529428,163.82612622,150.01648506,24.61998238,-46.20282635,-42.98259638,-12.68713947,-0.5233110570239099,-2.188344430700262,-3.288669858266728,-10.377253194676072
-12.3491870319041,163.91695863,149.76554138,24.66440687,-46.31174005,-42.99647954,-12.47891812,-0.527690850476981,-3.102800965637531,-3.4572612650173054,-8.891925766886795
-11.0481033109815,164.01470244,149.51516745,24.63703137,-46.38153026,-42.94150892,-12.31229472,-0.5320606999166387,-13.833525029870453,-5.19634829262794,-5.851755018353559
-9.78060603123779,164.0806636,149.2250215,24.47862333,-46.41105883,-42.79682,-12.24627074,-0.5371247020554658,-12.830217273367415,-5.061440850182073,-4.7191651810557165
-8.56357221523109,164.14898803,148.93458958,24.23378275,-46.39074881,-42.54371712,-12.25158862,-0.5421936953123546,-16.180436113766294,-5.623045649074761,-2.940526566156329
-7.41240573415647,164.20104444,148.61098989,23.89746805,-46.33281698,-42.21418665,-12.32119573,-0.5478415753612873,-22.782836905155257,-6.707827813756704,-0.7045779203997666
-6.3406568304644,164.24254164,148.26130464,23.48093078,-46.23013846,-41.78981105,-12.44679713,-0.5539447343194471,-20.32957069261876,-6.345882591704588,0.0052257612401875875
-5.35969025291704,164.26386258,147.86642224,23.00564557,-46.08579082,-41.27608434,-12.61485945,-0.5608367323576243,-15.776781600347343,-5.651827289481107,0.29213703656406675
