knee_moment,thigh,shank,foot,thigh_,shank_,foot_,shank_new,shank_new_second derivative,T_physics,knee_moment_minus_T_physics
0.229425275253378,183.87815727,147.5518025,32.79636964,18.01336924,-5.64714871999999,18.78998175,-0.5663278827123925,-17.021169941087066,-5.878223917032527,6.107649192285905
0.390337956084634,183.26249431,145.72506957,32.98186445,17.16056298,-7.62144596000002,18.59992997,-0.5982103868954961,-24.90347477816401,-7.295963451222351,7.686301407306985
0.550047965552508,182.61992543,143.84957458,33.24933768,16.28620502,-9.63423298000001,18.48160706,-0.630943949575654,-25.039507485402623,-7.47497572521481,8.025023690767318
0.706888334936822,181.95240992,141.92891731,33.618185,15.39078948,-11.68419081,18.45466801,-0.6644657427395196,-28.067437316791025,-8.116625107315514,8.823513442252336
0.859337071522569,181.28574249,140.00388085,34.06334449,14.48057103,-13.74924376,18.50252687,-0.6980639671874558,-33.42418789437422,-9.127156104086984,9.986493175609553
1.0060783162782,180.54540141,137.97195048,34.68996099,13.53593124,-15.89435808,18.73540638,-0.7335278423152223,-15.893446388879353,-6.479578126859831,7.485656443138032
1.14602037520399,179.82595503,135.96668063,35.40439341,12.57938669,-18.04274403,19.05749278,-0.768526403588695,-10.394275199003822,-5.750134278727991,6.896154653931981
1.27828233034395,179.07808251,133.92392091,36.27037276,11.59998875,-20.23308639,19.53294435,-0.8041792865298129,-11.468279262167869,-6.070062622823675,7.348344953167626
1.40216567160118,178.31591161,131.8699256,37.26761028,10.60184862,-22.44818548,20.15327773,-0.8400282675098345,1.6471579722344032,-4.115067209092332,5.517232880693512
1.51711652319881,177.53933924,129.81018294,38.385895,9.58722273000001,-24.67923832,20.90608592,-0.8759775586706202,8.843963801625776,-3.101803906642779,4.618920429841589
1.62267998164035,176.77823336,127.78260809,39.61624224,8.56310861,-26.90436206,21.76684067,-0.9113654156337506,11.515465983830088,-2.8047306490755837,4.427410630715934
1.71844946053117,175.98572797,125.74711715,40.93508887,7.51723976,-29.15304408,22.75542296,-0.946891434431265,21.64925253730132,-1.308347454265097,3.0267969147962672
1.8040149464212,175.21217879,123.76126934,42.33510328,6.46674644999999,-31.37842599,23.82204634,-0.9815510171592836,27.769893585910577,-0.445215723901784,2.249230670322984
1.8789145792514,174.43243871,121.80809244,43.78371347,5.40819841999999,-33.58503851,24.95931385,-1.0156403849381797,38.574731311496976,1.1750256562118855,0.7038889230395144
1.94259393435978,173.64867424,119.89904036,45.23586404,4.34605958999998,-35.75523531,26.10080692,-1.0489596293262258,50.58207122111353,2.9957294195840802,-1.0531354852243002
1.99437683572908,172.91273263,118.09008466,46.75348455,3.28944962,-37.87784164,27.34507562,-1.0805318623139446,50.83833442452556,2.946748328047974,-0.952371492318894
2.03345057575531,172.15851903,116.3266253,48.19165063,2.23201941000002,-39.94451076,28.48949761,-1.1113100343710565,59.08775356179508,4.183911589805731,-2.150461014050421
2.05886720148656,171.44115352,114.66335908,49.63821923,1.18775357999999,-41.93577563,29.66287017,-1.140339506247257,65.89521832298217,5.199636639902977,-3.1407694384164166
2.0695612095362,170.74767889,113.09275813,51.05749348,0.143137819999993,-43.88716706,30.86156013,-1.1677516640597077,66.09597132953171,5.166513466921206,-3.0969522573850057
2.06438271538147,170.06837718,111.61418529,52.40625449,-0.886585599999989,-45.74574017,31.97395841,-1.1935576283482712,69.28573507047896,5.619167946664736,-3.554785231283266
2.04214403793241,169.41591143,110.23759298,53.70641908,-1.90076264000001,-47.51705153,33.05731348,-1.2175836966154057,71.11023420267593,5.860631844386828,-3.8184878064544177
2.00167673779566,168.78595925,108.96198952,54.93996465,-2.89853561000001,-49.20023764,34.08560897,-1.2398471769422374,71.63214873554536,5.900225807668215,-3.898549069872555
1.94189556402637,168.17956632,107.78985946,56.10540872,-3.87742034999999,-50.7871927,35.05750292,-1.260304705750836,72.42812184887536,5.98966062424101,-4.0477650602146396
1.86186550626527,167.59468072,106.72021573,57.20256881,-4.84145343,-52.2884432,35.98185106,-1.2789735106626492,72.32333053525552,5.94033313801761,-4.078467631752339
1.76086787147414,167.03373942,105.75710851,58.21484095,-5.77698716,-53.66942494,36.81090138,-1.295782902701379,71.11193240803892,5.718870457938368,-3.958002586464228
1.63846095811229,166.49173128,104.8928241,59.15747273,-6.69834036999998,-54.96837802,37.59560179,-1.3108675113295354,70.49866734211818,5.597306112767459,-3.958845154655169
1.49453120474139,165.9717018,104.13179892,60.01836127,-7.59375280999998,-56.15488627,38.29793522,-1.324149906411118,70.19833806575004,5.52968252618999,-4.0351513214486
1.32933180122838,165.47345271,103.46936008,60.80229891,-8.46460741999999,-57.231544,38.92298953,-1.3357116452622098,69.01734182876761,5.324506324975124,-3.9951745237467438
1.14350688148007,164.9908518,102.90869618,61.48966312,-9.31168675000001,-58.20656544,39.46145828,-1.345497076314282,68.01388222862359,5.1508246400060775,-4.007317758526008
0.938100225570966,164.53119182,102.4413363,62.11263251,-10.12946909,-59.05940734,39.92004526,-1.3536540450120074,66.9190389341745,4.965125667387916,-4.02702544181695
0.714548133421324,164.08680112,102.07528428,62.62267631,-10.92507534,-59.81721804,40.29085798,-1.3600428579945836,64.4490786473506,4.561955997345429,-3.8474078639241047
0.474656897574275,163.66153572,101.79673037,63.06204132,-11.69426064,-60.46476124,40.57852121,-1.3649045408683875,61.72355154348663,4.119959392383311,-3.6453024948090365
0.220566045452113,163.2550544,101.6111384,63.41285197,-12.43500306,-60.99922183,40.77431398,-1.36814373181015,52.72384154072496,2.6761421363242377,-2.4555760908721247
-0.0453008136338335,162.86416584,101.50577434,63.69030133,-13.15026401,-61.43101109,40.88928539,-1.369982681570419,59.841758487937376,3.8128422683471745,-3.858143081981008
-0.320295165219168,162.45886559,101.44907788,63.91199172,-13.84512919,-61.775875,40.97918015,-1.3709722214716442,71.94267422539812,5.74783101162459,-6.068126176843758
-0.601610051434343,162.13425157,101.55768633,63.95610394,-14.50749139,-62.0033652,40.85121016,-1.3690766464236568,51.66141424647552,2.5050522106520132,-3.106662262086356
-0.886350906083335,161.79144042,101.69921852,63.966509,-15.15070106,-62.15068521,40.70647621,-1.3666064437105985,43.82381427285864,1.2539638942635483,-2.140314800346883
-1.17160773671177,161.46073283,101.90559642,63.91832369,-15.76518508,-62.19030922,40.46784184,-1.363004469852247,54.26030724113184,2.92813478383089,-4.0997425205426605
-1.45452539570065,161.15316398,102.20045112,63.76292536,-16.36115918,-62.15923161,40.14072874,-1.3578582845222669,51.070210142301065,2.4240379481113186,-3.878563343811969
-1.73236872286977,160.8607233,102.56439517,63.52137973,-16.94022688,-62.06116406,39.73353078,-1.351506262556724,44.80343267541986,1.4293626895500484,-3.1617314124198184
-2.00258009146163,160.58096803,102.99429447,63.189315,-17.50797373,-61.91551608,39.2660849,-1.3440031043197052,42.98311360678264,1.1478705084981993,-3.150450599959829
-2.26282786713339,160.3200354,103.47989868,62.82637847,-18.046837,-61.66938055,38.70173789,-1.335527711993659,42.57685680745249,1.0942807334788967,-3.3571086006122868
-2.51104496530472,160.07759789,104.03441292,62.36566364,-18.57588568,-61.38401269,38.07106289,-1.3258496127564652,38.89284723827435,0.5183720972830006,-3.029417062587721
-2.7454572275517,159.84791171,104.63934961,61.84445603,-19.09294801,-61.05170447,37.37464165,-1.3152914757498488,35.00378766192025,-0.08850463108708606,-2.656952596464614
-2.96460190294345,159.6285508,105.29737097,61.23454922,-19.60789941,-60.70466197,36.63684102,-1.3038068364693978,33.22445416010344,-0.35575614325252314,-2.6088457596909267
-3.16733704162287,159.42959591,105.99935747,60.60506118,-20.09772834,-60.27426531,35.79459751,-1.2915548607398466,31.8912250697756,-0.5496409360899257,-2.617696105532944
-3.35284302359798,159.24346735,106.75069112,59.90180523,-20.58305054,-59.82378742,34.90925939,-1.27844161476632,27.32485731593126,-1.2585219898387097,-2.0943210337592704
-3.52061773495112,159.06373536,107.54208859,59.12488194,-21.06624117,-59.36129631,33.98132208,-1.2646291232228668,24.669450560090844,-1.6594432122520004,-1.8611745226991196
-3.67046705359065,158.89617119,108.36057117,58.33039831,-21.53100159,-58.83939038,32.9799171,-1.2503439073316491,24.9593078609478,-1.587177611098192,-2.083289442492458
-3.80249230927256,158.74006106,109.22616525,57.45505093,-21.99636291,-58.31663163,31.95695058,-1.235236440649878,17.115609706930268,-2.8135518461881435,-0.9889404630844165
-3.91707623284738,158.59041132,110.11345752,56.54932714,-22.45140383,-57.76054281,30.86935333,-1.2197502691108837,16.527987018377654,-2.876921504561055,-1.0401547282863248
-4.01486860690756,158.43070706,111.00830713,55.62464549,-22.88739816,-57.15109739,29.7754715,-1.204132197106196,22.273623133242104,-1.9253676321532858,-2.089500974754274
-4.09677238239097,158.30986916,111.96104226,54.6265186,-23.3299058,-56.55834926,28.60328519,-1.18750383218828,16.560254665587415,-2.803696754671899,-1.293075627719071
-4.16393045567725,158.17784752,112.91806747,53.60073458,-23.75890071,-55.93298845,27.4293959,-1.17080059124919,11.884507127524202,-3.514327268945371,-0.6496031867318792
-4.21771264873133,158.06336404,113.90351027,52.54901584,-24.18493277,-55.3053551,26.2295369,-1.153601369799118,12.567389886641855,-3.364884915517601,-0.8528277332137288
-4.25970175672362,157.94454838,114.89592102,51.46652595,-24.60311606,-54.66242842,25.01979081,-1.1362805346794314,18.02184399575024,-2.4500999996488124,-1.809601757074808
-4.29167688610565,157.84538432,115.91798412,50.36329167,-25.01234525,-54.00479986,23.78942835,-1.1184421684212915,15.72628747976701,-2.7723873098635647,-1.5192895762420853
-4.31559176540423,157.78379042,116.97703213,49.28705615,-25.41780841,-53.35010522,22.5860003,-1.0999582937100978,5.996483561618859,-4.280750666014057,-0.03484109939017355
-4.33354639353065,157.70246523,118.02256296,48.16805031,-25.8115349,-52.67297845,21.35238867,-1.0817103382954885,7.199439531242469,-4.0387340421046565,-0.2948123514259935
-4.34775616274297,157.63346833,119.09250056,47.00178605,-26.18059142,-51.93776804,20.0596898,-1.0630364043846023,6.541239218400552,-4.0915566521192055,-0.2561995106237642
-4.36052956272244,157.57718666,120.16839155,45.85610233,-26.55580535,-51.23793122,18.80924958,-1.0442585642165612,-1.8279985173408344,-5.37604653532721,1.01551697260477
-4.37425876337887,157.52467212,121.24544753,44.70664067,-26.9238891,-50.5339401,17.55881746,-1.0254603911372668,-5.110002909255451,-5.844724619451121,1.4704658560722512
-4.39141209946413,157.46747433,122.30374648,43.58562416,-27.30134595,-49.87588969,16.35520781,-1.006989589989368,8.79574908104308,-3.562614265899242,-0.828797833564888
-4.41451567353057,157.41483001,123.36911634,42.42443293,-27.65588993,-49.16613094,15.10757318,-0.9883953781808568,11.123691926635535,-3.130858733895063,-1.2836569396355069
-4.44611976601273,157.39501293,124.48949734,41.19450334,-27.97226606,-48.36558318,13.74205046,-0.9688410408540704,-5.527656708600448,-5.730897475938314,1.2847777099255842
-4.48875017115817,157.36055791,125.55651921,40.06580547,-28.32325705,-47.68673165,12.52239516,-0.9502179960317834,-5.680287497018544,-5.692474665110769,1.203724493952599
-4.54484558491488,157.33499054,126.64357706,38.8766964,-28.64144943,-46.9306888,11.21759596,-0.9312452573896328,3.461459145605028,-4.164065541660562,-0.380780043254318
-4.61668328539112,157.30305389,127.71137643,37.69118304,-28.95373871,-46.17533366,9.92668004,-0.9126086426324116,10.53160643119111,-2.9666232890817295,-1.6500599963093903
-4.70629659076034,157.2984066,128.81748948,36.48744915,-29.2442875,-45.38193444,8.58272567,-0.893303328010635,-3.647788751216519,-5.165028551780116,0.458731961019776
-4.81538834264907,157.29957136,129.92657531,35.26412884,-29.51292558,-44.54415096,7.21156536,-0.8739461285899209,-12.926055047928209,-6.577349989109928,1.7619616464608585
-4.94524451071911,157.26733931,130.97050161,34.08431673,-29.80062556,-43.78094875,5.91614849,-0.8557261775067586,2.924213640577156,-3.9718036372684624,-0.9734408734506479
-5.09665186050899,157.27074653,132.06771335,32.87218062,-30.05446616,-42.9475627,4.5443605,-0.836576220052223,-5.059454683457032,-5.174551412539249,0.07789955203025922
-5.26982413775816,157.26617528,133.14026825,31.66960221,-30.30102882,-42.11415949,3.18648115,-0.8178566056388246,-12.972119522869365,-6.366068591380131,1.0962444536219706
-5.464341657382,157.24919172,134.17986285,30.48197036,-30.54041031,-41.2817386,1.84654783,-0.7997122569828707,-6.074288594341004,-5.1887610367362,-0.27558062064579936
-5.67910897898713,157.24868183,135.23571012,29.2889174,-30.76737623,-40.44311701,0.481731449999998,-0.7812842457231775,-13.284568365566908,-6.266178879283488,0.587069900296358
-5.91233469182096,157.23872182,136.25720924,28.12312212,-30.98605062,-39.60521027,-0.854054139999999,-0.7634557227729526,-18.205489284981446,-6.978440579819454,1.0661058879984937
-6.16153366275384,157.22138014,137.25503702,26.96776317,-31.19400662,-38.76459304,-2.17931767,-0.746040342644087,-9.45558127673829,-5.503861782197661,-0.6576718805561788
-6.42353622666177,157.205116,138.23024586,25.8373043,-31.39799626,-37.9433631,-3.49529427,-0.7290197374915326,-9.362459234493192,-5.41488990487283,-1.00864632178894
-6.69447426671072,157.2159812,139.22018743,24.72460055,-31.58991661,-37.12041785,-4.80645899,-0.7117419976926704,-29.527122492744027,-8.564884213194407,1.8704099464836874
-6.96974084647091,157.20283468,140.14963954,23.64591837,-31.77864129,-36.32285975,-6.06603087,-0.6955199981335619,-37.7429702218568,-9.806689503316486,2.8369486568455757
-7.2439645085856,157.1791539,141.01615989,22.62267786,-31.98036778,-35.59493741,-7.28153576,-0.6803963649905282,-38.637793548033095,-9.88116188974109,2.63719738115549
-7.51103786274459,157.15438891,141.85278193,21.63048715,-32.17150169,-34.87711895,-8.46342374,-0.6657945557977769,-34.175955308409776,-9.100135869938969,1.5890980071943783
-7.76420991976911,157.0943227,142.5907541,20.71156842,-32.38066088,-34.25240315,-9.54065719,-0.6529145116431894,-30.622841942475887,-8.471778393153734,0.7075684733846241
-7.99623736330246,157.0838195,143.36011052,19.81483252,-32.56253491,-33.594652,-10.65187894,-0.6394867089928329,-41.63128977860864,-10.170094251098286,2.173856887795826
-8.19958720924357,157.01278276,143.98989235,18.9919885,-32.77091507,-33.05791389,-11.63390257,-0.6284949424900981,-42.90964920790285,-10.322560297275217,2.1229730880316477
-8.36668077450354,156.98385595,144.62890939,18.2180433,-32.96050945,-32.51860846,-12.61441352,-0.6173419911657497,-44.50118004620918,-10.523943316348259,2.1572625418447195
-8.49016670278438,156.90820036,145.14317642,17.52114009,-33.16887246,-32.08447189,-13.48312119,-0.6083663382577971,-54.72779193595123,-12.117029401347036,3.6268626985626558
-8.56320912150206,156.83664524,145.64273528,16.81302563,-33.35819062,-31.65450874,-14.32405462,-0.5996473913432875,-58.08061655292796,-12.611284985230952,4.048075863728892
-8.57977596225096,156.74450743,145.98289334,16.32229681,-33.58033772,-31.36743895,-15.02756644,-0.5937105132190912,-57.15285711842544,-12.433966704193192,3.854190741942233
-8.53491216461464,156.64835332,146.32378375,15.75148966,-33.78554819,-31.09323938,-15.72077027,-0.587760853176118,-63.554714342759496,-13.429208600356867,4.894296435742227
-8.42498295263942,156.52508528,146.49514851,15.41921384,-34.00510916,-30.92221806,-16.25816162,-0.5847699738922278,-38.88724124071374,-9.467763240513843,1.0427802878744235
-8.24787363508281,156.4044804,146.64069053,15.06947013,-34.2223197,-30.805701,-16.75460929,-0.5822297864432245,-28.35364513418037,-7.7699229324594565,-0.47795070262335315
-8.00313449344517,156.31906678,146.7845962,14.76649094,-34.43382995,-30.73756151,-17.16717544,-0.5797181586894359,-42.58212421114238,-10.034134285743809,2.0309997922986387
-7.69206209555413,156.18788213,146.79514289,14.52091103,-34.64221505,-30.72395703,-17.55906069,-0.5795340842237491,-37.53320084438183,-9.22540097343537,1.5333388778812402
-7.31771123463106,156.12079158,146.83006629,14.36788528,-34.84833275,-30.76258312,-17.83106,-0.5789245559077582,-36.03498054386534,-8.982686308270345,1.664975073639285
-6.88483487928239,156.01144651,146.73454585,14.26144587,-35.05368354,-30.86381716,-18.07223586,-0.5805917020887118,-22.865760988569622,-6.883812170020356,-0.0010227092620338496
-6.39975364627213,155.95290751,146.66907115,14.18295068,-35.25659778,-31.01187141,-18.26748326,-0.581734451180467,-21.07846704004768,-6.603461348837901,0.20370770256577142
-5.87016053911303,155.89276487,146.54293765,14.14233389,-35.45299447,-31.19941772,-18.41335804,-0.5839358960525315,-22.15068214073801,-6.785823194154474,0.9156626550414444
-5.30486997327187,155.84026359,146.38730529,14.11534355,-35.6373956,-31.40400483,-18.54664088,-0.5866521931571805,-5.982163135099805,-4.212173460401391,-1.0926965128704795
-4.71352257544893,155.79877413,146.22441539,14.0707718,-35.79657914,-31.58494651,-18.70484195,-0.589495158230425,-6.165515209007877,-4.255418209240277,-0.45810436620865236
-4.10625920673653,155.77527898,146.07126416,13.96990002,-35.93093986,-31.72983899,-18.9667375,-0.5921681514474041,-1.3180168005688664,-3.492871244072534,-0.613387962663996
-3.49337905963447,155.76265524,145.87056733,13.9270465,-36.10312285,-32.02441349,-19.05495308,-0.5956709719292193,16.583437874038154,-0.6457079811213968,-2.847671078513073
-2.88499739852193,155.77332415,145.74767135,13.71834398,-36.20336273,-32.14457558,-19.35082002,-0.5978159114176845,23.3135985119981,0.420685252590697,-3.305682651112627
-2.2907184643275,155.78996693,145.61173537,13.47348208,-36.30742622,-32.29588889,-19.67575861,-0.6001884418406097,15.11020370710825,-0.9033795947140755,-1.3873388696134246
-1.71933820564555,155.84271407,145.55765562,13.11242935,-36.36834446,-32.33728898,-20.17586543,-0.6011323115367652,10.310452271014016,-1.6759183284152448,-0.04341987723030516
-1.17858984945661,155.86738145,145.4394785,12.72228128,-36.45036617,-32.45547023,-20.58110527,-0.6031948913812893,17.41466663826241,-0.5492388333494147,-0.6293510161071953
-0.674942955780625,155.93459158,145.42671443,12.18399703,-36.47342485,-32.40845937,-21.2407362,-0.6034176664287444,28.081555285104365,1.156384680108597,-1.831327635889222
-8.3633375324249,154.48486865,145.36700032,13.34503341,-34.66473137,-28.35797424,-20.56429049,-0.6044598742581427,32.805699058012785,1.907203545369097,-10.270541077793997
-8.24033116492902,154.40804437,145.4566687,13.07698416,-34.93670829,-28.42205507,-20.99226385,-0.6028948657922132,2.545732010973412,-2.9268153973052216,-5.313515767623798
-8.03662890667658,154.32987533,145.48248495,12.87986302,-35.20913611,-28.54827914,-21.34234278,-0.6024442872291949,-28.87308479017303,-7.951643441098767,-0.08498546557781239
-7.75210578036035,154.27576125,145.50120894,12.71560862,-35.45928562,-28.67515658,-21.66351232,-0.6021174919545846,-32.13140157347527,-8.471390676524877,0.7192848961645266
-7.38859797402391,154.21466345,145.43253899,12.67479491,-35.72717766,-28.91023926,-21.83918833,-0.6033160086792643,-21.764836967013142,-6.818545877022389,-0.570052097001521
-6.94991797949644,154.17315877,145.36164981,12.64532391,-35.96435459,-29.12148858,-22.0105828,-0.6045532582743036,-16.909112821800186,-6.04761814371737,-0.9022998357790692
-6.44180205453023,154.14679985,145.2578897,12.67694335,-36.19985877,-29.38582395,-22.11107427,-0.606364213826035,-15.310309196496783,-5.800565129925575,-0.6412369246046552
-5.87178970421827,154.1315767,145.1252086,12.75667622,-36.42021909,-29.66334126,-22.16444471,-0.6086799358762026,-11.00052753198466,-5.122180048366579,-0.7496096558516907
-5.24903744765481,154.14162587,144.9955188,12.85912203,-36.61674006,-29.92386058,-22.20512001,-0.6109434498924554,-17.31298550138094,-6.143083831193415,0.8940463835386057
-4.58407185043987,154.14842423,144.82573901,12.99674126,-36.80252024,-30.20771152,-22.21490571,-0.6139066662313001,6.217719752265039,-2.39242804882492,-2.1916438016149504
-3.88848952725725,154.16302606,144.6339518,13.16737648,-36.9803692,-30.52128461,-22.14498744,-0.6172539845090139,21.06188641214923,-0.033430707000684734,-3.8550588202565654
-3.17461440612962,154.24902728,144.56189433,13.23620746,-37.09465603,-30.68388843,-22.25491302,-0.618511624611171,-16.87468271165171,-6.109309419062059,2.934695012932439
-2.45512484648416,154.29790974,144.39306052,13.36805838,-37.22263762,-30.9320528,-22.2727233,-0.6214583304843575,3.283364003400236,-2.8981238621053604,0.44299901562120025
-1.74266506135066,154.34432762,144.20136484,13.528801,-37.3426189,-31.19565386,-22.20231566,-0.6248040512622072,32.53205412057647,1.765691134778463,-3.5083561961291228
-1.04945657856023,154.47449236,144.17098153,13.52245838,-37.3889216,-31.26038224,-22.40271788,-0.6253343400593611,5.671379336512628,-2.5345453669803613,1.4850887884201314
-0.386926112526377,154.54853485,144.02723029,13.56753273,-37.45891226,-31.4249711,-22.49562082,-0.6278432725011857,716.4091377904624,111.17154596604081,-111.55847207856719
0.234633990542209,154.6712493,143.98139715,13.51605535,-37.48951214,-31.48625667,-22.68410046,-0.6286432117007134,416.2651525590011,63.144702794253924,-62.91006880371172
-0.339619118538565,185.30808747,147.95781774,37.33165945,20.225248,-3.72443716000001,23.60597092,-0.5592415799611179,-1312.630011130704,-213.14039738427073,212.80077826573216
-0.16803967928268,184.71726231,146.17683641,37.52104017,19.4047412,-5.67940962,23.53342606,-0.5903255680861655,-1019.8593857451212,-166.4504950638107,166.28245538452802
0.0094629785683689,184.11117785,144.36758922,37.7903933,18.5707631,-7.65342858,23.52957427,-0.6219028885341206,-18.309270052968607,-6.35507023491933,6.364533213487698
0.189849357700784,183.49026831,142.52891182,38.16321592,17.72425992,-9.64611457999999,23.61470127,-0.6539938630461298,-14.683498630256864,-5.92652258025176,6.116371937952544
0.369984801103873,182.85721972,140.67245631,38.63890007,16.86507512,-11.65490679,23.79508857,-0.6863951241124201,-8.994929545943453,-5.165655227474316,5.535640028578189
0.54674328108157,182.20948074,138.79685698,39.23094588,15.99253582,-13.68039802,24.08488675,-0.7191305078691198,-7.565880134350333,-5.083877535273084,5.630620816354654
0.717089948748961,181.56540392,136.92578625,39.93731542,15.1129666,-15.70133776,24.47599859,-0.751786852645314,-9.671506430468655,-5.563158165932004,6.2802481146809646
0.878155390566529,180.89514737,135.02145284,40.81110162,14.21981479,-17.74004841,25.01431064,-0.7850237407055448,-2.1170145694959785,-4.49495314295969,5.373108533526219
1.02730497262381,180.22294681,133.12370254,41.80911653,13.31725969,-19.78106587,25.66970354,-0.8181457318212547,5.923226856913111,-3.343975471143824,4.371280443767634
1.16220031924996,179.54695678,131.2339191,42.93378138,12.40687573,-21.8163615,26.44856265,-0.8511286749989194,4.895805631474115,-3.6385771165800556,4.800777435830016
1.28084985172749,178.86390228,129.35555642,44.16696873,11.48695688,-23.8457913,27.33068794,-0.8839122883115041,9.594195325931576,-3.0114958230267295,4.29234567475422
1.38164604498075,178.15673721,127.47443626,45.47443936,10.56366805,-25.84804543,28.2741991,-0.9167440287291466,25.177720108870982,-0.6380790374365866,2.0197250824173363
1.46338784918837,177.46748408,125.64238099,46.8877086,9.63278105999999,-27.84044105,29.34239042,-0.9487194252691604,30.30348857726013,0.07005887001416955,1.3933289791742005
1.52528754287901,176.79062039,123.85921113,48.39404377,8.69598599,-29.81691874,30.52349748,-0.9798416104484868,25.82622686304825,-0.7506094070306171,2.275896949909627
1.56696211391738,176.09764275,122.10283176,49.90714201,7.76114481000002,-31.73985019,31.69748725,-1.010496213369091,33.012422835931865,0.3010651920538354,1.2658969218635445
1.58841008620395,175.39903175,120.39195938,51.39178822,6.83265896,-33.59376662,32.81138136,-1.040356569481522,44.34757536407536,2.023614168603137,-0.43520408239918695
1.58997549765261,174.71795821,118.75242978,52.90975533,5.89789322999999,-35.42719803,34.00551058,-1.0689717591854278,49.0532378455244,2.693484674298447,-1.1035091766458371
1.57230144852627,174.04354054,117.17880052,54.40533415,4.96675062,-37.20451965,35.18547633,-1.0964367709781495,49.89742218879156,2.7528251690549226,-1.1805237205286525
1.53627622153771,173.38528112,115.68308215,55.90561653,4.03344745000001,-38.94800686,36.43576813,-1.1225419812172124,50.63608916146212,2.8026886923438212,-1.2664124708061113
1.4829753636081,172.72282117,114.25153283,57.2680132,3.11566261000002,-40.58392732,37.45599808,-1.1475272302558983,54.85630052877388,3.4159118793343355,-1.9329365157262355
1.41360326210244,172.07815113,112.90385794,58.61320232,2.19498741000001,-42.18732641,38.5314464,-1.1710485943328508,57.45446223047734,3.7762978473486566,-2.3626945852462167
1.3294376175618,171.44661949,111.63856859,59.89212966,1.2830993,-43.71809867,39.54901494,-1.1931320594807695,57.11059047992739,3.672067057777726,-2.342629440215926
1.23177987939333,170.82682454,110.45382355,61.10552975,0.369838299999998,-45.20831459,40.54932299,-1.2138097612254417,58.190211012638656,3.801143489157667,-2.569363609764337
1.12191420842449,170.22020499,109.35282393,62.23548176,-0.529811539999997,-46.60937498,41.45316122,-1.233025829657648,57.364432911670704,3.630553772103986,-2.508639563679496
1.0010765640369,169.62956736,108.33719451,63.29633321,-1.41508091999998,-47.92656863,42.28400839,-1.2507519070167683,55.21184678668689,3.252473394155359,-2.251396830118459
0.8704341077288,169.04713933,107.39575326,64.27969044,-2.30776089,-49.22144044,43.1063704,-1.2671831565433591,55.3356883690892,3.2426466938697054,-2.3722125861409054
0.73107412680923,168.47950591,106.53690605,65.1876216,-3.18155994,-50.41939526,43.83595251,-1.2821728681294264,54.959377929064686,3.156717304314082,-2.4256431775048517
0.584001438865982,167.92407794,105.75573273,66.02077301,-4.04582363,-51.5479614,44.50360802,-1.2958069145921618,53.33955355825592,2.875251502090676,-2.291250063224694
0.430143080295289,167.38025314,105.05151163,66.77974176,-4.89776963,-52.60187949,45.10232277,-1.308097891449178,51.03131722525189,2.486737413555539,-2.05659433326025
0.270358731824191,166.84830602,104.42132533,67.46444999,-5.73652848,-53.5795935,45.63073098,-1.3190967172851389,50.63837903344081,2.407416315096092,-2.137057583271901
0.10545506730708,166.3287789,103.85850512,68.1117135,-6.56249554999999,-54.48343635,46.12151961,-1.3289197830464046,50.05132532222678,2.2993776432518818,-2.193922575944802
-0.0637978410490008,165.81569819,103.37705447,68.61173816,-7.37298973,-55.30755221,46.47441179,-1.3373226820747717,47.97015283424688,1.954757029899027,-2.018554870948028
-0.236649804758195,165.3143189,102.95227158,69.11036894,-8.1692118,-56.05602268,46.81583837,-1.3447365421114084,48.05091794538363,1.9577510351142466,-2.1944008398724417
-0.41235498354928,164.82257863,102.60763234,69.46863993,-8.94615114999999,-56.71562163,47.01132601,-1.3507516315809796,45.06551131590264,1.4722621666717703,-1.8846171502210503
-0.590158707400432,164.33966182,102.32134952,69.79061358,-9.70726135999999,-57.29754302,47.1617861,-1.3557482093818738,42.00926875339128,0.9769221717272405,-1.5670808791276725
-0.769287489201529,163.86528042,102.09641657,70.04372567,-10.45343079,-57.80604695,47.23504847,-1.3596740299555974,42.76280244063013,1.092605882211915,-1.8618933714134438
-0.948942737144759,163.39736306,101.93112284,70.2263246,-11.1807399,-58.22891348,47.22152038,-1.362558949777,42.16275300781058,0.9930671123123922,-1.9420098494571512
-1.12829839830738,162.94186833,101.83021361,70.33994676,-11.89598974,-58.59339581,47.14689592,-1.3643201480861522,39.38125319483454,0.5458951428359784,-1.6741935411433584
-1.30650254892312,162.49045458,101.78247094,70.38488086,-12.59659353,-58.88980771,47.00768903,-1.3651534148713451,37.68778465623068,0.27393769516656086,-1.5804402440896808
-1.48268279622657,162.04633066,101.78964861,70.36245937,-13.28331587,-59.12092735,46.79522557,-1.3650281408972236,36.857032366890415,0.14116778747007608,-1.6238505836966461
-1.65595520747279,161.60921102,101.84975414,70.27382947,-13.9573409,-59.29172017,46.51152233,-1.3639791015000675,35.39814131575003,-0.09099130109603681,-1.564963906376753
-1.82543617113978,161.17785979,101.96025885,70.11856976,-14.61953774,-59.40653601,46.16681971,-1.362050430471606,34.146764676676874,-0.28887211785184697,-1.536564053287933
-1.99025624574791,160.75279694,102.11985375,69.89798954,-15.2705824,-59.46825532,45.758682,-1.359264973997215,33.02556865585115,-0.4648470045922952,-1.5254092411556148
-2.1495751467208,160.33383045,102.32651564,69.61271305,-15.91137833,-59.48097471,45.28877236,-1.3556580435783203,30.80682757090392,-0.8153552577396743,-1.3342198889811256
-2.30259747987628,159.92132703,102.57917593,69.26386491,-16.54222082,-59.44675127,44.75833169,-1.3512482896287767,30.149924037694564,-0.9148685242048558,-1.3877289556714243
-2.44858905342925,159.51634463,102.86928255,68.87939014,-17.16185998,-59.3627653,44.17505944,-1.3461849739279448,29.66987297226442,-0.9851190938369028,-1.4634699595923473
-2.58689356538069,159.11316043,103.21124445,68.38225056,-17.7777616,-59.25460189,43.53414847,-1.3402166128565691,26.64810589847466,-1.4606833858188786,-1.1262101795618116
-2.716949474733,158.72116569,103.58204531,67.88592469,-18.37915778,-59.08860867,42.84075361,-1.3337449169803426,27.788476106453963,-1.2694075001417762,-1.447541974591224
-2.83830692767555,158.32720047,103.99599537,67.27761739,-18.98221413,-58.92093706,42.12201451,-1.3265201254945145,26.67047752882068,-1.4381618761927264,-1.4001450514828235
-2.95064464951527,157.95108779,104.45402431,66.6364146,-19.56649703,-58.68173585,41.29805591,-1.318526012422095,23.967016622690185,-1.85916499382604,-1.09147965568923
-3.05378672044008,157.57437968,104.93355687,65.9539452,-20.14930519,-58.4358698,40.4758421,-1.3101565903795775,26.413495249755226,-1.4552456216550764,-1.5985410987850037
-3.1477191221665,157.21451116,105.4633242,65.20830315,-20.71386082,-58.1237697,39.55138053,-1.3009104062015784,24.50839681270578,-1.7458082636793764,-1.4019108584871236
-3.23260586937326,156.86208279,106.02245655,64.41798521,-21.26871624,-57.78079573,38.58429438,-1.291151705739665,20.92013949694937,-2.304360781453811,-0.928245087919449
-3.30880442067168,156.51788071,106.61304686,63.58012907,-21.81467865,-57.4097909,37.57584392,-1.2808439602997912,21.19352438032296,-2.243590171702263,-1.0652142489694172
-3.37687989598021,156.18377366,107.2312198,62.70898447,-22.34851595,-57.00068636,36.51336954,-1.2700548071500577,22.753799862382795,-1.975480525686307,-1.4013993702939032
-3.43761741328874,155.86062143,107.88419947,61.78824405,-22.86721364,-56.54769526,35.40117852,-1.2586581619599717,22.35941304729927,-2.018367184011079,-1.4192502292776612
-3.49203160877924,155.55000562,108.57035272,60.80991551,-23.37440112,-56.06258562,34.21930688,-1.246682528574212,21.549595982339746,-2.1259126013022187,-1.366119007477021
-3.54137213796185,155.24955243,109.28346208,59.79047241,-23.87044419,-55.54915428,32.99494657,-1.2342364223154223,22.979298147070004,-1.8734226129240525,-1.6679495250377974
-3.58712369351829,154.96549277,110.03295573,58.72451962,-24.34854459,-54.98833088,31.70798441,-1.2211552904001324,21.757972587062024,-2.0429593381906104,-1.5441643553276796
-3.6309988410975,154.6983712,110.81438637,57.61935437,-24.8098069,-54.38472962,30.3668578,-1.207516752856166,20.562821729845915,-2.206199044971838,-1.424799796125662
-3.67492179200664,154.44173143,111.62022274,56.47433451,-25.26276193,-53.76443044,28.98472577,-1.1934522549673463,21.5706010198824,-2.0150252401530078,-1.6598965518536324
-3.72100112808521,154.20808118,112.46312695,55.30808275,-25.69413595,-53.0904965,27.55210976,-1.1787408012239249,20.2889446636223,-2.187627496146059,-1.5333736319391513
-3.77148949664302,153.98615331,113.33108019,54.08852474,-26.11456069,-52.39371026,26.07276938,-1.1635921594325724,17.324581468927125,-2.627269254636946,-1.144220242006074
-3.82873002655089,153.78303532,114.22811462,52.85096854,-26.52123092,-51.66882695,24.55700585,-1.1479359551253216,17.863966747604376,-2.5038482179806425,-1.3248818085702476
-3.8950958308067,153.59510778,115.14120018,51.6091028,-26.92292241,-50.9387229,23.02128514,-1.1319996057509056,20.01036044440907,-2.121291897673012,-1.7738039331336877
-3.97293455358947,153.42487041,116.09545528,50.29721889,-27.29806539,-50.15039487,21.42643378,-1.115344712351958,16.592707317704125,-2.6257741472082787,-1.347160406381191
-4.06452241389864,153.27496563,117.06597109,49.0193636,-27.67124065,-49.37120756,19.84189911,-1.098406016024798,13.232016501785182,-3.118918594741913,-0.9456038191567271
-4.17201963940358,153.13985714,118.05786515,47.70390551,-28.03042904,-48.56650242,18.22305888,-1.081094198846824,16.01183032670539,-2.627048421615575,-1.5449712177880044
-4.29741886021537,153.01873761,119.06655587,46.37573473,-28.3788427,-47.7467382,16.59471692,-1.0634892246485117,16.339302963603863,-2.525160529927588,-1.7722583302877815
-4.44248503731736,152.92184984,120.11201605,45.03478908,-28.70696833,-46.8927596,14.9367826,-1.0452425023090193,12.428126574970388,-3.097971550391755,-1.3445134869256052
-4.60868876333642,152.83487145,121.16075796,43.69072615,-29.03080808,-46.04220348,13.28720791,-1.026938502975865,12.95480760202361,-2.9588576667254123,-1.6498310966110075
-4.79713535393054,152.76739306,122.23737487,42.34140702,-29.33545733,-45.16043458,11.6234733,-1.0081479931137176,19.989327481587654,-1.7752784560221602,-3.0218568979083797
-5.00849283799114,152.71368593,123.32918563,40.9907823,-29.62759913,-44.26581671,9.96087897,-0.989092300543016,11.870425811116858,-3.0136340921999563,-1.9948587457911837
-5.24292276157562,152.69318276,124.4772641,39.59127895,-29.88286947,-43.2928575,8.23664259,-0.9690545511702572,-2.036910938147951,-5.173088941944786,-0.06983381963083435
-5.50001781020072,152.65679575,125.56562583,38.28697585,-30.16915199,-42.42807305,6.6259248,-0.9500590555290556,18.41645072232496,-1.8364530316723555,-3.663564778528364
-5.77874940846553,152.65037508,126.70548269,36.93673585,-30.41792976,-41.48603828,4.96075562,-0.9301648003206116,15.929670697499844,-2.165357193390239,-3.613392215075291
-6.07742798805377,152.67783353,127.90758452,35.52770446,-30.62490128,-40.45637445,3.23359294,-0.9091841654428624,-13.967262629132016,-6.874098261294346,0.7966702732405766
-6.39367892758395,152.68533523,129.02497157,34.26355167,-30.87734266,-39.58293896,1.66457456,-0.8896820824012159,-3.357357237039338,-5.105182207674992,-1.2884967199089576
-6.72443729107075,152.70758925,130.16951669,32.93361812,-31.09372963,-38.63575265,0.0428576599999957,-0.8697060016195823,7.282032002112704,-3.328014116749493,-3.3964231743212565
-7.06596405714528,152.74785267,131.32522421,31.62758615,-31.29868821,-37.69288353,-1.55015547,-0.8495351002055243,0.4159224327315414,-4.349176578618796,-2.7167874785264834
-7.41388577958464,152.79766633,132.47317183,30.34358871,-31.49656202,-36.765729,-3.11246007,-0.8294996345960911,-10.762096357541616,-6.058985751487723,-1.3549000280969175
-7.76324609970142,152.87251879,133.62785991,29.0932343,-31.68467887,-35.85043372,-4.66227764000001,-0.8093465257665594,-23.37789818697584,-7.996622037660288,0.23337593795886757
-8.1085317196776,152.91685798,134.7151647,27.86883975,-31.87724483,-34.98412653,-6.12410877,-0.790369477208354,-19.314487199658668,-7.268724030864023,-0.8398076888135773
-8.443651236765,152.98544215,135.79655012,26.68776793,-32.06405228,-34.14644571,-7.56272746,-0.7714957411462922,-19.97774024068977,-7.296023054607066,-1.1476281821579333
-8.76190484397713,153.0603015,136.84649371,25.55267356,-32.24985658,-33.35221743,-8.94302759,-0.7531707685405828,-30.26377884612352,-8.863862047889455,0.10195720391232577
-9.05600075101616,153.1367997,137.85077631,24.47195711,-32.43871888,-32.61627876,-10.26674078,-0.7356427305500939,-27.489571018752823,-8.344186591570471,-0.711814159445689
-9.31814140245134,153.21271734,138.80442404,23.44125701,-32.62151198,-31.91331475,-11.54143736,-0.718998437757424,-39.306896932705946,-10.16185591274833,0.843714510296989
-9.54017855691623,153.32136786,139.74749886,22.47390445,-32.79374068,-31.23764126,-12.7859832,-0.7025386770557709,-60.41712198382232,-13.46614442090252,3.92596586398629
-9.71383003875875,153.36696516,140.53714244,21.57705294,-32.9992898,-30.71379552,-13.88514671,-0.6887567966675358,-49.51666639516294,-11.659864527941242,1.946034489182491
-9.8309475602758,153.43770144,141.2980568,20.74809377,-33.19322227,-30.21849786,-14.95315325,-0.6754763357598301,-44.18791962542357,-10.746649591887493,0.9157020316116942
-9.88382195683942,153.50629742,141.98615124,19.99600333,-33.38991138,-29.79719522,-15.94193182,-0.6634668222171638,-50.26905340108634,-11.664257860991583,1.7804359041521636
-9.86550969043129,153.56988071,142.59543661,19.32157537,-33.58829467,-29.4473289,-16.85746397,-0.6528327864264317,-53.214753790092885,-12.086102572550846,2.220592882119556
-9.77016276623321,153.64450852,143.14713958,18.72545855,-33.78745701,-29.16890068,-17.70359561,-0.6432037531069005,-61.723108229853054,-13.402298399674763,3.6321356334415533
-9.59334343744223,153.69154402,143.58791834,18.20820416,-33.99095552,-28.9738436,-18.45501872,-0.6355107124720426,-59.4259913895101,-12.99845957348009,3.4051161360378597
-9.33230533987139,153.73609865,143.95448056,17.76996059,-34.18999852,-28.83771578,-19.13383212,-0.6291129948196225,-49.29879345398236,-11.347762426559003,2.015457086687613
-8.98622417325633,153.77333952,144.23991422,17.41076317,-34.38500319,-28.76055598,-19.75154777,-0.6241312376566045,-45.52979507687294,-10.720995218189596,1.7347710449332663
-8.55636348226389,153.82591509,144.47936026,17.11902379,-34.57967098,-28.75622387,-20.28045593,-0.6199521158777427,-47.35680922851149,-10.993347062094003,2.4369835798301125
-8.04616361118059,153.85633422,144.63104359,16.8910681,-34.75738577,-28.77290882,-20.7827963,-0.6173047423488537,-46.15167683329591,-10.787844204156027,2.7416805929754364
-7.46124510354896,153.90268294,144.73290543,16.73471284,-34.94344103,-28.88181167,-21.1903041,-0.615526917858714,-43.17618192863248,-10.303235338941324,2.8419902353923634
-6.80932297203484,153.94491314,144.75774333,16.65204476,-35.12938205,-29.05503071,-21.52054161,-0.6150934147244325,-33.162222700307,-8.698920364443346,1.8895973924085059
-6.1000340198999,153.99248373,144.7390693,16.61200103,-35.31284605,-29.28323611,-21.79962859,-0.6154193380325487,-33.154312868136635,-8.699219796124659,2.5991857762247585
-5.34468389284384,154.05277915,144.69443753,16.59780542,-35.48578612,-29.54019418,-22.04022375,-0.6161983093700419,-20.174838527775574,-6.626242872346118,1.2815589795022788
-4.55592403271926,154.0886037,144.55527295,16.6636555,-35.65602492,-29.84338439,-22.21300713,-0.618627189493197,-5.190584760818018,-4.240407359112192,-0.3155166736070685
-3.7473718007538,154.19309345,144.51553842,16.62826239,-35.79120538,-30.09268143,-22.47383206,-0.619320687868429,-20.698329092977417,-6.724967691037021,2.977595890283221
-2.9331897007529,154.2503992,144.34173674,16.66826875,-35.94127676,-30.42011869,-22.6828018,-0.622354099429927,-15.821474246509036,-5.959178937051594,3.025989236298694
-2.12764167375406,154.34161361,144.21804662,16.66367442,-36.06961262,-30.72664716,-22.89154792,-0.6245128992761138,-12.600001363712863,-5.45404905318364,3.32640737942958
-1.34464573231988,154.41628428,144.03755016,16.65662777,-36.19631295,-31.04964726,-23.12728452,-0.627663156791308,1749.8897728951806,276.52930474859465,-277.8739504809145
-0.597342775510337,154.49407805,143.84836213,16.60980268,-36.31832032,-31.37740011,-23.38698272,-0.6309651108201698,1494.7267360320238,235.68752276625028,-236.2848655417606
-1.99127394926883,189.84627192,153.75949344,24.61594148,25.52509371,7.31472564000001,6.19432133,-0.4579832368631709,-2298.194066282565,-370.31083427386216,368.31956032459334
-1.85672500331161,189.19578365,152.04283099,24.64416849,24.64896533,5.36489159000001,5.91249001,-0.4879446487610235,-2042.2473853119104,-329.516192631585,327.6594676282734
-1.70320424710325,188.55475817,150.31375467,24.77561505,23.7478015,3.36095884,5.75477687,-0.5181227235632904,-26.1319073189064,-7.0931759163697325,5.389971669266482
-1.53282604999304,187.89240025,148.53608426,25.0502531,22.82323813,1.30217069,5.74558987,-0.5491489252330682,-24.729257757567517,-7.025814729562195,5.492988679569155
-1.34803966126011,187.21447358,146.7182911,25.48175954,21.88036153,-0.797615689999986,5.89070623,-0.5808754009953004,-20.4632472053512,-6.500804638533299,5.152764977273189
-1.15156009422272,186.54001377,144.88764932,26.0568878,20.9212223,-2.93169300999998,6.19238935,-0.6128261274808697,-22.000676327519383,-6.902176014882462,5.750615920659742
-0.946314373324992,185.83571463,143.00558176,26.82331756,19.94858,-5.09855389999998,6.67220499,-0.6456744031478456,-16.560427453190574,-6.187883229370399,5.241568856045407
-0.735399580668967,185.12879196,141.11315979,27.75476673,18.96993657,-7.27442102999998,7.31545246,-0.6787033973614232,-5.489301352957732,-4.569659858758129,3.834260278089162
-0.52203889677894,184.40220893,139.19798816,28.83814659,17.98422557,-9.46044542000001,8.110988,-0.7121294480457099,10.73614854754883,-2.124485675078444,1.6024467782995042
-0.30952645057343,183.69384956,137.30721888,30.07334306,16.99754464,-11.63901693,9.06286915,-0.7451295973772724,12.858395614144769,-1.9296910746670717,1.6201646240936416
-0.101159902113324,183.0080267,135.45190816,31.46544858,16.01786516,-13.79162627,10.17461072,-0.7775108780888192,8.260112769602479,-2.80324718523815,2.702087283124826
0.0998366226300535,182.28540208,133.57495115,32.94338721,15.03454584,-15.9331788,11.36970839,-0.8102699578317071,23.085646294381856,-0.5661994997482784,0.666036122378332
0.29039494622769,181.59159593,131.75315512,34.54306246,14.0648062,-18.02698802,12.68683641,-0.8420662968549684,33.130386149405844,0.9142600345643785,-0.6238650883366885
0.46768505981489,180.90885026,129.97495443,36.22710923,13.10396162,-20.08004486,14.09753246,-0.8731017536567036,33.75913926711655,0.8954692237665602,-0.42778416395167024
0.629190988593452,180.23670482,128.24422521,37.97345964,12.1562478,-22.07740801,15.57064484,-0.9033086770061768,37.32907237106069,1.3546211494677598,-0.7254301608743078
0.772774259198317,179.57616725,126.56838333,39.76160127,11.21446622,-24.03272228,17.10309502,-0.9325576355549884,38.714170901428254,1.4717667546669562,-0.6989924954686392
0.896719775766159,178.92685524,124.94917513,41.5690171,10.28885464,-25.91655685,18.64539469,-0.9608181499202794,40.13470310626932,1.6019486428798784,-0.7052288671137193
0.999760394965639,178.28165368,123.38362809,43.37353939,9.37298111000001,-27.74194395,20.1950052,-0.9881421003631304,44.04901236091163,2.138011839210967,-1.138251444245328
1.08107842036577,177.64947207,121.88407996,45.16310291,8.46650504000002,-29.50626621,21.7375712,-1.014314152523755,46.15897405491172,2.3926191557735956,-1.3115407354078257
1.1402843701467,177.02881043,120.4512551,46.92106784,7.56529552999999,-31.2230343,23.28079929,-1.0393216639351814,43.508014398006,1.8923657322536878,-0.7520813621069877
1.17737544456163,176.41947484,119.08345623,48.64669825,6.67600869999998,-32.85369456,24.76158293,-1.0631942577217393,42.47630664391488,1.6576029005209918,-0.4802274559593618
1.19267788393018,175.79989053,117.76816467,50.28090082,5.78379629,-34.45540646,26.18625006,-1.0861504260674315,46.33115253094066,2.2101253361747464,-1.0174474522445665
1.18677867278566,175.19632109,116.52620381,51.86961834,4.89710521000001,-35.9943482,27.57888257,-1.107826732255332,47.3756099152145,2.3190839946994366,-1.1323053219137766
1.16045269918597,174.59920583,115.35053219,53.3885609,4.01300337999999,-37.47842007,28.91661128,-1.128346072946588,46.32595319510768,2.0983654148163007,-0.9379127156303306
1.11459149247252,174.00794007,114.24039364,54.83293256,3.13037856,-38.9097548,30.19492178,-1.1477216457974035,46.82962205597496,2.13117387836955,-1.01658238589703
1.0501391216272,173.4231211,113.19832787,56.20016688,2.24968093999999,-40.28612075,31.41262183,-1.1659091245062334,47.051294578936975,2.1236237385195507,-1.0734846168923506
0.968039839420908,172.84405495,112.22289744,57.48848132,1.36943853,-41.61049745,32.5630672,-1.1829335971338777,47.71626676927543,2.191371951318769,-1.2233321118978608
0.869200557056515,172.27151552,111.31570761,58.69612372,0.490818590000003,-42.88018222,33.64596698,-1.1987670466079852,48.06226782151146,2.212204199770005,-1.34300364271349
0.754469409351572,171.71066153,110.47879531,59.83837833,-0.383198949999979,-44.08572775,34.66452007,-1.2133739217934238,47.5684513442709,2.102558019583115,-1.3480886102315428
0.624630116074891,171.14663412,109.70846386,60.86115613,-1.25892177,-45.24966421,35.60246418,-1.2268187419275858,48.53707591786937,2.2303782069576172,-1.6057480908827262
0.480410770057438,170.59836459,109.00724033,61.84019668,-2.12990704000001,-46.34898618,36.48725463,-1.2390574013185431,49.53036722979087,2.3654514872733072,-1.8850407172158692
0.322504773251702,170.05095847,108.37931707,62.68318837,-2.99595310999999,-47.3890502,37.25711712,-1.2500167296553997,48.0999948586236,2.115938597971164,-1.7934338247194619
0.151600829621098,169.51522616,107.81947345,63.4619416,-3.85760021000002,-48.3699445,37.96488076,-1.2597878441206831,47.51033537083282,2.0037440761960577,-1.8521432465749597
-0.0315816186701929,168.98747564,107.32576295,64.16956972,-4.71248320999999,-49.28681181,38.60963191,-1.2684047178973508,53.05185697501269,2.875090421378954,-2.906672040049147
-0.226255287172712,168.4680273,106.90392074,64.77292276,-5.56052279000002,-50.14342961,39.1607467,-1.2757672533857405,53.00985562656679,2.8556300082367327,-3.0818852954094447
-0.431529890716293,167.96936502,106.57617358,65.2315361,-6.39581010000001,-50.92366971,39.56262909,-1.2814875204418008,45.33839878043233,1.6185089905136838,-2.050038881229977
-0.64638211632413,167.46940809,106.29209213,65.66101906,-7.22418966999999,-51.6465424,39.94733705,-1.2864456770881405,50.74212664016642,2.4748574248585467,-3.1212395411826765
-0.869633290948879,166.98526733,106.0863541,65.97857167,-8.04260020000001,-52.30685193,40.22710802,-1.2900364831082076,53.43919964124533,2.9005023206699674,-3.7701356116188465
-1.09993656890393,166.52580025,105.97099449,66.15648735,-8.85055080000001,-52.90446892,40.36918145,-1.292049888126524,40.49974220998731,0.8269202158258668,-1.9268567847297968
-1.33577468501065,166.06699453,105.90271868,66.28191777,-9.64497197,-53.43335543,40.45948497,-1.29324152581049,40.07662902073772,0.7572981856673531,-2.093072870678003
-1.57546850180048,165.6115952,105.88194328,66.35027004,-10.42999302,-53.90922472,40.49219967,-1.293604124943909,44.20638869956805,1.417475904982271,-2.992944406782751
-1.81719567402785,165.17820382,105.94870543,66.28002261,-11.20537854,-54.33270107,40.41094908,-1.2924389056106984,41.387879179801686,0.968393172798991,-2.7855888468268413
-2.05901797032636,164.74261392,106.04617602,66.18932963,-11.96389928,-54.68641925,40.29347333,-1.290737722891337,41.07119442301244,0.9204803697748467,-2.9794983401012067
-2.2989154557739,164.33349097,106.23182726,65.95665307,-12.71450643,-54.99586662,40.05123623,-1.2874974974929267,34.37198196335256,-0.14609762232720502,-2.152817833446695
-2.53482571406469,163.91944346,106.44572937,65.69131129,-13.44568405,-55.22942138,39.74487308,-1.283764201396464,22.84191630033128,-1.9847327392781318,-0.5500929747865584
-2.76468625287638,163.51868888,106.71188604,65.38572965,-14.16656666,-55.42331975,39.42722294,-1.2791188911788198,39.84294165120694,0.7432250406755774,-3.5079112935519574
-2.98647822604278,163.08474496,106.97615726,65.01818913,-14.89443212,-55.62223477,39.10516599,-1.2745064882715575,54.05978112738241,3.0257781067188603,-6.01225633276164
-3.19826974279404,162.76617802,107.42022806,64.52429765,-15.57700015,-55.67756165,38.55862566,-1.2667559906995922,26.91012345242383,-1.3046922472716265,-1.8935774955224134
-3.39825727958891,162.38767725,107.81632488,64.04630255,-16.25825184,-55.72057711,38.05665879,-1.259842797033913,20.29853699319073,-2.3502425375567815,-1.0480147420321284
-3.58480400519336,162.04253597,108.28275373,63.49118958,-16.93373165,-55.73793923,37.48727787,-1.2517020778751222,27.86136454667965,-1.1253589648680924,-2.4594450403252677
-3.7564741438439,161.69364269,108.77279455,62.91359785,-17.58526933,-55.6824651,36.88966914,-1.2431492520969494,27.42226065082676,-1.1796350736930208,-2.5768390701508794
-3.91206280618218,161.36000725,109.30491326,62.28703944,-18.227277,-55.59509552,36.24512271,-1.2338620285959845,26.64272853903915,-1.2865463550141127,-2.625516451168067
-4.05062098871045,161.05433442,109.8863822,61.63459744,-18.86052239,-55.47907771,35.56140085,-1.223713481094903,20.789037344854933,-2.2031237466642613,-1.8474972420461886
-4.17147566087034,160.7334628,110.47972438,60.91471373,-19.4690617,-55.29127025,34.79858513,-1.2133577064629424,23.428629672341827,-1.7597800893326854,-2.4116955715376545
-4.27424501075918,160.44537518,111.11908226,60.19010999,-20.07576813,-55.09790933,34.03126303,-1.2021988063583713,23.032768054032093,-1.799818601579858,-2.4744264091793218
-4.35884899668301,160.16488509,111.78877166,59.41864236,-20.66175763,-54.85112278,33.20624347,-1.1905105213626663,20.36229038010928,-2.201958028178854,-2.1568909685041557
-4.4255153484817,159.8911169,112.48375036,58.60218095,-21.23422934,-54.5678645,32.34320374,-1.1783808548164365,21.05051733740204,-2.0649668312151728,-2.3605485172665275
-4.47478108289839,159.64339218,113.21448627,57.782674,-21.79843043,-54.26604025,31.46639267,-1.1656271072243791,18.330727130784208,-2.471013624003876,-2.003767458894514
-4.50748944989087,159.40175902,113.96902904,56.91260058,-22.34498694,-53.91900658,30.5291212,-1.152457851540761,18.703681302658648,-2.380350271835939,-2.127139178054931
-4.52478202465825,159.15817185,114.74522821,55.96316788,-22.8717447,-53.519462,29.5187543,-1.138910620373014,18.03425154141003,-2.4546066174111147,-2.070175407247135
-4.52808542164173,158.96009889,115.56147192,55.06432612,-23.39766763,-53.1290524,28.52650299,-1.12466448013482,14.052956550074658,-3.056009457160212,-1.4720759644815185
-4.51909185742868,158.75289018,116.3792988,54.12017818,-23.91733965,-52.72855772,27.50619544,-1.1103907083675075,17.574575449663676,-2.4557973477317847,-2.063294509696895
-4.49973256221457,158.56480029,117.23443231,53.12344729,-24.41287189,-52.26735885,26.4141458,-1.0954658130738717,19.08309493808824,-2.1748569264620072,-2.3248756357525626
-4.47214287293305,158.39000631,118.11406429,52.09305645,-24.89537235,-51.77910233,25.28228367,-1.0801133388170348,16.380248387855012,-2.5653862375371896,-1.9067566353958605
-4.43862074870077,158.22910168,119.01673078,51.03462007,-25.36489482,-51.26494501,24.11586139,-1.064358836519114,15.995939103869985,-2.5825809828720194,-1.8560397658287506
-4.40158790481204,158.0816347,119.94268169,49.94582466,-25.82005198,-50.72158662,22.91055401,-1.0481979444277765,13.972774378907538,-2.8595240811190883,-1.5420638236929514
-4.36356325253974,157.94686396,120.89067923,48.82772689,-26.26066142,-50.14927743,21.66621412,-1.0316522660539698,14.028211271939206,-2.8013990019187163,-1.562164250621024
-4.32714640863828,157.82105538,121.85135719,47.68855812,-26.69199009,-49.56273466,20.40459699,-1.0148852726006274,16.233466197762557,-2.397235089004556,-1.9299113196337236
-4.29500131825691,157.71287733,122.84500341,46.51835996,-27.09979924,-48.92561241,19.08081244,-0.9975428744616316,13.240031053713963,-2.8216232610088468,-1.473378057248063
-4.26983402943869,157.61551726,123.8530436,45.33005534,-27.49664179,-48.27123605,17.74183514,-0.9799492541537022,7.870056116382473,-3.6239493460904475,-0.6458846833482426
-4.25436366619405,157.52706884,124.87518738,44.12382371,-27.87986832,-47.59346255,16.37979647,-0.9621094797639218,8.178255082350594,-3.5154286792799834,-0.7389349869140664
-4.25128703624268,157.44448342,125.89982211,42.91329229,-28.25459314,-46.90663488,15.0182954,-0.9442262300951386,8.299047574551466,-3.4352079386986656,-0.816079097544014
-4.2632376237948,157.37717587,126.9522293,41.68285289,-28.60567574,-46.17242979,13.61105673,-0.9258582595579772,5.93703415662894,-3.749000090769532,-0.514237533025268
-4.29274016285629,157.30962249,127.99415066,40.4560442,-28.95286985,-45.44244107,12.22421574,-0.90767330127912,3.594283937667919,-4.058787352844669,-0.23395281001162083
-4.34216256419785,157.25845745,129.06328792,39.20948373,-29.27626245,-44.66690302,10.79008532,-0.8890133359363694,-0.8208649991203743,-4.696866464667029,0.354703900469179
-4.41366692271734,157.20330821,130.10907294,37.98492736,-29.60019511,-43.90943276,9.3985644,-0.8707609440693345,-2.202788775589326,-4.849584232747498,0.4359173100301579
-4.50916054223101,157.15873043,131.16964333,36.75455827,-29.90440058,-43.11927312,7.9799269,-0.8522504988146739,-4.702231164146475,-5.178608087063305,0.6694475448322947
-4.63024760684566,157.11069382,132.21137417,35.53242938,-30.19985133,-42.32489707,6.57525606999999,-0.8340688657371079,0.0370219240952707,-4.349223347623169,-0.28102425922249097
-4.77818257652694,157.06698505,133.24905694,34.32158811,-30.48339372,-41.52093549,5.17282153,-0.8159578848093929,-7.746198826015238,-5.522279427783287,0.7440968512563471
-4.95382669743372,157.04101137,134.31388752,33.08746065,-30.73261524,-40.64642665,3.71904233,-0.7973730852124719,-25.827164104860188,-8.339624017684368,3.3857973202506484
-5.15760893142498,156.98244893,135.2840881,31.94046104,-31.02001216,-39.90182513,2.39135384,-0.7804398906867135,-13.559391400241871,-6.306624027338545,1.1490150959135654
-5.38949235120169,156.93496203,136.26842212,30.77805977,-31.27620035,-39.09953728,1.02571031,-0.7632600210983218,-7.981456991876801,-5.341763992074646,-0.04772835912704387
-5.64894057262099,156.8956424,137.24142967,29.63307971,-31.52227593,-38.29866206,-0.347418579999999,-0.7462778357040583,-20.375387330818786,-7.252056173038261,1.6031156004172704
-5.93486055679115,156.84622881,138.17722634,28.51408719,-31.76079361,-37.50823429,-1.68692027,-0.7299451026833594,-24.57513820330659,-7.852975020960546,1.9181144641693963
-6.24549534479321,156.79387999,139.08202887,27.42393662,-31.99269377,-36.73377423,-2.99867733,-0.7141533194544849,-33.40935957704794,-9.1967673433688,2.9512719985755895
-6.57827834630831,156.73393425,139.94522539,26.36731676,-32.22204343,-35.98918991,-4.27376118,-0.6990876980887277,-36.61917016977934,-9.64296278242828,3.064684436119969
-6.9296955126576,156.64730588,140.73120654,25.36443249,-32.46396002,-35.32105686,-5.46276172,-0.6853697391626163,-26.884533434931026,-8.023326041317748,1.0936305286601486
-7.29519102502539,156.57548644,141.50341205,24.38557694,-32.68865416,-34.64555697,-6.6520931,-0.671892210511074,-27.414909324020574,-8.046497508471907,0.7513064834465171
-7.66912703374428,156.50077869,142.22634718,23.455031,-32.91497047,-34.02011694,-7.79431437,-0.6592746122142409,-36.78613185669421,-9.487537700276544,1.8184106665322641
-8.04479861691717,156.42863953,142.90452285,22.57115123,-33.14359501,-33.44798919,-8.89376738,-0.6474382138658222,-43.21023330234763,-10.460130079421274,2.4153314625041045
-8.41450357043683,156.34132707,143.51071881,21.74458698,-33.37169983,-32.92274929,-9.92990107,-0.6368580984515348,-43.94179503963147,-10.527360871220987,2.1128573007841567
-8.76966506406206,156.2498511,144.05805725,20.97024524,-33.59966844,-32.44777788,-10.91154402,-0.6273052405508053,-31.32457774817188,-8.463287708168314,-0.30637735589374593
-9.1010036252821,156.15617442,144.5433225,20.25531704,-33.83202887,-32.03865756,-11.83552102,-0.618835764192792,-46.169264516172646,-10.797995179297203,1.6969915540151028
-9.39875338041734,156.07426838,145.03211504,19.49351734,-34.03793538,-31.60855506,-12.80392491,-0.6103047250106055,-71.76471521888162,-14.852283575431501,5.453530195014162
-9.65291602726992,155.95562979,145.31139579,19.01171731,-34.30441751,-31.40753803,-13.49664044,-0.6054303563856663,-49.03972027047176,-11.19275727981443,1.5398412525445089
-9.85354466803701,155.8515273,145.5949913,18.48954914,-34.54034775,-31.17732987,-14.23224553,-0.6004806809922939,-35.11938779959478,-8.94153213992388,-0.9120125281131308
-9.99104843470437,155.73576102,145.79849218,18.03202482,-34.78828076,-31.04028847,-14.87426727,-0.5969289206055879,-43.3111691836463,-10.23496531292924,0.24391687822487107
-10.0565079021561,155.63155114,145.95664829,17.64029925,-35.02846367,-30.94201085,-15.4651291,-0.5941685757539418,-45.0616139956761,-10.501599945773876,0.445092043617775
-10.0419906526409,155.52245828,146.03743385,17.32414651,-35.27329261,-30.91794884,-15.96846301,-0.5927586017438741,-32.81131029155504,-8.534678335101589,-1.507312317539311
-9.94085574332806,155.41555339,146.06012125,17.07800043,-35.52241507,-30.96907258,-16.38181078,-0.5923626319151573,-18.30815478757297,-6.212242096442074,-3.728613646885986
-9.74803531624497,155.33184641,146.08838056,16.85409504,-35.75631045,-31.04374716,-16.72494082,-0.5918694139113158,-48.28462800419708,-11.006071401523085,1.2580360852781158
-9.46028202675342,155.25571204,146.05869621,16.70220507,-35.98647589,-31.17182775,-17.00426546,-0.59238750355513,-54.54610316081298,-12.010435163691724,2.550153136938304
-9.07637234519713,155.15674771,145.86267673,16.73726883,-36.24251214,-31.42441081,-17.17156644,-0.5958086888791772,-8.325112321599937,-4.631746290942531,-4.4446260542545994
-8.59725701594957,155.09720606,145.74474502,16.72576377,-36.46530666,-31.6567084,-17.27924084,-0.5978669855111841,-2.064167745082779,-3.6400055752101856,-4.957251440739384
-8.02615081801044,155.05387592,145.58927352,16.78324551,-36.68032428,-31.92808589,-17.32543822,-0.6005804750791985,-20.345203606730863,-6.578146791253716,-1.4480040267567231
-7.36855491410702,155.04711329,145.41896702,16.92349908,-36.87577584,-32.19774125,-17.35016567,-0.6035528842417465,-3.3725799987704974,-3.8769316051135414,-3.4916233089934785
-6.63220682871284,155.02583975,145.19930088,17.09105326,-37.07115597,-32.53063029,-17.27717559,-0.607386781639893,42.990443989641136,3.52261634525294,-10.15482317396578
-5.82695544046296,155.0936551,145.07386556,17.27846841,-37.22307416,-32.79541806,-17.21980708,-0.6095760409721859,-240.63297885409065,-41.86769369598132,36.04073825551836
0.923011088913521,184.81535862,145.05564534,33.82155401,19.03579583,-5.83968055,18.71541195,-0.6098940438016234,-580.6982064429922,-96.27966301824885,97.20267410716238
1.13905874306167,184.23106448,143.35003869,33.94305338,18.18733679,-7.74668928,18.37633695,-0.6396624955880343,-314.9003792832639,-53.893977900726895,55.03303664378856
1.34353316885373,183.60526014,141.58483416,34.21483085,17.30285966,-9.75083869999997,18.28078512,-0.670471126607653,-7.583174601906162,-4.866876496712635,6.210409665566365
1.53247608476498,182.97503428,139.82196555,34.58528643,16.39482092,-11.80512742,18.34874604,-0.7012389881322092,5.588655965959077,-2.899384204226646,4.431860288991626
1.70236896267024,182.351658,138.07057459,35.07830748,15.51212819,-13.75448024,18.38186863,-0.7318065268738732,1.0873296520152564,-3.7551298309023693,5.45749879357261
1.85020290285036,181.72715774,136.32591305,35.71494792,14.60269683,-15.75669263,18.62526205,-0.7622566150797881,0.0288398205616324,-4.055851177814503,5.906054080664863
1.97352850113658,181.07556028,134.56254496,36.50132048,13.6714395,-17.81311633,19.11154884,-0.7930331941748918,10.156676546609944,-2.564342970058542,4.537871471195122
2.07048527760591,180.43431991,132.83002579,37.41602907,12.7621318,-19.77080573,19.6045245,-0.8232713580453109,15.473806404836576,-1.8364283506458272,3.906913628251737
2.13981055836162,179.78647161,131.1127088,38.47529994,11.81780372,-21.81016282,20.38170258,-0.8532441938212495,21.06907018734612,-1.0590440292714187,3.1988545876330385
2.18082867139841,179.13620388,129.42279691,39.64406669,10.88158729,-23.79220407,21.22636239,-0.8827387203703501,27.50787079596968,-0.1409287470748124,2.3217574184732226
2.1934221494652,178.49988289,127.78358952,40.9140222,9.96607818000001,-25.68047218,22.09798403,-0.9113482864488726,29.2511108888438,0.03303424400570876,2.1603879054594914
2.17798730769637,177.85556104,126.17317652,42.27844277,9.00689982,-27.66951582,23.25054829,-0.9394552956157922,34.459609709109884,0.7669856369433683,1.4110016707530018
2.13537707542363,177.21893977,124.62206676,43.65628686,8.09281572,-29.48730645,24.26844065,-0.9665272679876112,37.0287849825968,1.0858500533284587,1.0495270220951713
2.0668343113214,176.58830748,123.12099515,45.10397412,7.14037646,-31.38423944,25.52735332,-0.9927259098903234,41.18737226467272,1.6653704896007007,0.40146382172069917
1.9739190222092,175.95242723,121.67270331,46.51760204,6.21036122000001,-33.17775403,26.70460509,-1.0180033710280902,46.36637502057778,2.4143792267953783,-0.4404602045861783
1.85843294069641,175.33826871,120.30480004,47.940686,5.29838010999998,-34.88046942,27.8574779,-1.0418777869383873,44.80276945030281,2.091925825546439,-0.23349288485002906
1.7223447969547,174.72338599,118.98899962,49.34635686,4.36252797,-36.61161375,29.10876142,-1.0648428365665117,48.25699246082671,2.5778077002539304,-0.8554629032992302
1.56771934944046,174.11801561,117.74530589,50.70966067,3.44638548999998,-38.24932044,30.29860217,-1.086549387041421,49.351039885134895,2.6922147881185996,-1.1244954386781396
1.39665282950757,173.53389603,116.58178813,52.05614282,2.53775218999999,-39.8275698,31.4850509,-1.10685660285885,46.00273043493752,2.101973360978157,-0.7053205314705868
1.21121692667934,172.93628762,115.46857237,53.3022631,1.63420221000001,-41.34838464,32.5978389,-1.126285883155941,52.41649953142247,3.078050736188506,-1.8668338095091659
1.01341282698271,172.36201162,114.43815287,54.52073078,0.741375529999999,-42.80116571,33.68717316,-1.1442700961076948,50.54791687298277,2.7344654517917437,-1.7210526248090336
0.80513615738412,171.81180981,113.49216327,55.70608842,-0.146075669999988,-44.20673312,34.78397352,-1.160780729317319,44.51442709523912,1.729674455456915,-0.924538298072795
0.588153030037838,171.23905263,112.58413584,56.77971027,-1.02014037000001,-45.52356636,35.74200265,-1.1766287976692411,50.449490775146266,2.642816997675208,-2.05466396763737
0.364086763402555,170.70201197,111.77080305,57.82626499,-1.887653,-46.79183389,36.7081587,-1.1908241327691729,49.496415339849165,2.458817754123384,-2.094730990720829
0.134414319747226,170.16889072,111.0191731,58.78922339,-2.74864162999998,-48.00448965,37.61664949,-1.2039425501532732,45.07744936798064,1.7236444397803474,-1.5892301200331214
-0.0995289312980986,169.64399263,110.3330364,59.68878811,-3.59260687999998,-49.12762395,38.42930659,-1.215917894687042,47.24012349604178,2.0448099815809986,-2.144338912879097
-0.336537816858421,169.12820092,109.71248512,60.50455265,-4.43149294999998,-50.20437771,39.1997208,-1.226748557700507,48.48940399468038,2.222889883842287,-2.5594277007007076
-0.575521195418717,168.63048594,109.16593572,61.25318625,-5.25149483999999,-51.18799606,39.86378383,-1.2362876442553068,46.58496354676078,1.8995124205256415,-2.4750336159443584
-0.81548292215127,168.14338451,108.68362096,61.91986275,-6.06299963999999,-52.11602543,40.46675193,-1.2447056248482729,46.10454596218671,1.806592228446564,-2.6220751505978344
-1.05550176160452,167.668753,108.26574722,62.50918328,-6.86252789,-52.97784244,40.99448082,-1.2519988974688956,46.0290360374227,1.7809212076154992,-2.836422969220019
-1.2947118762498,167.21308146,107.91891639,63.01642754,-7.64776928999999,-53.76755155,41.42947837,-1.25805223739982,45.09472289158322,1.6203775445948008,-2.915089420844601
-1.5322852469343,166.76590779,107.62928567,63.44634009,-8.42102553000001,-54.49490926,41.79486684,-1.263107247078742,45.67317038425944,1.7038556252781323,-3.2361408722124323
-1.7674170481518,166.33864906,107.41258555,63.7872488,-9.17881712000002,-55.15008114,42.0632866,-1.2668893776622088,41.4570919566204,1.0225879568152472,-2.790005004967047
-1.99931463506792,165.92782275,107.25451211,64.04449472,-9.92791223,-55.75469089,42.24958559,-1.2696482796501627,36.91558118198213,0.2911130487480911,-2.290427683816011
-2.22719043157215,165.51971894,107.14378635,64.23577942,-10.66253767,-56.29289354,42.37193025,-1.2715808087289355,34.48450857621577,-0.10121861717151592,-2.125971814400634
-2.45025866949441,165.12589334,107.09124925,64.35034057,-11.3833312,-56.76867199,42.41851177,-1.272497754103385,33.726913507803324,-0.22402076279863703,-2.226237906695773
-2.66773564266107,164.73176953,107.07256883,64.41449618,-12.0918946,-57.18732294,42.40551977,-1.2728237889380407,37.8365914282619,0.43296458281341277,-3.100700225474483
-2.8788429210593,164.35788276,107.12122737,64.38943342,-12.78679941,-57.54724327,42.30805215,-1.271974537205827,37.07704333640871,0.31290494949902126,-3.1917478705583213
-3.08281282755976,163.99254917,107.21813901,64.29320504,-13.46940539,-57.85335389,42.14344677,-1.2702831100043197,31.736173509686605,-0.5386982590828229,-2.544114568476937
-3.27889541470569,163.63669425,107.3636413,64.12508602,-14.14012803,-58.10795836,41.91114135,-1.2677436159746285,30.483039324062933,-0.7347615283035918,-2.5441338864020984
-3.46636619058478,163.2842763,107.54554407,63.90526633,-14.79667518,-58.30656001,41.62422034,-1.26456881371963,30.314126359052285,-0.7561881895549973,-2.7101780010297825
-3.64453392491967,162.94558655,107.78071018,63.61417931,-15.4404342,-58.45436811,41.26962211,-1.2604643908110231,22.410177693923394,-2.013497242979218,-1.631036681940452
-3.81274800742576,162.6075537,108.04663628,63.27612952,-16.0717882,-58.5541314,40.86966494,-1.2558231047990351,30.862313333148705,-0.652761354754885,-3.159986652670875
-3.97040501213285,162.25295092,108.32617992,62.90618329,-16.69483391,-58.62164853,40.46567494,-1.2509441478780257,37.60146590741753,0.43445693037410216,-4.404861942506952
-4.11695432125577,161.97333637,108.72455652,62.43050087,-17.30534877,-58.649393,39.96364605,-1.2439911645451254,18.88176248223239,-2.5477059407145277,-1.5692483805412425
-4.2519028568597,161.64324312,109.08709019,61.94619147,-17.89549547,-58.60001478,39.38737347,-1.2376637583542864,24.54126659850564,-1.6301303291328235,-2.6217725277268764
-4.37481913773823,161.34039512,109.51066129,61.41346187,-18.47301766,-58.51177481,38.77532467,-1.2302710480429924,28.63648621143744,-0.9605288535039573,-3.414290284234273
-4.48533700834859,161.06363108,109.98861156,60.85623736,-19.05065716,-58.43124045,38.21292216,-1.2219292421706969,17.457734382892998,-2.732554733372074,-1.7527822749765156
-4.58315946759701,160.76054536,110.46084104,60.23200934,-19.59608357,-58.24047392,37.46969484,-1.2136872829197156,26.243189512003,-1.3101282436541162,-3.273031223942894
-4.6680630526921,160.48811797,110.99015838,59.58209217,-20.1283684,-58.0138593,36.70967213,-1.2044489525488176,26.905233039862253,-1.1849774919978966,-3.483085560694203
-4.7399032058571,160.23757283,111.56138319,58.92654858,-20.65633429,-57.77964749,35.9599095,-1.1944791988452386,19.73476248354311,-2.3109813989706933,-2.428921806886407
-4.79862097150754,159.96999276,112.14586083,58.17472416,-21.15127838,-57.44724868,35.10442129,-1.1842781396229525,22.41690070219793,-1.859511798619656,-2.9391091728878838
-4.84425124051626,159.74759428,112.7749972,57.45084664,-21.64386167,-57.10754942,34.20051258,-1.1732976385224072,21.887722108984157,-1.9195136122744523,-2.924737628241808
-4.87693257614457,159.5248145,113.43000266,56.67597351,-22.11828266,-56.72203639,33.27500085,-1.1618656366268671,17.42198131316597,-2.6076566173410067,-2.2692759588035636
-4.89691842514023,159.31956509,114.11401862,55.90209365,-22.58628462,-56.32643068,32.3636309,-1.1499273059886774,16.557025806474,-2.7177532213222633,-2.1791652038179667
-4.90458924749718,159.11464106,114.81396509,55.04703885,-23.0263631,-55.84878649,31.30950809,-1.1377109354994654,17.493040648326463,-2.5382437643531968,-2.366345483143983
-4.90046480719336,158.93622413,115.54790481,54.20928465,-23.46336119,-55.37365493,30.30982815,-1.1249012708743005,14.407069892667934,-2.999951934898015,-1.9005128722953448
-4.88521557485069,158.75336926,116.29815526,53.26699377,-23.86573133,-54.79897387,29.13395013,-1.111806930307231,13.151443376870908,-3.1671931485789293,-1.718022426271761
-4.8596719237244,158.59828504,117.06433743,52.39921968,-24.28512456,-54.28944323,28.07690556,-1.0984345287706565,11.822397840757226,-3.344533864079987,-1.5151380596444128
-4.82482957547007,158.44603565,117.85769765,51.42208207,-24.6611676,-53.6572659,26.83502984,-1.0845877807773097,7.288480993694613,-4.03241495025129,-0.7924146252187798
-4.78185040206372,158.30266746,118.6485074,50.48048076,-25.0558705,-53.09472429,25.68272349,-1.0707855468829366,8.529319334744656,-3.7954639812456508,-0.9863864208180688
-4.73206123396854,158.1697195,119.45899996,49.48446976,-25.42691969,-52.47264689,24.47158027,-1.0566397831480188,9.434382507642614,-3.6102609234091005,-1.1218003105594399
-4.67695673323371,158.04506222,120.28154677,48.46643103,-25.78652914,-51.82998339,23.21970629,-1.0422836330617424,6.909936532226713,-3.972131188052935,-0.7048255451807748
-4.61820783617686,157.92882567,121.1143573,47.42848774,-26.13522784,-51.1686707,21.94401539,-1.0277483472679636,5.646236123311166,-4.13069144752636,-0.4875163886505005
-4.55766897767926,157.81921226,121.95417716,46.37610329,-26.47382193,-50.49249288,20.65161748,-1.0130907255873256,5.4652803864641,-4.114568339194928,-0.44310063848433145
-4.49737671394776,157.71724355,122.80206519,45.31113315,-26.80208464,-49.80138374,19.34387667,-0.9982922877755772,5.999586757023945,-3.982482934112272,-0.5148937798354876
-4.43953688149875,157.62288097,123.6581213,44.23514938,-27.11892815,-49.09271436,18.01947369,-0.9833512900742624,4.8629428269886255,-4.1162026984873945,-0.3233341830113554
-4.38649965288766,157.5345943,124.52414818,43.14855602,-27.42332638,-48.36484677,16.66584188,-0.9682362696074888,5.194808457612554,-4.013288528718796,-0.37321112416886404
-4.34072233596172,157.45286999,125.38992805,42.06996624,-27.72215624,-47.63789859,15.33676338,-0.9531255602785004,2.596198206294975,-4.378158418558314,0.037436082596594034
-4.30472028642923,157.3809429,126.27599523,40.94861797,-27.99295225,-46.8439193,13.94011335,-0.9376607705936388,-3.919704067366636,-5.367468957831501,1.0627486714022707
-4.28100684505561,157.3043104,127.13660992,39.90360253,-28.28834815,-46.14767456,12.66450005,-0.9226402106621088,-0.0047822021509436,-4.688291380146272,0.4072845350906622
-4.27202387876133,157.23433226,128.00538403,38.83584167,-28.56027158,-45.39922779,11.35129307,-0.9074772419865256,5.829038418514454,-3.7005168874175984,-0.5715069913437318
-4.28006525485091,157.17055276,128.88326439,37.76288351,-28.8191581,-44.63309045,10.02602472,-0.8921553392659322,1.4158093438909614,-4.350618548382273,0.07055329353136308
-4.30719583409628,157.11350666,129.76817076,36.68683,-29.06581191,-43.85084923,8.69088111,-0.8767108095375608,-1.9439861181203,-4.830635110601044,0.5234392765047637
-4.35516837595199,157.05522812,130.63803085,35.63465439,-29.30999418,-43.08407745,7.40079652,-0.8615288869353666,1.2209415875685805,-4.2666237238090226,-0.0885446521429678
-4.42534099997548,157.00481985,131.51981927,34.57857039,-29.54141838,-42.3023559,6.09401249,-0.8461387757004081,-2.431521155378258,-4.7915550171682195,0.36621401719273994
-4.51859849956591,156.95706109,132.39979279,33.52153994,-29.76255723,-41.51255708,4.7879206,-0.8307803404460441,-7.47651404065186,-5.538373988396946,1.0197754888310353
-4.63528117860978,156.90728407,133.25753619,32.49073899,-29.9832869,-40.74434139,3.52451725,-0.8158098939787932,-6.016113279709856,-5.244869467205518,0.609588288595738
-4.77512491939002,156.86155354,134.11871746,31.45579459,-30.19383348,-39.97151806,2.25053597,-0.8007794453607868,-7.168360453260192,-5.368183308876846,0.593058389486826
-4.93721604415651,156.81407387,134.96078332,30.43473249,-30.39755087,-39.2016708,0.995026250000002,-0.7860826235851494,-7.266058748793824,-5.323202139297795,0.385986095141285
-5.11996420702174,156.77157103,135.79657045,29.42043125,-30.5953458,-38.44044117,-0.257133469999999,-0.7714953863208556,-12.258447410413709,-6.060934706106881,0.9409704990851413
-5.32109603703569,156.72826904,136.622399,28.40816043,-30.78304508,-37.67674631,-1.51178632,-0.7570819590663849,-17.1307870900983,-6.779330008115561,1.4582339710798715
-5.53766428230661,156.6802845,137.40418771,27.44018076,-30.97806641,-36.96198546,-2.70492591,-0.7434371720219657,-18.7435847653461,-6.978687904612924,1.4410236223063144
-5.76605296708663,156.63248414,138.1858625,26.45086984,-31.15126067,-36.21269653,-3.93295932,-0.7297943732566302,-23.64299450173357,-7.703171511827504,1.9371185447408745
-6.001969257368,156.57812255,138.90441214,25.53508362,-31.34677205,-35.56009555,-5.07136682,-0.7172533161996104,-20.319302920630555,-7.116113689522805,1.1141444321548057
-6.24044442714744,156.51307253,139.61386162,24.56475635,-31.52191813,-34.88115299,-6.25630773,-0.7048710868970489,-21.404562612149512,-7.234591595507554,0.9941471683601142
-6.47587142850224,156.47563842,140.28821554,23.72786559,-31.70536709,-34.25944622,-7.35664363,-0.6931013906693182,-30.79643064455406,-8.684314090526984,2.208442662024744
-6.70208711139172,156.40162872,140.91922163,22.82164294,-31.87559671,-33.63877225,-8.46252871,-0.6820882567986826,-30.409286945864977,-8.57232860051717,1.8702414891254504
-6.91249636433312,156.34846765,141.49556839,22.0693683,-32.05778131,-33.08797412,-9.47589033,-0.6720291082034814,-22.385449869073422,-7.2424139582557086,0.32991759392258846
-7.10023344406177,156.27466266,142.05034926,21.23524045,-32.22585507,-32.53900726,-10.52111373,-0.6623463553949027,-31.91570854851888,-8.722529706468537,1.622296262406767
-7.25835412286096,156.21462821,142.57466206,20.46512828,-32.39016355,-32.02003684,-11.52415651,-0.6531953707245519,-39.48202501518949,-9.890559319137921,2.632205196276961
-7.38005082594597,156.14689625,142.99861335,19.86546404,-32.57170053,-31.59592087,-12.38142698,-0.6457960248459748,-26.68923283696389,-7.809063239201935,0.42901241325596473
-7.45888172727536,156.07784828,143.42754039,19.17615562,-32.73463285,-31.1648558,-13.28418396,-0.6383098357471414,-26.14631326654182,-7.686942945433694,0.22806121815833436
-7.4890038905334,156.020386,143.7939594,18.62598317,-32.89914348,-30.78404187,-14.09958413,-0.6319146175807432,-28.200363337954613,-7.98531969020464,0.4963157996712395
-7.46540005144506,155.95112922,144.13061138,18.03921254,-33.06204279,-30.45247007,-14.86702089,-0.6260389320963851,-30.92183429663553,-8.392817704135737,0.9274176526906777
-7.3840885920472,155.89378036,144.42772927,17.52958992,-33.21743152,-30.14788501,-15.59100434,-0.6208532466493071,-34.48663438723965,-8.93843030347877,1.5543417114315696
-7.24230668096614,155.83863789,144.65651331,17.1371147,-33.37437034,-29.8971621,-16.22653914,-0.6168602118752923,-26.300534049914503,-7.609529589554539,0.3672229085883991
-7.03865743957252,155.78382672,144.86390528,16.73111304,-33.53293622,-29.70902153,-16.79437621,-0.6132405391565949,-25.120979454894552,-7.403417541393383,0.3647601018208624
-6.77321331767497,155.73944108,145.03172428,16.39506847,-33.68157571,-29.54318364,-17.31741822,-0.6103115450591909,-28.16688792289357,-7.876664070424157,1.103450752749187
-6.44756958797725,155.70149326,145.15614868,16.11512434,-33.83137861,-29.43388667,-17.77600396,-0.6081399296093722,-24.165582731690005,-7.225983414736701,0.7784138267594516
-6.06484393980095,155.6703446,145.24555087,15.88683259,-33.97642292,-29.36269779,-18.17381345,-0.606579567035379,-22.023761797530515,-6.875758000273083,0.8109140604721334
-5.62962048616093,155.64862143,145.30993349,15.71187563,-34.11684716,-29.33065075,-18.49632245,-0.6054558783353186,-23.711456786963403,-7.140358516739205,1.510738030578275
-5.14783898928326,155.63297434,145.3331906,15.56871019,-34.25442375,-29.33894677,-18.79152956,-0.60504996519132,-13.934188639807,-5.574032833867825,0.42619384458456544
-4.62663264385484,155.62549461,145.32786166,15.45975285,-34.38639856,-29.37829277,-19.04693047,-0.6051429727399612,1.407354968991914,-3.1198356400060074,-1.506797003848833
-4.07412021797763,155.64190795,145.34099331,15.31547874,-34.48125956,-29.35081148,-19.39030396,-0.6049137822112418,-13.523371295136588,-5.507643427039499,1.4335232090618684
-3.49916061941082,155.67682397,145.35385338,15.18670117,-34.58099366,-29.37846595,-19.66584931,-0.6046893316477047,-32.84181864687818,-8.597509341354721,5.098348721943902
-2.91107990209097,155.68638792,145.27131281,15.15078335,-34.70859026,-29.53041766,-19.7870142,-0.6061299363606772,6.759147066165427,-2.2683200668698484,-0.6427598352211215
-2.31938222178224,155.70983822,145.19167534,15.08043763,-34.81882802,-29.66278549,-19.95928206,-0.6075198724201359,390.3886130896073,59.10568082657361,-61.42506304835585
-1.73345717217156,155.797109,145.24035937,14.8437332,-34.85410693,-29.59206665,-20.41610412,-0.6066701758034961,55.48689496883918,5.525509362998017,-7.258966535169577
-0.0925730224758972,184.83456146,147.26625929,36.3023757,18.22466821,-4.24758273,19.33072989,-0.5713115518836065,-976.975387641228,-159.49558841545434,159.40301539297843
0.0878173866135253,184.26807778,145.52732242,36.66035723,17.38190942,-6.22737622,19.39872845,-0.6016617257494311,-671.4345528926046,-110.75768592960853,110.84550331622205
0.265485335051828,183.67008341,143.7431866,37.13775384,16.52833454,-8.22239612000001,19.55874579,-0.6328007701111998,-5.376280811919543,-4.33766952604781,4.603154861099638
0.437458428673052,183.07591189,141.96724886,37.70066417,15.66871366,-10.21629083,19.81354262,-0.6637967309846265,-3.2175040040815617,-4.137538105002803,4.574996533675855
0.601014954030209,182.47770817,140.18931009,38.37756479,14.80042321,-12.21663436,20.19380855,-0.6948276164199851,-9.51719663531918,-5.287439279051644,5.888454233081853
0.753756641728978,181.85920397,138.38874036,39.20002024,13.92414882,-14.22172435,20.70209113,-0.7262534866202301,-6.837836980829781,-4.998804071035706,5.752560712764684
0.89365152279312,181.22701409,136.58090406,40.15915757,13.04095703,-16.22518397,21.34530982,-0.7578061823923024,0.4689472807273276,-3.9664666627224854,4.8601181855156055
1.01906055830534,180.58102117,134.77105394,41.24386984,12.1515681,-18.22199788,22.11289776,-0.7893940259539167,5.318222434348474,-3.323452995065929,4.342513553371269
1.12875073707102,179.9315485,132.9751849,42.45037054,11.25722943,-20.20805415,23.00635791,-0.8207378536365468,10.57086935805085,-2.610757081816619,3.7395078188876387
1.22189259037104,179.26208854,131.18383869,43.72580814,10.36296598,-22.15990151,23.94659953,-0.8520027430441685,20.053370593165987,-1.216752669546176,2.438645259917216
1.29804120159518,178.60214768,129.43003236,45.11393244,9.46335120000001,-24.09967138,25.02637905,-0.8826124379449862,27.09153472020054,-0.20707094150514926,1.5051121431003294
1.35710107046888,177.9402488,127.71152079,46.56546759,8.56747899999999,-25.99717476,26.17086519,-0.9126061230751036,31.303956683066403,0.3569618133316226,1.0001392571372574
1.39927651474006,177.28108808,126.04010288,48.05729658,7.67555163999998,-27.84816432,27.36332221,-0.9417778687814056,36.4432933410586,1.0763272454938235,0.32294926924623657
1.42501053269929,176.62387662,124.41856135,49.55121345,6.78399646,-29.65394905,28.55922574,-0.970079107437732,42.29579422070033,1.9167361460018135,-0.4917256133025236
1.4349160844902,175.97345841,122.85897809,51.03599228,5.90188943000001,-31.39473676,29.75070673,-0.997298970283719,47.36462132225005,2.6390891699079146,-1.2041730854177146
1.4297044686272,175.33195945,121.36793896,52.51885213,5.01884994,-33.09801432,30.99852535,-1.0233225123782903,50.312641253823465,3.0294304331074624,-1.5997259644802624
1.41011578925381,174.69787824,119.94923259,53.89580822,4.16146509000001,-34.67847123,32.04664978,-1.0480836096538075,53.488006028440346,3.463248577728092,-2.053132788474282
1.37685638734445,174.07427952,118.60558677,55.2491805,3.29732426000001,-36.23698634,33.17505926,-1.0715346531934666,57.10697415772125,3.9748504495002983,-2.5979940621558484
1.33054755169107,173.46570434,117.34595079,56.52120127,2.44951411,-37.70242253,34.19602086,-1.093519448421052,59.64670398139082,4.320567850351859,-2.990020298660789
1.27168888587323,172.87120281,116.17043344,57.71165478,1.61346576,-39.09053526,35.13924726,-1.1140360965928706,59.82604703401062,4.2949493623977455,-3.0232604765245155
1.20063847804456,172.29259101,115.08441943,58.82472484,0.788651039999991,-40.40559307,36.02186321,-1.1329906167901571,60.49153933247009,4.35322367330285,-3.1525851952582897
1.11761062554442,171.7318875,114.07805811,59.86126221,-0.0302526399999863,-41.65412343,36.85088456,-1.1505549352888735,62.28000439692405,4.596416658760194,-3.4788060332157738
1.02269044816304,171.18587633,113.16947906,60.80455794,-0.832479720000009,-42.82198651,37.60851488,-1.1664126312260157,60.993347672351206,4.353186685909932,-3.3304962377468925
0.915863422012282,170.65798869,112.34252092,61.672997,-1.62902395,-43.92780859,38.31203828,-1.180845773545184,61.348361604847135,4.377162052863105,-3.4612986308508233
0.797056797997251,170.14950472,111.60400483,62.45880996,-2.41073014,-44.95164384,38.93918233,-1.193735310894639,62.28286499157187,4.498323973114769,-3.7012671751175183
0.666189117124905,169.65870557,110.95848395,63.16053911,-3.17957102,-45.90344248,39.51221111,-1.20500177564101,59.37310791317651,4.008718937176317,-3.342529820051412
0.523223639811792,169.18477701,110.39538513,63.78150211,-3.93683182999999,-46.78406285,40.01726764,-1.214829704064105,58.15352070110524,3.7931801471804807,-3.269956507368689
0.368221466856692,168.731201,109.91462983,64.34376357,-4.67736041000001,-47.57863897,40.45288929,-1.223220466945518,59.3094138674588,3.9611232551901505,-3.5929017883334584
0.201390409396709,168.29074301,109.51996056,64.80251005,-5.40580684,-48.30754473,40.82155429,-1.2301087451634605,58.01259758131172,3.7399677716101527,-3.5385773622134438
0.0231262025359184,167.86539549,109.21059362,65.15581642,-6.12347944000001,-48.97416359,41.11713233,-1.2355082168632805,52.85341652972342,2.903971217962197,-2.880845015426279
-0.165956622061685,167.45714885,108.97692369,65.45018556,-6.82289299999999,-49.55549763,41.34487119,-1.2395865265046848,53.48250998662429,2.9967818090185894,-3.162738431080274
-0.365006062742285,167.05937245,108.80938518,65.68933956,-7.50428421999999,-50.05270972,41.50566301,-1.2425106251280702,50.51853076436296,2.5169777401053137,-2.8819838028475986
-0.572927173040526,166.68571677,108.74031903,65.79010219,-8.17447917999999,-50.49185962,41.56600324,-1.2437160568472467,49.49742763082021,2.351319984683874,-2.9242471577244
-0.788389960197621,166.29470722,108.6976266,65.88336605,-8.82965016,-50.8594222,41.62202675,-1.2444611803164238,59.799223068739416,3.9982011705939904,-4.786591130791612
-1.00985009289226,165.97012779,108.78731374,65.83401501,-9.45891253000002,-51.12344191,41.48790493,-1.2428958444267266,50.79527191589106,2.5605264254898916,-3.570376518382152
-1.23558123316345,165.63717091,108.92849233,65.70484253,-10.07968761,-51.34150795,41.3239484,-1.2404318131979035,39.76378398830915,0.800171362095897,-2.035752595259347
-1.46371731788128,165.3123326,109.12534392,65.51092012,-10.68700297,-51.49619674,41.094624,-1.2369961048146174,42.841965339512896,1.2992664648758563,-2.762983782757136
-1.69230275828281,165.0033279,109.38718776,65.25251845,-11.27619251,-51.57628872,40.78874008,-1.2324260676805523,42.228993488910845,1.2100531225298026,-2.9023558808126126
-1.91934829870835,164.70888208,109.70884048,64.9390729,-11.84711248,-51.5831805,40.41163217,-1.226812168668557,39.78657449768219,0.8303110142114845,-2.7496593129198343
-2.14289017219542,164.42494419,110.0878375,64.54937575,-12.40607542,-51.53784631,39.97259408,-1.22019742281431,36.819532222580605,0.368822128228663,-2.511712300424083
-2.36105020168103,164.1513372,110.52029732,64.09275099,-12.95105252,-51.4350428,39.46523355,-1.2126495750727282,33.94862617334571,-0.07512245056621492,-2.2859277511148153
-2.57209460572924,163.8834421,110.99944762,63.55996126,-13.48781837,-51.29263242,38.89159918,-1.2042868247258096,32.661044424275865,-0.2637061148969915,-2.3083884908322485
-2.77448945551545,163.63044367,111.52626546,63.00389301,-14.00183269,-51.07218324,38.26637993,-1.195092118859565,29.826666370944555,-0.6976002006784228,-2.076889254837027
-2.96695097097737,163.38523376,112.09819174,62.37659318,-14.50747182,-50.81680478,37.58361635,-1.1851101221948817,25.897446768501364,-1.3044666810436238,-1.662484289933746
-3.14848911464312,163.14452708,112.70312781,61.7095761,-15.0008289,-50.51668592,36.85581321,-1.1745519960093072,25.05273708114153,-1.415962151942825,-1.732526962700295
-3.31844321944017,162.91213,113.3453173,60.99650962,-15.48367461,-50.17932436,36.08276592,-1.1633436749871036,23.31498430342416,-1.6682259795893315,-1.6502172398508383
-3.47650865174031,162.69011239,114.02353177,60.2387963,-15.95505902,-49.80511629,35.25937408,-1.1515065994509353,20.050499526538257,-2.16258466242858,-1.3139239893117303
-3.62275374714719,162.46984122,114.72602788,59.44880909,-16.41581435,-49.39761108,34.40838159,-1.139245729348983,20.70590382192261,-2.027966747858517,-1.5947869992886727
-3.7576264555119,162.25943217,115.45881663,58.62021489,-16.86645114,-48.96059094,33.51524243,-1.1264561529399095,20.11349544056351,-2.0908603674847224,-1.6667660880271775
-3.88195029343122,162.06414052,116.22537455,57.75924913,-17.30765696,-48.49842461,32.58509348,-1.1130771933286705,15.287965491421753,-2.8286545045328877,-1.0532957888983323
-3.99690933383493,161.87196115,117.00934333,56.86875237,-17.74121055,-48.0171613,31.62828246,-1.0993943568848277,13.216236980027052,-3.124085061251517,-0.8728242725834128
-4.10402207279313,161.68069642,117.81231481,55.92735311,-18.15977892,-47.49585376,30.62866617,-1.085379860759215,13.238114682194713,-3.082648240032021,-1.021373832761109
-4.20510411298739,161.50417114,118.63559349,54.97418794,-18.57672914,-46.97716808,29.61019363,-1.071010937131743,9.477630021177408,-3.644369532986328,-0.5607345800010615
-4.30221970173994,161.33889498,119.47510388,54.01044248,-18.98809244,-46.4505233,28.57600922,-1.056358716721541,3.690685453570097,-4.528439465425383,0.22621976368544328
-4.39762227249963,161.17072279,120.31614647,53.0163868,-19.39722113,-45.92493194,27.52335513,-1.04167975437654,2.8856662987220005,-4.614223007104355,0.21660073460472518
-4.49368458424998,161.00177242,121.15903902,51.99608017,-19.80395228,-45.40205803,26.45413094,-1.0269685041385097,7.782636064814774,-3.786496390552422,-0.7071881936975579
-4.59282299652041,160.84037856,122.0132331,50.94443641,-20.20040067,-44.85941466,25.35060606,-1.0120600049914654,8.1746282881634,-3.6778624885698177,-0.9149605079505925
-4.69742682441311,160.68880224,122.88756538,49.83831033,-20.57756227,-44.27171906,24.18058492,-0.9968000279489966,-1.5499221889403447,-5.1856453863323315,0.4882185619192212
-4.80980012234984,160.5396952,123.7571569,48.73060905,-20.96099256,-43.71580636,23.02496544,-0.9816227927775744,-2.859714998073581,-5.346187626977117,0.5363875046272772
-4.93211081995651,160.38692243,124.60721134,47.64726557,-21.35804252,-43.21493404,21.90484016,-0.9667865439783776,1.608963186876533,-4.582187456691915,-0.34992336326459483
-5.06633924697891,160.24574445,125.48469574,46.48037953,-21.72049295,-42.62545423,20.68340824,-0.9514715520634908,-2.910765878698651,-5.253633672823051,0.1872944258441409
-5.21422423118552,160.10112081,126.33607598,45.35860285,-22.10647815,-42.12291525,19.5245201,-0.9366121636890712,-1.5307706910605567,-4.9815888544002265,-0.23263537678529378
-5.3772081191742,159.96071838,127.19555712,44.18960731,-22.47313585,-41.58027986,18.31000152,-0.9216113879372768,0.65874136491062,-4.578472953787365,-0.7987351653868346
-5.55638227278322,159.8279179,128.05616995,43.01029751,-22.8330786,-41.03687116,17.08388672,-0.9065908604688708,-4.489517416222943,-5.348274834997846,-0.20810743778537422
-5.75243474611479,159.69558068,128.91019281,41.8177452,-23.18806594,-40.49946748,15.84855708,-0.8916853496745719,-2.9663476340580086,-5.050028387398055,-0.7024063587167353
-5.96560198992483,159.56322868,129.75054088,40.62226497,-23.53813826,-39.96817875,14.61393057,-0.8770185089902925,1.7422086032947703,-4.242001101880199,-1.723600888044631
-6.1956266549424,159.44516571,130.60783258,39.40438931,-23.87525955,-39.42653157,13.35108828,-0.8620559461752728,-1.224311818358581,-4.65988203014662,-1.5357446247957798
-6.44172364024533,159.33077347,131.45489393,38.18405747,-24.20589079,-38.8904851,12.09253432,-0.8472719366513849,-4.033201083288862,-5.052237732454151,-1.3894859077911788
-6.70255601732545,159.2204661,132.29845756,36.95037675,-24.52593636,-38.35160422,10.82385584,-0.8325489738578096,-4.686039744667969,-5.098903729524761,-1.6036522878006894
-6.97622179235311,159.11714681,133.13613844,35.7155811,-24.83764338,-37.81751405,9.55645575,-0.8179286844208061,-8.248703552278247,-5.610611829664094,-1.3656099626890157
-7.26025239720648,159.01802353,133.96223351,34.48384019,-25.14083986,-37.28925449,8.29395977,-0.8035106055148131,-6.535214341825135,-5.278043758285415,-1.9822086389210645
-7.55162397643482,158.91834059,134.77012136,33.25303509,-25.43426553,-36.7639162,7.03945363,-0.7894103025454552,0.2660667178211451,-4.131865312814247,-3.4197586636205735
-7.84678240747144,158.83523376,135.58856544,32.01816309,-25.71029274,-36.22497162,5.77596231,-0.7751257586059992,9.229325519156673,-2.6381666936458696,-5.20861571382557
-8.14168266154504,158.76595561,136.40562873,30.78553405,-25.97320296,-35.68372452,4.50768638,-0.7608653139983221,-5.457696930861733,-4.927776088340577,-3.213906573204463
-8.43184274566323,158.72628254,137.26777751,29.51319431,-26.19415323,-35.06272005,3.18992205,-0.7458179791452696,-24.973623051474103,-7.985788164722113,-0.4460545809411176
-8.71241206815381,158.65014277,138.0098658,28.36031011,-26.45611756,-34.59368998,2.00431876,-0.7328660951442753,-6.070024754976089,-4.904939447640125,-3.8074726205136855
-8.97825075560469,158.6135562,138.80390126,27.17318516,-26.67453583,-34.04297391,0.765872470000001,-0.7190075619896874,5.704369550039168,-2.9600936455017672,-6.018157110102924
-9.22400707241213,158.58236792,139.57932419,26.01566758,-26.87871072,-33.49393815,-0.44853531,-0.705473878765726,-12.031188088512668,-5.737550743781449,-3.4864563286306813
-9.44417797339466,158.58343733,140.37270864,24.87029926,-27.06215194,-32.93129024,-1.67600851,-0.6916267078791013,-19.73447450421828,-6.907726597557719,-2.5364513758369416
-9.63315738333884,158.55063398,141.07984895,23.80585857,-27.2414709,-32.40070623,-2.80630317,-0.679284781196028,-15.636301794196283,-6.195840251299616,-3.437317132039224
-9.78529551386772,158.54289831,141.82844581,22.67167051,-27.38376596,-31.81558095,-4.01606215,-0.666219301218937,-22.754079115062662,-7.274599453299693,-2.5106960605680264
-9.89498599883259,158.5563156,142.4907843,21.78771504,-27.5515401,-31.35049924,-5.00461054,-0.6546593138057496,-12.16922966971179,-5.527344228868531,-4.3676417699640595
-9.95678234409208,158.57101216,143.15381171,20.86320817,-27.68472176,-30.83916901,-6.03920243,-0.643087302470279,-19.626316450472856,-6.666263785128071,-3.290518558964009
-9.96553909958725,158.61081211,143.8319951,19.95530754,-27.78901936,-30.30350215,-7.04061086,-0.6312507693824424,-40.8984312616778,-10.013860124980827,0.04832102539357663
-9.91657194827456,158.61613767,144.3667271,19.22379929,-27.92253868,-29.89658326,-7.91383974,-0.6219179353666683,-30.48746547903658,-8.303653412951702,-1.6129185353228586
-9.80582982420913,158.64222754,144.93887515,18.44299669,-28.01270975,-29.42810335,-8.80115619,-0.611932068085303,-34.23390896622691,-8.855191467919797,-0.9506383562893337
-9.630071274816,158.67674927,145.40496218,17.89177865,-28.1282616,-29.08726093,-9.49424013,-0.6037973148109612,-30.4640850483906,-8.212755637634245,-1.4173156371817548
-9.3870366244204,158.70779688,145.84960935,17.344484,-28.21521156,-28.72245063,-10.17827999,-0.5960367576847863,-26.07172138497593,-7.472313631080054,-1.9147229933403462
-9.07560713658965,158.75730912,146.26865091,16.87199025,-28.29781135,-28.40688445,-10.77620665,-0.5887231027600932,-40.8867881702335,-9.807047424648957,0.7314402880593072
-8.69594237076104,158.78636671,146.61096359,16.4599042,-28.38071923,-28.15091989,-11.28711866,-0.5827486194227671,-47.90334163048637,-10.900422030620792,2.204479659859752
-8.2495873267765,158.82539461,146.8980756,16.16429803,-28.46132318,-27.94313932,-11.7144041,-0.5777375695262486,-48.26363169329939,-10.93342604282971,2.683838716053211
-7.73954178299507,158.84516033,147.0978519,15.96401521,-28.54092434,-27.78555385,-12.07114436,-0.5742508153237966,-30.15844997108829,-8.019402852648799,0.27986106965372937
-7.17028544543412,158.85289379,147.25097005,15.79346145,-28.61775253,-27.6846227,-12.32198404,-0.5715783994617338,-22.25344363643744,-6.741397146128756,-0.4288882993053633
-6.54775410487379,158.91182212,147.41194502,15.6791645,-28.68173886,-27.59130624,-12.59346336,-0.568768856221935,-33.31408030785465,-8.497192265896707,1.9494381610229174
-5.87926390112833,158.92396888,147.47636166,15.63820428,-28.74956091,-27.5703675,-12.7082636,-0.5676445737608629,-25.26204918233965,-7.203295274852772,1.3240313737244422
-5.17338295905047,158.97148944,147.53516252,15.63408971,-28.79976106,-27.53682057,-12.88477732,-0.5666183051508588,-16.884994116870278,-5.857876727094988,0.6844937680445176
-4.43975201408338,159.00392409,147.55701239,15.658623,-28.84749882,-27.54779533,-12.96029435,-0.5662369529782258,-14.353771027976192,-5.450988884907277,1.0112368708238968
-3.68885809622756,159.04819531,147.56163613,15.70894178,-28.88829543,-27.57787812,-13.00929095,-0.5661562534914696,-777.3361734232275,-127.52777280419012,123.83891470796256
-2.9317677830921,159.10168007,147.55542207,15.77001709,-28.91634832,-27.60639291,-13.06018817,-0.5662647092983865,-1062.9121833676124,-173.22047259274805,170.28870480965594
-0.732119024556465,174.83527959,143.13430154,49.43816341,3.26000354999999,-9.46165227,20.56138033,-0.6434278191744032,189.2004575576977,26.744417973073638,-27.476536997630102
-0.606981985912165,174.36254896,141.46379354,50.46537737,2.54392505000001,-11.42695396,21.47556435,-0.6725836839553083,473.8828205278223,72.15795801415321,-72.76494000006538
-0.456461227605551,173.88938408,139.79100572,51.48448728,1.81039079000001,-13.43658083,22.41131327,-0.701779339101567,-8.861839463828414,-5.213890486483918,4.757429258878367
-0.281259899802298,173.39495489,138.08731357,52.46977351,1.07987739000001,-15.40971305,23.26340333,-0.731514376559448,-0.5857813661836353,-4.021549404495961,3.7402895046936635
-0.0825493133575733,172.9062477,136.3969353,53.44782416,0.3379707,-17.40943675,24.14878176,-0.7610170429751136,2.327813691227476,-3.682740484362772,3.6001911710051986
0.138048975913404,172.40901398,134.70747732,54.41331832,-0.41582249999999,-19.43062767,25.0361694,-0.790503647300206,4.3166914230274855,-3.4882904842712126,3.6263394601846164
0.378494958270414,171.90311923,133.01620227,55.35808789,-1.15294339000002,-21.37308407,25.82173086,-0.8200219654795375,8.960089283409634,-2.8656113060693675,3.2441062643397816
0.636374957725699,171.40056522,131.35237389,56.28580306,-1.90829303999999,-23.36081335,26.68597856,-0.8490612488986612,13.73902766817814,-2.2156393971282133,2.852014354853912
0.908953492908838,170.87698011,129.68680677,57.1887419,-2.64608691999999,-25.26501634,27.44919715,-0.8781308790556205,21.09602505231729,-1.1495701214199783,2.0585236143288164
1.1932183713226,170.38064373,128.07598929,58.10382961,-3.39413586999999,-27.19013503,28.29285691,-0.9062449477302986,21.83433423249559,-1.1352044884719277,2.328422859794528
1.48591213647735,169.86755329,126.47828259,58.9958976,-4.13280512,-29.05700259,29.08703562,-0.9341301901264716,25.577901417073168,-0.6355394895827366,2.121451626060087
1.78356145625399,169.35654315,124.92470621,59.85042281,-4.83938873,-30.79146245,29.75041782,-0.9612452131386864,28.624808213414443,-0.24107260116147256,2.0246340574154624
2.08251791114227,168.8579327,123.41630899,60.72638749,-5.57423700000001,-32.59501684,30.56187761,-0.9875717110556156,28.758818084041504,-0.3065729952812539,2.3890909064235237
2.37901196883252,168.34656923,121.9374312,61.57349552,-6.29156803000001,-34.3118748,31.312008,-1.013382997725733,37.77471427028552,1.054031763052694,1.3249802057798261
2.66921643192054,167.84687677,120.51911128,62.39655908,-6.99967236000001,-35.96827217,32.0326426,-1.0381373501763551,42.15265802341212,1.6790415381723784,0.9901748937481614
2.94931549073117,167.35634653,119.16658936,63.15771193,-7.68523984000001,-37.51299626,32.63218393,-1.0617433108857508,40.02364955129733,1.2693302236861035,1.6799852670450663
3.21557562056708,166.875129,117.86343051,63.93752909,-8.38284129000002,-39.06850504,33.34022803,-1.084487723494754,47.54403418803621,2.4087485032417186,0.8068271173253612
3.46441489314703,166.39953601,116.62506614,64.67736452,-9.07400809000001,-40.56772565,34.0082005,-1.106101259090639,45.645981645170416,2.04688247888355,1.4175324142634804
3.69246777576344,165.96473967,115.48015699,65.36045479,-9.75746218,-41.9993015,34.59537487,-1.1260836933943488,42.48872117088798,1.4901175425646347,2.202350233198805
3.89664311045122,165.4729607,114.34507513,65.9944571,-10.42932922,-43.36032454,35.19188772,-1.14589460913101,53.40406441806999,3.1875043027581818,0.709138807693038
4.07417363764994,165.05693697,113.34032591,66.5728052,-11.10062034,-44.67187604,35.69576961,-1.1634307911768549,49.48091332543258,2.518119696879044,1.5560539407708962
4.22265609644499,164.61487291,112.37106687,67.10212267,-11.76540786,-45.9259061,36.18802293,-1.180347552729574,46.27620258477183,1.9667309271770463,2.255925169267944
4.34008154705526,164.18587724,111.48399958,67.55745731,-12.41988507,-47.10624631,36.62171348,-1.1958297976268175,54.60482650883058,3.265315342089286,1.0747662049659743
4.42485608224806,163.74890311,110.66220172,67.93162837,-13.05579783,-48.18917801,36.99848287,-1.210172876069661,57.83221954845041,3.7513742726212786,0.6734818096267814
4.47581249792712,163.35659858,109.94053586,68.26420944,-13.70338919,-49.26091228,37.33503629,-1.2227683214258975,53.47951500163095,3.029245578409567,1.4465669195175535
4.4922137711819,162.96230771,109.28469078,68.52789415,-14.3391864,-50.25716235,37.62681932,-1.234214977454903,51.89199842059677,2.752651074233807,1.7395626969480933
4.47374935271182,162.57008004,108.70348719,68.70307127,-14.95646374,-51.15679346,37.84306652,-1.2443588937248142,55.4230316261739,3.298203376451644,1.1755459762601763
4.42052533211188,162.19828597,108.20449909,68.83447446,-15.58069486,-52.03285593,38.04109373,-1.2530678789980851,55.51068729720443,3.2960185333156513,1.1245067987962285
4.3330494939514,161.83557254,107.7839891,68.88433018,-16.19209093,-52.83079411,38.16913932,-1.2604071628611135,54.83679123839513,3.174863692008171,1.1581858019432287
4.21221216966571,161.48381388,107.44236021,68.86958824,-16.79355186,-53.55949834,38.24909885,-1.266369711811547,59.09837912627891,3.8461090615251807,0.36610310814052927
4.05926362960636,161.14348073,107.17868268,68.78579453,-17.38638962,-54.22368638,38.27540102,-1.2709717528735731,54.40996573383483,3.0879112171200225,0.9713524124863371
3.87578857627561,160.83431927,107.0188301,68.62340913,-17.97087579,-54.8299809,38.26499703,-1.2737617067123808,53.45468245703256,2.930242524194001,0.945546052081609
3.66367811676864,160.49962071,106.8851224,68.4209061,-18.54870456,-55.37404604,38.19627769,-1.2760953463126496,62.56247197372389,4.383487981561691,-0.7198098647930511
3.42509943055859,160.23378408,106.90157276,68.12597017,-19.10454045,-55.82140826,38.04092713,-1.2758082333675114,52.89582279455862,2.837314695795599,0.587784734762991
3.16246322572819,159.94799395,106.95001868,67.77284981,-19.65689854,-56.22294461,37.85267475,-1.2749626925543536,48.39660309302607,2.118886992435101,1.0435762332930891
2.87838900496196,159.68688321,107.08738616,67.35611247,-20.1967401,-56.55634669,37.60584461,-1.272565177743186,51.69983068864292,2.6515294842034294,0.22685952075853066
2.5756681474726,159.43660068,107.29220707,66.88140214,-20.72543875,-56.82755534,37.30716493,-1.2689903784867549,51.94083098774005,2.69630168266659,-0.12063353519398978
2.25722485338599,159.20256547,107.56941777,66.34871514,-21.24165747,-57.03360752,36.95244677,-1.2641521390499966,44.97521845236996,1.5903256325604236,0.6668992208255666
1.92607508737133,158.99856435,107.9319945,65.76341433,-21.74400018,-57.17348889,36.53617902,-1.2578239813203822,43.29305790199855,1.3325242310235543,0.5935508563477756
1.58528379060267,158.76246943,108.3091384,65.11196075,-22.23169991,-57.24459914,36.07437302,-1.25124157851157,54.95971303228541,3.21122681968159,-1.62594302907892
1.23792079518105,158.6096237,108.81983288,64.42502998,-22.70811286,-57.26254353,35.54071988,-1.2423282783638097,39.96339031354212,0.8285010597093816,0.40941973547166843
0.887016061868773,158.44285828,109.36375499,63.68164761,-23.16669721,-57.20704666,34.9444897,-1.232835046669915,31.18324971199904,-0.5580636905572023,1.4450797524259753
0.535515056888023,158.26968815,109.93664462,62.88613116,-23.61239731,-57.09692211,34.30335282,-1.222836236375883,38.173001896251165,0.5800673015364826,-0.04455224464845953
0.186235271023271,158.13972661,110.59703844,62.06093453,-24.0405537,-56.9210427,33.58502329,-1.21131018985706,32.24439942523416,-0.3450330903957166,0.5312683614189876
-0.158174951661524,157.99566178,111.27217155,61.18527354,-24.45749659,-56.70015001,32.82558679,-1.199526894198331,28.235369406757197,-0.9617220777995694,0.8035471261380454
-0.495273982200603,157.88238161,112.01506869,60.27578807,-24.85206187,-56.4041383,31.98921821,-1.1865608931016816,22.3454608852558,-1.875987831896317,1.380713849695714
-0.822859503239544,157.75484324,112.76947523,59.31827763,-25.22592041,-56.03420995,31.06647158,-1.1733940150801034,21.059018836186997,-2.0523254855695083,1.2294659823299643
-1.13899474825862,157.64577389,113.561129,58.34996215,-25.59935656,-55.66961844,30.15858448,-1.1595770502577776,21.444237436714086,-1.9587306723225115,0.8197359240638915
-1.44202704615595,157.54825172,114.3874382,57.34889282,-25.95881883,-55.26175281,29.20418299,-1.1451552340782571,14.744180237693527,-2.996283516202506,1.5542564700465562
-1.73059744960987,157.44855853,115.23005574,56.30485817,-26.29488925,-54.78575889,28.19506423,-1.1304487836702022,10.740010961183266,-3.600667274558067,1.870069824948197
-2.00364041222673,157.35585304,116.0898791,55.25506458,-26.62042081,-54.27401582,27.0965564,-1.1154420350526415,11.093989913422142,-3.5058206246017707,1.5021802123750407
-2.26037274015643,157.26542002,116.96051821,54.19164868,-26.93791679,-53.75709331,26.04713889,-1.1002465159865085,8.476744781682477,-3.8846774467872036,1.6243047066307734
-2.50027312622,157.1900044,117.85588388,53.1169918,-27.24148617,-53.19912722,24.9218154,-1.0846194370356836,5.504250098007368,-4.317978869371333,1.817705743151333
-2.72305876348149,157.10655672,118.73954885,52.02710427,-27.5424539,-52.65129843,23.83344985,-1.0691965738246465,4.2666179267891735,-4.473010255471245,1.7499514919897554
-2.92866695365113,157.04668994,119.65342569,50.93966681,-27.8315984,-52.07472728,22.69442374,-1.053246414008925,0.1977178789780431,-5.0782849029899015,2.1496179493387717
-3.11724212220039,156.97084724,120.54302541,49.83881035,-28.11500413,-51.49958049,21.57885132,-1.0377199698701056,-0.8675298673344045,-5.202941779182288,2.0856996569818977
-3.28912211805953,156.91684606,121.45210034,48.7481887,-28.39455539,-50.92813711,20.46671753,-1.0218536191942686,-2.829176972150016,-5.468759186219905,2.1796370681603747
-3.44481953332378,156.85187097,122.34153139,47.64982764,-28.66661123,-50.34873166,19.34389858,-1.0063301189022982,-4.593029403502369,-5.702745475785146,2.2579259424613656
-3.58499775243696,156.79833209,123.234565,46.55802412,-28.93193475,-49.76685306,18.21870295,-0.9907437420768272,-3.596037993567336,-5.493597005688924,1.9085992532519644
-3.71044282417048,156.74190799,124.11372125,45.46539266,-29.19216563,-49.18698039,17.09202858,-0.975399570874841,-5.387361907335242,-5.730183070337348,2.019740246166868
-3.82203247721915,156.70014059,124.99642588,44.38499306,-29.44747143,-48.61214884,15.96997586,-0.9599934687587426,-9.753025523849823,-6.377308480034423,2.555276002815273
-3.92070373803691,156.64974519,125.8550438,43.30549987,-29.69880312,-48.04420381,14.84858286,-0.9450077590381172,-16.72604872722472,-7.441916490316615,3.521212752279705
-4.00742066499024,156.60225975,126.70240604,42.22740982,-29.94396371,-47.4772788,13.72615187,-0.9302184979930428,-14.916706034253655,-7.10096618344478,3.0935455184545395
-4.08314378647743,156.52148061,127.50053315,41.12581783,-30.18733087,-46.92372271,12.58882104,-0.916288552074116,5.485534932435643,-3.7871987433153302,-0.29594504316209935
-4.14880283748392,156.47316487,128.32291977,40.03174657,-30.41983432,-46.36088415,11.45037918,-0.9019351978307686,2.7056774742828527,-4.180118480651046,0.031315643167125984
-4.20527390592959,156.47276528,129.1774523,38.98308281,-30.63721348,-45.77805732,10.34409242,-0.8870207916168713,-23.987482353500237,-8.39613291147337,4.190859005543779
-4.25336135480343,156.42185786,129.95893589,37.9132773,-30.86021653,-45.23065414,9.21841249000001,-0.873381329921066,-21.38724545531545,-7.92900828910239,3.6756469342989595
-4.29378462138588,156.37950128,130.7169333,36.89051075,-31.0917636,-44.73229068,8.12821066,-0.8601517793949766,-4.343243116942119,-5.1516153934023805,0.8578307720165004
-4.32717004406878,156.33565715,131.47241212,35.83218065,-31.30212598,-44.19441649,6.9994286,-0.8469661865568949,-5.812328636245479,-5.335707730027197,1.0085376859584168
-4.35404772582067,156.29674148,132.23152935,34.75131274,-31.4902224,-43.61557529,5.84121574,-0.833717091484776,-14.107625498231968,-6.610976952831901,2.2569292270112316
-4.37485319274823,156.26160103,132.95258616,33.72448562,-31.69750953,-43.11799667,4.72415946,-0.8211322760563484,-7.340282365896344,-5.478121981415023,1.1032687886667931
-4.38993340091301,156.20905306,133.66529466,32.63520997,-31.8733227,-42.55096534,3.53098747000001,-0.8086931661243987,-2.763545610962037,-4.695674015663819,0.3057406147508086
-4.39955648100485,156.20448988,134.39070348,31.63329229,-32.05249137,-42.02658134,2.42189937,-0.7960323937923915,-12.805672708099404,-6.250674454138849,1.8511179731339995
-4.40392447831684,156.17449583,135.08322602,30.59947492,-32.21413267,-41.4748258,1.2722195,-0.7839455953251175,-10.16802642273329,-5.778628246851853,1.3747037685350127
-4.40318823505824,156.13608539,135.7554497,29.55186489,-32.36393373,-40.91356423,0.0825145799999945,-0.7722130787992446,-6.509690646848698,-5.144157777299645,0.7409695422414053
-4.39746123470095,156.14462957,136.44289888,28.57857232,-32.51217549,-40.38217003,-1.02995389,-0.7602148271681097,-12.803323494925412,-6.100305364025159,1.702844129324209
-4.38682352979107,156.11458055,137.08289814,27.57340411,-32.6430175,-39.82371553,-2.19569618,-0.7490447328707825,-8.126572392533893,-5.304175788678267,0.9173522588871963
-4.37130752369579,156.111547,137.7292141,26.59815899,-32.76480998,-39.27096069,-3.34216348,-0.7377643913605945,-13.453097358142596,-6.107591148870064,1.7362836251742744
-4.35086975547441,156.13852127,138.36378475,25.70687596,-32.89049666,-38.76364697,-4.40465331,-0.7266890441815739,-18.699482040478443,-6.898581745526278,2.5477119900518685
-4.32536116672019,156.12246332,138.93844875,24.80082466,-33.00360723,-38.24482348,-5.50185915,-0.7166592652888935,-13.006973748032058,-5.94350795175434,1.61814678503415
-4.29450336637091,156.15083349,139.53753122,23.9346087,-33.10459967,-37.72799714,-6.55519041,-0.706203303696413,-16.69285780083518,-6.486682131833194,2.192178765462284
-4.25787152807093,156.15737098,140.07315893,23.10403752,-33.21155363,-37.25360744,-7.60365736,-0.6968548365919957,-18.44404612313277,-6.72488401292329,2.4670124848523605
-4.21488276748765,156.20278812,140.61563466,22.3433257,-33.3119081,-36.79786006,-8.58075842,-0.6873868489913357,-21.13420063905025,-7.112447520175824,2.897564752688174
-4.16478912002837,156.22442006,141.10219251,21.60708718,-33.4116011,-36.36865845,-9.53686566,-0.6788948125074111,-22.810683633368576,-7.341957047357859,3.1771679273294886
-4.10667461283787,156.2510354,141.57264805,20.89598296,-33.5001062,-35.94014467,-10.47103795,-0.6706838143501634,-19.87017559888393,-6.833776458048504,2.727101845210634
-4.03945638389441,156.28901961,142.0005305,20.26861881,-33.60053444,-35.57583764,-11.33764405,-0.6632158567861635,-10.14119896679655,-5.242638407971943,1.2031820240775328
-3.96189032315833,156.32365343,142.41581372,19.63420139,-33.68314228,-35.19274675,-12.21993032,-0.6559677972688795,-11.797945777934917,-5.474038953661517,1.5121486305031873
-3.8725822605076,156.39381816,142.8407637,19.07279108,-33.75425884,-34.81271497,-13.03405736,-0.6485510209615954,-22.443520463953924,-7.142672975358693,3.2700907148510927
-3.77000625488728,156.45144564,143.19138214,18.5927606,-33.84708882,-34.52050975,-13.78298909,-0.6424315747653891,-14.701995629674558,-5.875286195795125,2.105279940907845
-3.65253199364909,156.51087838,143.552405,18.09771865,-33.90839344,-34.17126404,-14.53262885,-0.6361305371834228,-8.9310592219638,-4.9222027911400135,1.2696707974909236
-3.51846363384489,156.57396279,143.88271433,17.6431897,-33.97887082,-33.88068158,-15.23932098,-0.6303655518248662,-14.335867440503636,-5.759646546156688,2.241182912311798
-3.36609255448245,156.65714592,144.2128751,17.2477592,-34.03623173,-33.58271154,-15.89928846,-0.6246031593274466,-15.915776131323334,-5.9850035549315095,2.6189110004490597
-3.19376638984824,156.74729249,144.49190805,16.97495075,-34.1056348,-33.34194902,-16.45212013,-0.6197331156283936,-4.008752511128755,-4.056609820811644,0.8628434309634043
-2.99997633389287,156.82189818,144.78215452,16.6277535,-34.14104313,-33.04217604,-17.05946761,-0.6146673590846027,-1.2891891973199066,-3.5971886444176144,0.5972123105247444
-2.78346401522382,156.9424365,145.07813331,16.38434749,-34.1830954,-32.78133457,-17.58295093,-0.6095015546830339,-5.690993346645357,-4.2766169101799525,1.4931528949561326
-2.54334823540075,157.02827108,145.34404743,16.11982495,-34.20343023,-32.49584238,-18.10613766,-0.6048604777614908,-4.778844136980043,-4.108261264647311,1.564913029246561
-2.27927054986895,157.16168526,145.63175158,15.91466507,-34.22195048,-32.2236582,-18.58772088,-0.5998390930723387,-5.8483138347686925,-4.255047037106442,1.9757764872374919
-1.9915570665318,157.27244285,145.87855958,15.75402506,-34.23753557,-31.97182122,-19.01548008,-0.5955314808520769,0.0529899414170031,-3.2899006732303104,1.2983436066985103
-1.68139196425293,157.39450274,146.15186148,15.57350048,-34.2265686,-31.67153098,-19.45790218,-0.5907614628451204,3.5697166831194505,-2.703967651714279,1.022575687461349
-1.35099612945309,157.5135867,146.41337534,15.43241753,-34.21580479,-31.40412248,-19.8161719,-0.5861971849485212,-3.8341899153238046,-3.866269298772535,2.5152731693194452
-1.00380202325986,157.67343729,146.69242435,15.33140496,-34.19746641,-31.12508152,-20.16899959,-0.5813268609495902,-2.279782230213412,-3.593669100059238,2.5898670767993783
-0.64461347877698,157.78583116,146.92622281,15.22484867,-34.16823776,-30.84887929,-20.50130184,-0.577246308036498,3.6866921402389785,-2.6189540460528415,1.9743405672758616
-0.279736647450782,157.95423961,147.21992503,15.10748001,-34.1228888,-30.53826669,-20.86340163,-0.5721202372770813,-4.045859956354203,-3.8308628750745863,3.5511262276238043
0.0829341594685509,158.09570106,147.46019347,15.05561559,-34.07944157,-30.25862482,-21.1444351,-0.5679267619104509,-2.560811655708539,-3.5724961877914074,3.6554303472599585
0.433894357394379,158.23846944,147.72424464,14.95328521,-34.01471898,-29.94039784,-21.4554252,-0.5633181996002078,8.97125240931107,-1.7044880391218407,2.13838239651622
0.762091478293732,158.37938804,147.97949176,14.86879928,-33.95179951,-29.65265505,-21.70853198,-0.5588632969499746,3.2408355655155763,-2.599176241148575,3.361267719442307
1.05509465074301,158.5590816,148.27996574,14.74927383,-33.86155006,-29.28963895,-22.05915001,-0.5536190366824032,-2.1228666584804934,-3.4311810720741054,4.4862757228171155
1.29939508675003,158.69103449,148.51735867,14.65631424,-33.78562371,-28.99951241,-22.30411459,-0.5494757484329468,4.748447482736395,-2.311020895226693,3.6104159819767228
1.48086213897936,158.8773277,148.82352371,14.52013363,-33.67092324,-28.58953649,-22.70239806,-0.5441321604304467,-6.402050955882643,-4.068261751545795,5.549123890525155
1.58537923506832,159.01946325,149.08243218,14.35171649,-33.56224517,-28.22407571,-23.05835428,-0.5396133551676453,4.697836425077151,-2.269515600646711,3.854894835715031
1.59968268381835,159.15774824,149.33040063,14.16444611,-33.46431706,-27.90411629,-23.38385824,-0.5352854892740784,9.446449714085592,-1.4878773485011514,3.0875600323195016
1.51242364869254,159.34912346,149.67442231,13.901055,-33.31604261,-27.43006971,-23.8851132,-0.5292811782598361,-9.125700085479416,-4.4290004899720925,5.941424138664632
1.31546888583498,159.46507777,149.89140172,13.62595123,-33.21143789,-27.09898143,-24.30150669,-0.5254941731463015,-7.616739028749597,-4.168324756870436,5.4837936427054155
1.00544861838051,159.63723775,150.21412603,13.25016405,-33.05901684,-26.61916064,-24.90241933,-0.5198615713605749,-5.076206353616941,-3.7331418286625855,4.738590447043095
0.585549689922613,159.73910368,150.40876211,12.87622341,-32.95890469,-26.30020618,-25.39662015,-0.5164645309213997,5.714944499974894,-1.9892051589438557,2.5747548488664687
0.067538239593861,159.89072756,150.72474523,12.36216108,-32.80393529,-25.80794675,-26.10681695,-0.5109495850966753,-21.12801170151779,-6.25583581065285,6.323374050246711
-0.52602219867139,159.99947937,150.95886672,11.82663723,-32.68078702,-25.40605208,-26.78801343,-0.5068633942465003,-27.405952294295982,-7.239324246826524,6.713302048155135
-1.1594148128134,160.07511031,151.11430984,11.27301997,-32.58678835,-25.07802153,-27.47936624,-0.5041504000029275,-1.795722143489442,-3.1277302022789124,1.9683153894655123
-1.78299407205101,160.16803149,151.35194679,10.57650052,-32.46706089,-24.66323564,-28.27906223,-0.5000028528010305,-20.751776310652392,-6.139321097668034,4.356327025617024
-2.33922874972175,160.22380967,151.49358572,9.89324095,-32.38284051,-24.33942749,-29.06964662,-0.4975307871235287,-40.363882290348485,-9.264493156201652,6.9252644064799025
-2.77806776204727,160.27689686,151.62612794,9.16695923,-32.29893472,-24.00185507,-29.90297302,-0.495217488986626,-30.639967113097462,-7.696706116496458,4.918638354449188
-3.07269472299006,160.28429656,151.64159359,8.50542151,-32.2552133,-23.77506288,-30.69488176,-0.4949475624731647,-16.920511567155017,-5.500196633286838,2.427501910296778
-3.22331007535673,160.31885332,151.72475501,7.7521333,-32.20077212,-23.50596297,-31.48996484,-0.4934961218835312,-34.15698881543416,-8.25051977403946,5.02720969868273
-3.24898420215528,160.31738005,151.69265407,7.10297257,-32.17839837,-23.32587025,-32.22035659,-0.4940563889795162,-40.811362021281326,-9.318120342820922,6.069136140665642
-3.17716127649285,160.31338754,151.62767695,6.48723208,-32.17671539,-23.20041566,-32.9048607,-0.4951904536619798,-30.947434786099404,-7.745761072972791,4.568599796479941
-3.03588318208352,160.30092358,151.50988267,5.94723409,-32.1916845,-23.12154716,-33.51099844,-0.4972463516879959,-28.18108268570152,-7.313775390947423,4.277892208863903
-2.8482257127151,160.28791692,151.35328315,5.48180759,-32.22294554,-23.08836427,-34.03959504,-0.4999795289190384,-21.25790783110093,-6.220181784803785,3.3719560720886848
-2.62932308832816,160.27831109,151.16564556,5.09848139,-32.26415929,-23.08403554,-34.48580643,-0.5032544226650457,-15.022844742056396,-5.239455792112535,2.610132703784375
-2.38675017090164,160.27645451,150.95709051,4.79529091,-32.31427386,-23.10625599,-34.84927347,-0.5068943949592071,-7.937614321072983,-4.124549535599594,1.737799364697954
-2.12315039952056,160.28558884,150.73533389,4.58371309,-32.3678302,-23.14183689,-35.12286,-0.5107647781163012,2.540602488300125,-2.46790961440448,0.3447592148839198
-1.83943533595134,160.30857485,150.51541869,4.44428688,-32.42000768,-23.17657011,-35.3150748,-0.514603022431483,2.416059283537608,-2.507503737089232,0.6680684011378921
-1.53740671809938,160.35440917,150.3195788,4.34108379,-32.46197915,-23.17906458,-35.47081243,-0.5180210733187266,13.250778791249472,-0.7914268685812011,-0.7459798495181789
-1.22136122682265,160.40173309,150.08758987,4.35959708,-32.51173715,-23.22036696,-35.50736536,-0.5220700439754052,34.12781563699063,2.5282385863810832,-3.749599813203733
-0.898945625412708,160.50299327,149.97974508,4.36514403,-32.50787317,-23.10068389,-35.54692285,-0.5239522906420271,6.87894472070294,-1.8411688406298061,0.9422232152170982
-0.581239461205242,160.61018285,149.85529903,4.4586766,-32.49571984,-22.97002706,-35.50876296,-0.5261242839556284,19.18483890683053,0.11672314685979446,-0.6979626080650364
-0.281663716240836,160.69683241,149.67932481,4.65655092,-32.48499186,-22.85679019,-35.36525092,-0.5291956134932573,58.54775741787166,6.399187000355017,-6.680850716595853
-0.0140577539668563,160.90214447,149.73292922,4.76472904,-32.39743738,-22.53429398,-35.27567623,-0.5282600400451685,23.30287171842027,0.7647552723639555,-0.7788130263308117
0.209379220633119,161.06816061,149.71435848,4.97385023,-32.29539077,-22.17911063,-35.12828982,-0.5285841606027003,6.852860775036218,-1.8688923593972822,2.078271580030401
0.380524245587528,161.26508431,149.74407503,5.2063163,-32.16400248,-21.75068437,-34.94251622,-0.5280655089628665,20.321402551720656,0.2887081820253714,0.0918160635621566
0.49784214891413,161.46659454,149.78865615,5.47724489,-31.99909547,-21.24171274,-34.72089791,-0.5272874216346397,4.624291741056608,-2.218876709575135,2.7167188584892648
0.566441280816726,161.6862207,149.8716539,5.76357701,-31.79722128,-20.64274955,-34.48059716,-0.5258388376253925,23.27356938559788,0.7723715778582987,-0.20593029704157273
0.59505362682519,161.85694012,149.88944906,6.14281795,-31.56829161,-20.00044828,-34.09243571,-0.5255282534924735,53.16311822416986,5.556279050593098,-4.961225423767908
0.593018292760248,162.16811665,150.1325805,6.39016126,-31.27790231,-19.17439271,-33.90187058,-0.5212848093493587,6.671501867133722,-1.8607685938471719,2.45378688660742
0.56878476369532,162.41840037,150.2948442,6.71096875,-30.95361016,-18.27808452,-33.61550395,-0.5184527735278902,-7.718102515718028,-4.14865296778747,4.71743773148279
0.529223417473575,162.65121078,150.43173199,7.07854903,-30.60557219,-17.34096683,-33.23170216,-0.5160636308866116,38.06128860681434,3.1882599630886843,-2.659036545615109
0.479387999524891,162.9246874,150.65601787,7.39792007,-30.19610535,-16.2461847,-32.90731626,-0.5121491038148788,40.37313951670285,3.578198111281616,-3.098810111756725
0.422612411649434,163.22020688,150.9489586,7.69534892,-29.72108873,-14.98697269,-32.60854447,-0.507036323563183,8.26110935259805,-1.5334833211478547,1.9560957327972888
0.361061658041517,163.53318841,151.24851259,7.95402049,-29.2239951,-13.6819681,-32.33292873,-0.501808120150197,-5.170592014234199,-3.6556425113911746,4.016704169432692
0.296606698715403,163.81909337,151.51351788,8.30118304,-28.69769913,-12.33922244,-31.90744713,-0.4971829053044945,5.44000976423209,-1.9340727069403474,2.23067940565575
0.231493486126955,164.11182287,151.811382,8.60367046,-28.11757359,-10.85960534,-31.53915431,-0.4919841956869387,11.469895437066224,-0.9423857381153806,1.1738792242423357
