thigh,shank,foot,thigh_,shank_,foot_,knee_moment,shank_new,shank_new_second derivative,T_physics,knee_moment_minus_T_physics
151.4879257,16.52444007,-25.08452019,-26.52285238,-6.96819837,2.52188807,0.535821407259662,-2.853186767319811,-67.13629577413727,-2.13184820351145,2.667669610771112
152.07238671,16.51777007,-24.55123525,-25.56080204,-7.69359523,4.48149311,0.530561814203398,-2.8533031807809186,-32.0565618551516,-2.03374353327886,2.564305347482258
152.55132746,16.31876875,-23.92087429,-24.40839959,-8.60826082,7.04439532,0.52378016570018,-2.8567764090307333,-17.123662656106653,-1.9376697455422212,2.461449911242401
153.15624203,16.3207595,-23.48781339,-23.37215011,-9.47242507,8.98432239,0.51557583511374,-2.8567416638886494,-14.525436377219592,-1.8436268403015337,2.3592026754152737
153.52964037,16.01498607,-22.94571896,-22.10174942,-10.55749923,11.54252153,0.506067792933676,-2.8620784170072664,61.64340078826047,-1.7516148175567972,2.2576826104904733
154.15053014,16.04052431,-22.53349762,-21.00692949,-11.51662536,13.57434637,0.495392437710528,-2.861632690634102,-28.832017192859105,-1.661633677308012,2.15702611501854
154.75140082,16.06439406,-22.0567747,-19.83564519,-12.56413391,15.86421308,0.483695296046769,-2.861216084904973,-131.5483577333909,-1.573683419555178,2.057378715601947
154.98590678,15.59509383,-21.48513679,-18.41320897,-13.85099493,18.63112766,0.471115133088824,-2.8694069190988407,46.35010331596412,-1.4877640442982956,1.9588791773871197
155.34309361,15.36008548,-21.19301075,-17.14484323,-15.02171761,20.95234631,0.457774396137865,-2.87350858857602,133.61749966683155,-1.403875551537364,1.861649947675229
155.99485938,15.41522988,-20.76778024,-15.94370396,-16.13733405,23.17386562,0.44378693721927,-2.872546137231983,-58.62077501246343,-1.3220179412723838,1.7658048784916538
156.41392877,15.42134878,-20.32999575,-14.64034557,-17.37404295,25.90457054,0.429272300037071,-2.8724393422803827,-86.66367998127811,-1.2421912135033546,1.6714635135404257
156.696853,14.89949363,-19.85832608,-13.19521782,-18.71193988,28.43797128,0.41435886754019,-2.8815474328663715,42.207693490716736,-1.1643953682302768,1.5787542357704667
157.33142269,14.98606577,-19.48098783,-11.97087386,-19.87354301,30.69680922,0.399176952914092,-2.880036463982873,31.06096321794816,-1.0886304054531502,1.4878073583672422
157.59084514,14.62558965,-18.94762962,-10.51651333,-21.22236403,33.56145054,0.383856702006026,-2.8863279591516884,78.24795191025746,-1.0148963251719747,1.3987530271780007
158.21038641,14.72874897,-18.62758046,-9.28183041999998,-22.39657453,35.80453112,0.368530465800857,-2.884527489363569,-57.638585739914205,-0.9431931273867504,1.3117235931876075
158.79540916,14.80001341,-18.23464981,-8.00601019000001,-23.59222208,38.18874323,0.353325850432823,-2.8832836902459795,-120.50571017056645,-0.8735208120974778,1.2268466625303007
158.82061463,14.1411874,-17.78382385,-6.44371186000001,-24.99401491,41.14919632,0.33835709883174,-2.894782373318257,83.87498243047631,-0.8058793793041559,1.1442364781358958
159.41373692,14.28399031,-17.4860108,-5.20466093000002,-26.13806769,43.40016319,0.323732828992169,-2.892289992357328,60.23630936396796,-0.7402688290067856,1.0640016579989546
159.67369295,14.03419408,-16.95965009,-3.76223017999999,-27.37375304,46.26453535,0.309563388173849,-2.8966497590298967,-33.94472710779528,-0.676689161205366,0.986252549379215
160.25699215,14.11309584,-16.66926423,-2.49985469000001,-28.50233977,48.42451509,0.295947905329663,-2.8952726635322783,-14.452474633155354,-0.6151403758998981,0.9110882812295611
160.4753524,13.7327118,-16.14934952,-1.02071129000001,-29.7284842,51.18707679,0.28296011580438,-2.901911617452316,3.7900034146520767,-0.5556224730903812,0.8385825888947611
161.0388619,13.85939479,-15.92145336,0.231995000000012,-30.78389208,53.26534817,0.270647174411314,-2.899700582170545,1.5161448319256363,-0.4981354527768158,0.7687826271881297
161.24132217,13.45294464,-15.42046884,1.70821533,-31.93867779,55.86623212,0.259027884299251,-2.90679447553327,11.512930020440848,-0.4426793149592012,0.7017071992584523
161.7862914,13.61438061,-15.22651092,2.95195266000002,-32.91725536,57.86756325,0.248087699067403,-2.903976886325619,12.495691760965322,-0.38925405963753823,0.6373417587049413
162.03983618,13.23914171,-14.67338723,4.41513298000001,-33.99487155,60.29216636,0.237789336734584,-2.91052604061218,90.73960148865632,-0.33785968681182643,0.5756490235464105
162.5624628,13.44096147,-14.53031955,5.64542445000001,-34.86802554,62.17509808,0.228100649592733,-2.907003621304596,-58.618493867128585,-0.2884961964820656,0.5165968460747986
163.06805007,13.5452384,-14.24525003,6.92548144,-35.73252169,64.1107478,0.219007156978273,-2.9051836455422246,-129.8887765075296,-0.24116358864825593,0.46017074562652893
162.9827332,12.9316831,-13.92928766,8.40525151999998,-36.68714844,66.216708,0.210491580814651,-2.9158922056702865,60.7433920888667,-0.19586186331039768,0.4063534441250487
163.51959658,13.10712722,-13.68089313,9.66003135000003,-37.41028573,67.9711621,0.202512993725983,-2.912830128123022,48.24801099649445,-0.15259102046849105,0.355104014194474
163.70091736,12.77043873,-13.28761559,11.04188749,-38.2144288,69.67788675,0.195019280876014,-2.91870645082709,-10.881852124167146,-0.11135106012253493,0.30637034099854893
164.21411826,12.94545678,-13.04292758,12.29072584,-38.81993963,71.29945124,0.187971984392467,-2.91565180960417,-7.673563458534538,-0.07214198227253021,0.2601139666649972
164.30766707,12.54684594,-12.69832944,13.66410603,-39.51092136,72.76313019,0.181343665996941,-2.9226088811963105,37.23310718746653,-0.0349637869184769,0.2163074529154179
164.8119694,12.73982006,-12.47133173,14.900043,-39.9790523,74.1987998,0.175097197339765,-2.919240847431172,-14.663099221974283,0.00018352593962500663,0.17491367140014
165.21257819,12.53658314,-11.87355828,16.24341639,-40.54811661,75.53625357,0.169183887386346,-2.922788000846784,-26.893010499100534,0.03329995630177596,0.13588393108457003
165.52144057,12.45016997,-11.55358531,17.52075957,-40.96663261,76.63716882,0.163560627751264,-2.92429619518037,24.73453912390511,0.06438550416797595,0.09917512358328806
165.82237772,12.37223474,-11.25317146,18.78395917,-41.3059315,77.67426393,0.158199386564741,-2.925656421547168,-0.6826680836402588,0.09344016953822454,0.06475921702651646
166.12811746,12.30223835,-10.94773312,20.03510753,-41.56736876,78.60644827,0.153082172028364,-2.9268780890171784,-1.6845184902036792,0.12046395241252128,0.032618219615842714
166.38609355,12.20397494,-10.67678555,21.27242585,-41.75695248,79.37015435,0.148195273998478,-2.928593109055916,6.62624198896733,0.1454568527908675,0.002738421207610503
166.69044576,12.14465515,-10.36850851,22.49802342,-41.86311948,80.1165562,0.14353254372042,-2.929628434703007,71.05850962495718,0.16841887067326233,-0.02488632695284232
166.97260181,12.07368071,-10.08086673,23.70826405,-41.89157417,80.69762266,0.139104811342046,-2.9308671723657667,-20.25664909113712,0.1893500060597062,-0.0502451947176602
167.38011315,12.39420722,-10.06401113,24.80530285,-41.71387295,81.37274961,0.134941266644759,-2.92527292942634,-143.71470411916664,0.20825025895019866,-0.07330899230543966
167.27491847,11.82732443,-9.73987678,26.04848106,-41.67212061,81.33637142,0.13107261574337,-2.9351669005847314,40.12799406062584,0.22511962934473972,-0.09404701360136972
167.68967704,11.82033469,-9.31443839,27.24460058,-41.48515303,81.87767238,0.127509914360769,-2.9352888945615896,99.816821563512,0.23995811724332938,-0.11244820288256038
168.04958957,11.81088462,-8.97751122,28.39726861,-41.20826416,82.13487337,0.124241403839038,-2.9354538293976336,-0.2902883971822589,0.2527657226459681,-0.12852431880693008
168.3849071,11.81837042,-8.68796718,29.51719613,-40.84266216,82.28955674,0.121245399394455,-2.935323177540488,-4.529206203409686,0.2635424455526558,-0.14229704615820082
168.70393873,11.79278158,-8.37911926,30.61887377,-40.41455683,82.34586926,0.118498294850229,-2.935769787050254,1.7740748247696558,0.27228828596339216,-0.15378999111316316
169.02074084,11.79045571,-8.09317544,31.69515758,-39.8966242,82.33147723,0.115970881002897,-2.935810381139728,1.6886514298652957,0.2790032438781771,-0.1630323628752801
169.3408514,11.78484324,-7.79115916,32.75082746,-39.31419178,82.26154465,0.113626170618232,-2.9359083372203973,-1.4002986028183173,0.2836873192970111,-0.17006114867877908
169.65058914,11.77221626,-7.50176262,33.77910639,-38.66647306,82.08182453,0.111427369271216,-2.93612871959598,2.8462026590059253,0.2863405122198932,-0.1749131429486772
169.94629557,11.76888178,-7.24283506,34.76970927,-37.93435933,81.78303565,0.109345214282306,-2.9361869172508226,6.373825491223784,0.2869628226468244,-0.1776176083645184
170.2474104,11.77028435,-6.95924836,35.73493749,-37.15010187,81.48082029,0.107351784104514,-2.9361624377863325,7.912055719501154,0.28555425057776446,-0.17820246647325044
170.55226684,11.78943965,-6.68741703,36.678766,-36.29912295,81.11903145,0.105412922819593,-2.935828114732125,7.2728445889280735,0.24134766890422185,-0.13593474608462885
170.76701403,11.81368518,-6.56541075,37.50299307,-35.31615205,80.36734938,0.103498179645435,-2.9354049504047346,-2.865795725179865,0.18923877788605617,-0.08574059824062116
171.08579567,11.85166785,-6.20155207,38.40303142,-34.36563645,80.10831187,0.101596236791362,-2.9347420277545355,-10.38983508138358,0.12916051150223815,-0.02756427471087615
171.38570093,11.84066621,-5.87992294,39.26682638,-33.36496945,79.58346542,0.099713507847036,-2.9349340425956547,7.562787410910765,0.05751407130654899,0.042199436540487016
171.66467449,11.85436668,-5.61397356,40.07301742,-32.29773033,78.94480187,0.0978600451151919,-2.934694924285084,19.412155824602984,-0.02187549543713718,0.11973554055232909
171.87604362,11.91097882,-5.51195394,40.76661283,-31.11172394,77.96565698,0.0960379980209007,-2.933706856045484,46.15127191691215,-0.11868236249326448,0.21472036051416518
172.14564024,11.96828897,-5.19348632,41.52323533,-29.97226967,77.46562742,0.0942367200830979,-2.932706605233172,-16.867308695567296,-0.06803898967184664,0.16227570975494454
172.39320251,12.24571874,-5.1936089,42.18931449,-28.66631025,76.74651193,0.0924334177807065,-2.9278645423036216,-94.65097859016946,-0.19675892369515796,0.2891923414758645
172.59118452,11.9855687,-4.78829639,42.87785253,-27.53704008,75.63979494,0.0905975435293993,-2.932405017050817,-3.03318152709231,-0.3754222031341018,0.4660197466635011
172.82027998,12.0381485,-4.48605268,43.51816947,-26.2977585,74.98610326,0.0886958907748061,-2.9314873264207764,72.65290978455407,-0.32104280717528694,0.40973869795009304
173.03000296,11.98546958,-4.20820474,44.17472765,-25.05152264,74.0417363,0.086696772901371,-2.932406747021171,11.24884425129924,-0.2900234032372512,0.3767201761386222
173.2286163,12.24684877,-4.21319475,44.69136292,-23.65960418,73.15941255,0.0845725320793658,-2.927844819559476,-69.7959349533983,-0.25943332760239574,0.34400585968176156
173.36267444,12.04982159,-3.89933389,45.21400382,-22.40215246,71.9047547,0.0823006276866472,-2.931283592566395,28.20064433596947,-0.25630968614060584,0.33861031382725304
173.55794703,12.05564779,-3.58045047,45.75764911,-21.11380234,71.07935817,0.0798655795443316,-2.931181906193515,32.59472540334318,-0.2473342232361433,0.3271998027804749
173.72868,12.27575139,-3.55921494,46.17648341,-19.70634393,70.10364214,0.0772608205120688,-2.9273403736780224,-74.19656449616507,-0.23238658579522425,0.30964740630729304
173.91372581,12.05120083,-3.11514176,46.70460041,-18.48489871,69.06117305,0.0744842351944069,-2.93125952028722,43.08812134123485,-0.13742984827677007,0.21191408347117696
174.05344337,12.07656619,-2.96965516,47.06621559,-17.14056514,67.83108529,0.0715279348506357,-2.930816811239266,46.95138495124152,-0.2638644423683502,0.3353923772189859
174.20519545,12.29363062,-2.94812144,47.39547719,-15.74489055,66.817094,0.0683733726856726,-2.927028322246801,-32.28961217951021,-0.31327031575520936,0.381643688440882
174.3892347,12.14639261,-2.56071973,47.79912936,-14.5059233,65.73968114,0.0649955656467279,-2.9295981103053856,23.779734067304048,-0.34198240350378484,0.40697796915051276
174.52530081,12.35105456,-2.54166967,48.05939968,-13.13816509,64.6929263,0.0613668197637482,-2.9260260854243336,20.95498848612376,-0.39804958484482533,0.4594164046085735
174.71668993,12.35246687,-2.34802264,48.28557768,-11.87253304,63.26947686,0.057455862557599,-2.926001435964775,-5.507627310108454,-0.45287935547486713,0.5103352180324662
174.85201052,12.52854174,-2.28692263,48.51672543,-10.55757434,62.27504183,0.0532304563786804,-2.9229283497532537,-1.2001983494203117,-0.488377996053153,0.5416084524318334
175.10790888,12.52698475,-1.97439322,48.75962308,-9.36647087,61.1354813,0.0486665286957281,-2.922955524355175,7.698485014939749,-0.5059970651665819,0.55466359386231
175.23238761,12.69915229,-1.92304878,48.93550881,-8.10925721,60.15556947,0.0437560655024573,-2.919950633917116,8.133791074338426,-0.5379035647673458,0.581659630269803
175.51418409,12.7456117,-1.62026165,49.12891504,-6.96221127,59.12129571,0.0385061384034693,-2.919139764244081,10.254690746722694,-0.5681789392284982,0.6066850776319674
175.62756649,12.91636603,-1.58147098,49.25089068,-5.77714843,58.1688671,0.032930677869734,-2.916159538973544,10.097810081584058,-0.5906724924343856,0.6236031703041196
175.93525415,13.0229937,-1.29162568,49.3955994,-4.68984605,57.24629075,0.0270462232969651,-2.9142985350583146,13.426838879553316,-0.5259603332168676,0.5530065565138327
176.04089678,13.19143596,-1.26182527,49.47023853,-3.59610139,56.34567737,0.0208753577729398,-2.911358663021814,12.81863177779119,-0.5987249870077411,0.6196003447806809
176.37813695,13.37730582,-1.00259945,49.56642074,-2.58453452,55.53471329,0.0144459985067911,-2.908114621984593,-1.260665281357376,-0.666897597252454,0.6813435957592451
176.4782568,13.53995124,-0.975892439999999,49.61131531,-1.60098233,54.72301632,0.007780957312519,-2.9052759238923045,-6.810171766846729,-0.6331399747479538,0.6409209320604728
176.67590516,13.72439486,-0.878269840000002,49.65902289,-0.648518550000002,54.03458194,0.0008880118789089,-2.902056775439007,-15.54205750523785,-0.7185972407151294,0.7194852525940383
176.7841665,13.84944711,-0.782977599999999,49.68891993,0.188907810000002,53.38840237,-0.0062418862389146,-2.89987420193948,-5.562298003596311,-0.8117163625880854,0.8054744763491708
176.89745504,13.98243447,-0.69944843,49.69255153,0.986086250000007,52.7901088,-0.013631492254093,-2.897553134643945,58.63548988338962,-0.8762660499663466,0.8626345577122536
177.02329585,14.12707336,-0.617040370000002,49.68604537,1.73263296999999,52.26379219,-0.0213127050696544,-2.895028709787015,52.06092534824069,-0.9476339497800016,0.9263212447103472
177.6473715,14.57643069,-0.243223220000001,49.7652007,2.41321704,52.09843507,-0.0293199980688225,-2.887185944860544,-56.611759671749695,-1.0403819290014358,1.0110619309326132
177.73129847,14.70298674,-0.214889490000001,49.74226449,2.97809212,51.65642382,-0.0376813097743888,-2.884977125099726,-10.630591034379576,-1.1069582646931697,1.0692769549187808
177.82818047,14.84606542,-0.183088720000001,49.70360887,3.5332728,51.27363621,-0.046407604257358,-2.882479931044318,37.86892539797471,-1.1534810739418095,1.1070734696844515
178.30601252,15.21799132,0.127336209999999,49.77809932,4.00090335,51.45498282,-0.0554855714357597,-2.8759885995158747,-31.9752539466256,-1.235536091394242,1.1800505199584823
178.38090388,15.33267311,0.137709860000001,49.7473742,4.37439374,51.18395461,-0.0648763268119534,-2.8739870246882946,-30.46076892280425,-1.3164726361169554,1.251596309305002
178.54736789,15.54979119,0.164610039999999,49.71015192,4.78615723,51.09353594,-0.0745160678805458,-2.870197599326686,-4.372170203956749,-1.3530618809373693,1.2785458130568235
178.63893424,15.64475345,0.231479620000002,49.69498029,5.02279032,51.02114207,-0.0843170874215758,-2.8685401952245515,-2.0213792531320607,-1.3065856123914676,1.222268524969892
178.83018937,15.85654037,0.312223000000003,49.65058635,5.32879739,51.09331308,-0.0941715516658067,-2.8648438161578933,-0.1990146586194896,-1.3846383139351535,1.2904667622693469
178.91952908,15.94525214,0.36757412,49.62883798,5.45244686,51.10063454,-0.103955891491477,-2.8632955036861216,0.3030101020984332,-1.4572123476445837,1.3532564561531066
179.13322602,16.16214928,0.450106870000003,49.57142307,5.65762482,51.22253968,-0.11353552586149,-2.8595099344549624,-21.34717793167873,-1.5229924721758583,1.4094569463143682
179.21744324,16.24748695,0.48889939,49.5252117,5.72476061,51.22452194,-0.122774601424662,-2.858020511137482,-14.343723167469236,-1.5829202879450384,1.4601456865203764
179.29983505,16.34544787,0.50330357,49.4164964,5.80861927,51.16952723,-0.131549633532431,-2.8563107705452,5.4820215846485,-1.6419235364592168,1.5103739029267857
179.40106231,16.46753828,0.49285652,49.32617149,5.88005487,51.10760204,-0.139760173189903,-2.854179890905589,45.79187895333181,-1.5508037339507816,1.4110435607608787
179.45844158,16.56015613,0.456933339999999,49.31434971,5.88915069,51.09591667,-0.147331455388777,-2.8525634044769714,44.91817411111043,-1.4681516576086246,1.3208202022198476
180.03881246,16.94995775,0.6589697,49.21685534,5.83219036,50.82288037,-0.154203027147154,-2.845760082778363,-57.97006390744208,-1.391305492092795,1.237102464945641
180.08580328,17.03222657,0.62221203,49.18579837,5.81790743,50.81087815,-0.160304259291734,-2.8443242209976325,-59.95440029253896,-1.357720166894001,1.197415907602267
180.07047439,17.10023322,0.414663040000001,48.89346052,5.8925855,50.0814322,-0.165542882637657,-2.8431372810418813,-2.25378206033966,-1.3267645312657503,1.1612216486280933
180.12456544,17.1607836,0.264770719999998,48.73698093,5.85296126,49.39816644,-0.169827388490711,-2.8420804775475474,2.5079072354161625,-1.298364586084796,1.1285371975940852
180.1863481,17.23759547,0.12681942,48.58118168,5.82815107999999,48.7633289,-0.173099089819295,-2.840739857511433,-0.6075019887363808,-1.263996521428325,1.09089743160903
180.24214914,17.30370988,-0.0516163600000006,48.39848436,5.78914632,47.96909908,-0.175340917996171,-2.839585943373921,-9.98248570592608,-1.214090922031269,1.038750004035098
180.30394002,17.37147699,-0.239527509999999,48.21698422,5.75127396,47.14061401,-0.176565188749997,-2.83840318417986,-10.343884052823604,-1.1613165997070436,0.9847514109570465
180.3076175,17.38944073,-0.316981510000002,48.00981705,5.77620001,46.6458817,-0.17680144853616,-2.8380896577708867,6.598880462269641,-1.1136644506175257,0.9368630020813657
180.34079124,17.44609242,-0.73229912,47.79187771,5.71781324,45.30706566,-0.176094075841247,-2.837100899253568,15.30792682206794,-1.070990318384629,0.894896242543382
180.37812238,17.51298038,-0.767768090000001,47.73534306,5.67275503,45.28245688,-0.174502394365269,-2.8359334841216257,7.06243293030262,-1.0598272387174132,0.8853248443521442
180.6146782,17.60841581,-1.15227523,47.4341596,5.59944728,43.32430333,-0.172094356495668,-2.834267821645069,-7.5881086476981,-1.0517798574791204,0.8796855009834523
180.64878405,17.67698479,-1.1971179,47.37196648,5.55430859,43.29061487,-0.168935733152687,-2.8330710671793344,-9.403085263506306,-1.0465249090682818,0.8775891759155947
180.6025584,17.72726254,-2.00376128,46.91921464,5.67567622,41.03187232,-0.16508287312836,-2.83219355490134,-9.009159215334073,-1.0492387254301194,0.8841558523017594
180.63464667,17.78711349,-2.04145965,46.85499521,5.62409671,41.00232627,-0.16058440807292,-2.831148958763394,-6.337868217967113,-1.0049268623196115,0.8443424542466915
180.65864296,17.79449059,-2.88823404,46.40707088,5.68612467,38.64311153,-0.155489959028967,-2.831020204079145,17.80386458948513,-0.8843355810150353,0.7288456219860683
180.69453256,17.86092888,-2.93044842,46.35149732,5.64988016,38.60778891,-0.149858354930208,-2.82986063716925,28.462298861429147,-0.8524170249830604,0.7025586700528523
180.95497781,17.96372727,-3.74913945,45.95072823,5.69267994,36.35959209,-0.143765039352303,-2.828066466798001,7.069056454809264,-0.7839608757741306,0.6401958364218276
180.94756982,18.09782123,-4.34047758,45.6136389,5.80904328,35.15712688,-0.137310201611137,-2.825726085688963,-16.193704106743922,-0.648738834530058,0.511428632918921
181.0361805,18.17346666,-5.00054931,45.37276946,5.83513991,33.82034022,-0.130615483617671,-2.824405823871376,-13.19522496116221,-0.5194019704127593,0.38878648679508826
181.01976294,18.24193049,-5.31080767,45.10390465,5.96948106,33.08756852,-0.123809825360859,-2.8232109046193505,12.520147314449837,-0.46687688156073365,0.34306705619987465
181.20473639,18.30760298,-6.25476074,44.77699507,5.95097574,31.3407271,-0.117028587438572,-2.8220647034408675,11.687606062626976,-0.3663689662990481,0.24934037886047608
181.17043623,18.45777491,-6.9869923,44.39388528,6.11058509,30.07752283,-0.110420475880533,-2.819443708818293,-9.209069227855691,-0.28017198596138737,0.16975151008085437
181.22917102,18.50870435,-7.88796255,44.09391899,6.13046401,28.60100554,-0.104136987535829,-2.818554822404096,-1.6113944305251593,-0.30303571166003856,0.19889872412420956
181.27797266,18.62085525,-8.74362148,43.73909024,6.2549358,27.19965993,-0.0983201465227462,-2.816597419940021,7.003641514438108,-0.311179819370643,0.21285967284789678
181.33504219,18.70057311,-9.60446344,43.37176977,6.34895505,25.78942401,-0.093103702970892,-2.8152060808103774,6.189585044729107,-0.27827339626569036,0.18516969329479838
181.34098206,18.8240635,-10.56177261,42.96730854,6.47519490000001,24.32288675,-0.0886099395824242,-2.813050766910305,-0.0964294411742727,-0.2504142084013502,0.161804268818926
181.33445812,18.92790558,-11.57152192,42.54144617,6.59998459,22.79122887,-0.0849386060192759,-2.8112383807121857,-0.5554335811641664,-0.27356578811693716,0.18862718209766127
181.32748925,19.02671925,-12.62954947,42.09630379,6.72366026,21.20647616,-0.082156143595563,-2.809513756824708,6.584821835158294,-0.2698388084551825,0.18768266485961949
181.29881573,19.15205565,-13.75350596,41.6195063,6.8657391,19.56596819,-0.0802889158106418,-2.8073262239721104,7.137094625040419,-0.2581219384879216,0.1778330226772798
181.26716987,19.26710325,-14.91930177,41.12081122,7.00867206,17.86756281,-0.0793229434931099,-2.805318264555593,4.804273584184671,-0.2693290544576899,0.19000611096458
181.14661657,19.41709826,-15.90215199,40.54009674,7.22662581,16.3497508,-0.0792057525976399,-2.802700357769531,10.97983839902561,-0.28771897805228236,0.20851322545464246
181.11241585,19.53501371,-17.42642627,40.03090806,7.32389377,14.31157804,-0.0798491835871704,-2.8006423449280606,17.980141098612457,-0.33535348609764154,0.2555043025104711
181.01185153,19.74505071,-18.76020551,39.41863553,7.5392187,12.46627574,-0.0811322566457722,-2.796976507727049,6.535669872764771,-0.3989511920262897,0.31781893538051753
180.90583304,19.90594279,-20.14111175,38.78935997,7.73011095,10.53386742,-0.0829015595210754,-2.794168411190667,18.7407311520138,-0.47326775324259696,0.39036619372152154
180.76742915,20.11044979,-21.57748784,38.12399732,7.94720872,8.57152962,-0.084976187747297,-2.790599090697291,33.006150122596445,-0.5580460763399409,0.4730698885926439
180.57805473,20.38424835,-23.05618138,37.40685907,8.22260285999999,6.58059312,-0.0871637174230419,-2.785820404338072,-4.851036190829383,-0.6568976373487491,0.5697339199257072
180.35608742,20.66496018,-24.58193486,36.64970466,8.51651037000001,4.52790424,-0.0892810620369551,-2.780921058655273,9.104862599533805,-0.761433452004929,0.6721523899679739
180.12403374,20.83475952,-26.13650787,35.86269346,8.80817965,2.37431403,-0.0911674483495728,-2.7779575011045594,39.41474257250999,-0.7517367708933193,0.6605693225437465
179.82641033,21.27163759,-27.44465741,35.00708607,9.22070102,0.591379300000003,-0.0926904212995765,-2.770332540353301,28.7068474149077,-0.8637919391608303,0.7711015178612538
179.46389284,21.51110053,-29.36627954,34.1144025,9.5794513,-1.92681273,-0.0937596929362978,-2.766153123613796,19.8801745901811,-1.0141178584702866,0.9203581655339887
179.11758251,22.04279312,-30.72769528,33.18942316,10.05611641,-3.73202892999999,-0.0943467779496724,-2.75687333730984,14.532117497583208,-1.1330638506655826,1.03871707271591
178.56378735,22.30134655,-32.7923957,32.19003151,10.53776467,-6.20375297,-0.0944857119151864,-2.752360728664015,83.32513390292284,-1.2759542648861044,1.1814685529709181
178.17403836,22.89721155,-34.16504536,31.18665938,11.07319252,-8.12630818,-0.0942496850428821,-2.741960922516619,38.07908921985792,-1.4468289646246224,1.3525792795817404
177.72004827,23.56901042,-35.79256593,30.12075341,11.66182498,-10.28213218,-0.0937295917813095,-2.730235820323941,-21.64653680499118,-1.6196929024045763,1.5259633106232668
176.91164214,23.96980709,-37.95828201,28.9189062,12.34935629,-13.04356208,-0.0930167594491196,-2.723240598801413,23.16816371609409,-1.856237717161191,1.7632209577120714
176.44807646,24.71264877,-39.41542524,27.82313195,12.99001438,-14.89687048,-0.0921755406858032,-2.7102755656643667,40.78937087272028,-2.0936281658395997,2.0014526251537963
175.47381637,25.17514643,-41.54433711,26.56581745,13.75916366,-17.35376974,-0.0912249848518094,-2.702203458714597,99.76733973388718,-2.284718585661115,2.1934936008093056
174.92189016,26.089993,-43.23678646,25.39679742,14.49962185,-19.50302763,-0.0901441646579134,-2.68623637391752,54.44824953097172,-2.521972160147474,2.4318279954895603
174.20926091,26.95211052,-44.99205757,24.12905787,15.31851924,-21.74258055,-0.0888858835982959,-2.6711895846543925,-19.786624942255138,-2.7549160237496757,2.66603014015138
173.41203912,27.77930272,-46.73526783,22.83425385,16.18372271,-23.92796092,-0.0873883898606974,-2.6567523572175764,-57.85044951248874,-2.985467350447386,2.898078960586689
172.57583168,28.6157056,-48.4554655,21.52084347,17.08011706,-26.06807175,-0.0855848860055769,-2.6421543730884136,-51.04758718454061,-3.213460951512333,3.127876065506756
171.45308698,29.13715378,-50.15309791,20.10154921,18.07047846,-28.28868899,-0.0834107301968144,-2.6330533854688816,94.216396842417,-3.459199515499464,3.3757887853026496
170.53825741,29.98681955,-51.88257434,18.74829681,19.00334623,-30.36589849,-0.0808083436733259,-2.618223920240889,115.42881790254532,-3.7174604591272757,3.6366521154539497
169.78669525,31.03482503,-53.48986575,17.45290676,19.90524965,-32.28502632,-0.077730136733592,-2.599932774035945,1.947536117810067,-3.97330271565167,3.895572578918078
168.90714049,32.01929191,-55.0241174,16.07649896,20.88914235,-34.24054054,-0.0741403343246727,-2.582750585603109,-36.09850529265657,-4.232643217458117,4.158502883133444
167.95791626,32.94365484,-56.53750588,14.68175413,21.88395331,-36.15424092,-0.0700166536162898,-2.5666174089912275,-13.11510213118705,-4.4935715773223635,4.423554923706074
166.97599159,33.84493507,-58.02966724,13.27637543,22.88692874,-38.03414864,-0.0653519360111168,-2.550887101494596,0.7095199741646852,-4.77254639698216,4.707194460971043
165.99907862,34.77734065,-59.48929061,11.86735563,23.89129651,-39.86762053,-0.0601552032277548,-2.5346135541596286,-6.921214849846535,-5.074182285252637,5.0140270820248825
164.9906315,35.67464348,-60.90752148,10.44397139,24.88936104,-41.6629683,-0.0544518328069794,-2.5189526653886656,-9.476506029137964,-5.348125160894888,5.293673328087909
163.97675325,36.57137082,-62.29476765,9.01988177999999,25.87657501,-43.41284625,-0.0482829121799348,-2.5033018208130144,-10.842667737138711,-5.58260660753927,5.534323695359335
162.94233638,37.45005551,-63.6415815,7.59027341999999,26.85479291,-45.11952493,-0.0417039274512684,-2.487965879885649,-12.511441612135243,-5.8083125272440554,5.766608599792787
161.89855658,38.30327708,-64.96445829,6.15645691999998,27.80455629,-46.78953313,-0.0347829419289922,-2.473074354240114,-6.970843287121831,-6.09789056782059,6.063107625891598
160.85430396,39.15378226,-66.24618734,4.72421289000002,28.74299686,-48.42043109,-0.0275984131688306,-2.4582302385438464,-46.58814702731995,-6.436481421725574,6.408883008556743
159.83540877,39.99524335,-67.47407183,3.29867002,29.65237942,-50.02047668,-0.0202367821132584,-2.443543971995926,-37.58674580051746,-6.668680988998283,6.648444206885025
158.47449354,40.59057859,-68.83243428,1.78370432,30.56644612,-51.58899232,-0.012789857554604,-2.4331534119047755,39.16094202867981,-6.982969945437175,6.9701800878825715
157.59843387,41.47185343,-69.90644784,0.408574310000006,31.37851871,-53.05482542,-0.0053518613315402,-2.4177722643317896,-19.025766108144992,-7.302327446966279,7.296975585634739
156.62334096,42.25175059,-70.98569687,-1.00412573,32.1694031,-54.54894687,0.0019838287179166,-2.4041604910628367,-43.955567432756304,-7.544840535112291,7.546824363830208
155.33469451,42.8394539,-72.12931285,-2.45888107000002,32.9315731,-55.87085536,0.0091278142962373,-2.393903133278468,6.23112562625483,-7.685334288962924,7.694462103259161
154.54499428,43.66107574,-73.43457794,-3.83743994,33.58943303,-57.510657,0.0159972743476476,-2.379563126964173,-57.465721349481136,-7.900926364548235,7.916923638895883
153.50405514,44.24275609,-74.12852732,-5.25426093999999,34.27913194,-58.76426028,0.0225179048389821,-2.3694108896625203,-87.57010451100999,-8.167429082070885,8.189946986909868
152.34506299,44.74114656,-75.00531081,-6.67951407999999,34.88683625,-59.99416406,0.0286252271085625,-2.3607123350004584,-21.028791478872044,-8.29799271160465,8.326617938713213
151.0621339,45.14431854,-75.93266528,-8.08035205000002,35.4275565,-61.02287537,0.0342653154656901,-2.353675656497674,17.636304254655677,-8.404905649411145,8.439170964876835
150.1920824,45.70073128,-76.87185899,-9.46854969,35.91224376,-62.41170039,0.0393950093893117,-2.3439644221846305,-42.75607245103785,-8.648158149925738,8.68755315931505
149.21495806,46.14692957,-77.63420867,-10.84386,36.33291615,-63.56538461,0.043981683854021,-2.336176792907362,-61.12275161908709,-8.868216217965943,8.912197901819964
147.99323569,46.41534175,-78.26901138,-12.20015962,36.6664511,-64.31910254,0.0480026564032622,-2.3314921166139064,-21.99171755246532,-9.079313211946479,9.127315868349742
147.12688475,46.79933303,-79.12820109,-13.56850105,36.98152107,-65.61879013,0.0514443107422666,-2.324790204478959,-17.910727608931865,-9.285335196494726,9.336779507236992
146.00407251,47.00394896,-79.56148968,-14.89290644,37.18808568,-66.21362598,0.0543010108118424,-2.321218982798429,-44.22288380632633,-9.45097466483001,9.505275675641853
145.21382969,47.34911558,-80.48399484,-16.19920398,37.30738753,-67.38471548,0.0565738692938559,-2.3151946888114487,-70.83892800643365,-9.590954809005714,9.64752867829957
144.02624258,47.33917771,-80.6300435,-17.55126856,37.4773031,-67.88541858,0.0582694322513743,-2.315368137363584,-25.49570164529502,-9.693714662034097,9.75198409428547
143.20744055,47.49302097,-81.24127089,-18.86293046,37.51908755,-68.889015,0.0593983442917006,-2.312683065944582,-37.565068811193925,-9.635153294751207,9.694551639042908
142.31823391,47.52832685,-81.62445842,-20.15541499,37.50456459,-69.65096525,0.0599740484395544,-2.3120668620932685,-57.94943935165886,-9.565984199938866,9.62595824837842
141.24206048,47.42169437,-81.71163775,-21.40788426,37.38695859,-69.83209751,0.0600115561164779,-2.3139279499588348,-29.79882662405231,-9.600917634697362,9.66092919081384
140.44458031,47.38545016,-82.15672374,-22.65807821,37.24195066,-70.64738268,0.0595263112436368,-2.314560530758119,-50.45646860150743,-9.605595435474001,9.665121746717638
139.47797321,47.17963307,-82.16283634,-23.88791361,37.00290047,-70.83737197,0.0585331684937917,-2.3181527166354927,-40.401223609696224,-9.503861228774195,9.562394397267987
138.59905393,46.9534792,-82.30684395,-25.10651779,36.7260344,-71.26978034,0.0570455038493439,-2.32209984628312,-42.66475333390751,-9.385907667049523,9.442953170898866
137.81085983,46.70608981,-82.52057364,-26.29355406,36.38104964,-71.81720665,0.0550744747072606,-2.3264176056731203,-53.06653344869794,-9.26374538733912,9.31881986204638
136.89861179,46.27705721,-82.42379291,-27.44915291,35.92958197,-71.91303936,0.0526284464917388,-2.333905637141512,3.941079114704316,-9.030256068206505,9.082884514698243
136.16014088,45.92849771,-82.59618883,-28.57921999,35.43649966,-72.38081143,0.0497126026162637,-2.3399891480556176,-41.40669906511629,-8.76655757998216,8.816270182598425
135.49608268,45.62321594,-82.8189207,-29.61957022,34.81826899,-72.64016818,0.046328753994294,-2.3453173200884336,-82.66426323631836,-8.515572855114367,8.561901609108661
134.63966712,44.9136627,-82.49666906,-30.80721163,34.30397988,-72.949503,0.0424753622953315,-2.357701360344626,-51.121116160604,-8.256918288114626,8.299393650409957
133.9910102,44.49574333,-82.58326209,-31.79201047,33.57060937,-73.02209947,0.0381477869292484,-2.364995429358987,-125.1233103192817,-7.968099138373928,8.006246925303177
133.12371803,43.60592527,-82.04509792,-32.91441834,32.947237,-73.09537753,0.0333387587095543,-2.380525684249696,-62.44262719530269,-7.560983902647505,7.59432266135706
132.0834092,42.65136696,-81.37461349,-33.84132782,32.09929229,-72.38299899,0.0280390733196341,-2.3971858696614685,59.08293470773707,-7.177129599166782,7.205168672486416
131.45523133,41.94041794,-81.09335765,-34.83236558,31.31799984,-72.47384156,0.0222384860180827,-2.409594270874296,3.2717244026203574,-6.79135217947029,6.8135906654883724
130.82064964,41.14551087,-80.67838719,-35.78573594,30.47561334,-72.35962409,0.0159267771856275,-2.4234680164931763,-44.86841826479182,-6.368664361217555,6.384591138403183
130.19577207,40.29365621,-80.19163264,-36.70589703,29.58872455,-72.161066,0.0090949482023687,-2.4383356850586333,-46.95818824466791,-5.94379683822428,5.952891786426648
129.5889367,39.38257768,-79.61788727,-37.59239918,28.65143429,-71.86371078,0.0017364999449304,-2.454237005151364,-20.619134778159243,-5.708399151618978,5.710135651563908
128.98092387,38.37784388,-78.79825266,-38.39214939,27.60830555,-71.16450673,-0.0061512578657595,-2.4717729180674377,-1.0080253814637177,-5.471167457769805,5.465016199904045
128.51502475,37.50150555,-78.29013827,-39.14106644,26.52522822,-70.80590324,-0.0145659194683684,-2.4870679072873663,-40.48313016616234,-5.020913803951271,5.006347884482903
127.95668488,36.45625599,-77.54260389,-40.01689159,25.61008008,-70.59462535,-0.0234987698848583,-2.5053109536143885,-18.466482330659066,-4.718634512716906,4.695135742832048
127.46772977,35.38848217,-76.69211497,-40.78434965,24.5428188,-70.02894106,-0.0329336947364904,-2.523947122439985,-8.565723412283788,-4.567949663626343,4.535015968889852
127.10150197,34.42886295,-76.02273489,-41.38317599,23.32756479,-69.37745367,-0.0428462578829727,-2.540695637394405,-30.11381143014802,-4.410581331433623,4.367735073550651
126.64261405,33.22638081,-74.77283374,-42.13520141,22.25329638,-68.52248812,-0.0532029863009617,-2.561682909933833,-14.220913074645123,-4.139791405977487,4.086588419676525
126.31495275,32.22893048,-74.04445811,-42.68957942,21.02851756,-67.87567817,-0.0639608946292091,-2.5790917023174367,-37.22549057060931,-3.86831554199713,3.8043546473679206
125.87864977,30.98279962,-72.94733133,-43.45106268,20.01237323,-67.4440969,-0.0750672734033964,-2.600840788735145,-12.778836525524362,-3.645691230475341,3.5706239570719442
125.56830485,29.81571166,-71.83896194,-44.03760743,18.83675453,-66.63776452,-0.0864597558012991,-2.621210316297529,38.63444426119855,-3.3671383412427818,3.280678585441483
125.2892801,28.66600109,-70.77225853,-44.58393146,17.66451307,-65.90892797,-0.0980666681744415,-2.641276551189009,12.525734113379984,-3.1019164284353846,3.0038497602609433
125.07652583,27.6238519,-69.90116313,-44.97810597,16.40211005,-65.07444529,-0.109807659861048,-2.6594654858515017,-12.525891193013727,-2.8439501097177815,2.7341424498567335
124.9148451,26.42096973,-68.50681894,-45.50607972,15.20233502,-64.07985741,-0.121594597921234,-2.680459740231536,-1.821390700791348,-2.5860109573101173,2.4644163593888835
124.7319556,25.36022407,-67.5921129,-45.86609343,13.9811288,-63.30021169,-0.133332703129096,-2.698973244524776,14.66729150281232,-2.326036565863491,2.192703862734395
124.62024596,24.16550257,-66.21756282,-46.36196923,12.85225769,-62.46477093,-0.144921896623126,-2.7198250683441416,39.73299114431228,-2.073363819898483,1.928441923275357
124.6280269,23.18063363,-65.04553095,-46.71537796,11.67072993,-61.76353941,-0.156258323957869,-2.7370142740477683,-2.954542226984991,-1.822487380184352,1.666229056226483
124.51085774,22.13768868,-64.10485738,-46.97499433,10.49553243,-60.95893363,-0.167236021947159,-2.755217097342316,-20.076456063176096,-1.5678116659547985,1.4005756440076396
124.43618745,20.98411491,-62.88756538,-47.36379089,9.46373059999999,-60.22397938,-0.177748689127111,-2.7753507577934595,61.09125889805611,-1.3122622543282068,1.1345135652010958
124.38313167,19.99484517,-61.94969665,-47.54701715,8.34419820999999,-59.40559256,-0.187691516971228,-2.792616771946808,60.63639293373502,-1.0420271886051955,0.8543356716339675
124.59232672,19.13762332,-60.73939534,-47.84132779,7.37792053,-58.63178354,-0.196963042276262,-2.807578115649345,-3.6454482646774977,-0.8213404503310882,0.6243774080548261
124.57019088,18.1994226,-59.83319283,-47.98038599,6.32706043000001,-57.85619595,-0.205466988864276,-2.8239528072579265,35.81803960851282,-0.5654944339716018,0.3600274451073258
124.57537294,17.27024485,-58.91995279,-48.10181067,5.35128414,-57.13763017,-0.21311407430781,-2.8401700183316985,65.61037011706627,-0.314923219608205,0.10180914530039503
124.9033264,16.60922228,-57.90836869,-48.38881974,4.60345774,-56.60711424,-0.219823763702502,-2.8517070386081937,-6.311236238913942,-0.14320454304589952,-0.07661922065660248
124.94576837,15.77878611,-57.06593148,-48.44509848,3.66698129,-55.88717148,-0.22552595679274,-2.866200884002345,-2.907165264440792,0.018034965592380374,-0.2435609223851204
125.00820461,14.98286124,-56.26820862,-48.50138158,2.81834581,-55.27180799,-0.23016259551433,-2.8800923935823524,79.39552858271081,0.23090449026684648,-0.4610670857811765
125.15439578,14.27067054,-55.61254408,-48.69294786,2.14600209,-55.03584889,-0.233689174795064,-2.892522466199436,75.46697918670463,0.381921373853885,-0.615610548648949
125.49687454,13.81140307,-54.99446821,-48.84005846,1.47190185,-54.72624068,-0.236076129209622,-2.90053819569824,-4.077279373548848,0.5020739424309202,-0.7381500716405422
125.59591325,13.19494891,-54.32013652,-48.8357878,0.763719380000001,-54.17665837,-0.23731005187255,-2.9112973504778563,-4.993489964379982,0.6630105403966265,-0.9003205922691766
125.71755732,12.61658381,-53.72155314,-48.83538821,0.115568109999995,-53.73815787,-0.237394680671183,-2.9213917257514823,67.81007140522543,0.8137416630193953,-1.0511363436905783
125.85832424,12.09061669,-53.21082109,-48.84218902,-0.465952019999996,-53.42021427,-0.236351562086106,-2.930571583752714,75.41247953548158,0.9081395322896921,-1.1444910943757982
126.17131543,11.81028764,-53.16654649,-49.05056114,-0.859869709999995,-53.83577972,-0.234220276818037,-2.935464248664202,127.98713207707644,0.9870638294695868,-1.2212841062876238
126.32594664,11.41836615,-52.69751479,-49.02079359,-1.34501853,-53.50085073,-0.231058086926361,-2.942304569074025,115.84674048259912,1.1012432231484093,-1.3323013100747703
127.09364507,11.73730372,-52.61494804,-49.23215731,-1.61319316999999,-53.91858962,-0.226938843934273,-2.9367380583692144,-94.7805500885135,1.1781850631403392,-1.4051239070746122
127.22183989,11.40986854,-52.25107442,-49.17289055,-1.99113251999999,-53.67302451,-0.221950985027049,-2.942452880347075,-59.12611764408382,1.2523125559291337,-1.4742635409561826
127.37307335,11.12126725,-51.99426664,-49.12668758,-2.32985182000001,-53.57319492,-0.21619444446406,-2.947489923083078,67.62995517175519,1.317247313276555,-1.533441757740615
127.62068892,11.06260323,-52.28933993,-49.24322991,-2.51207447,-54.22411433,-0.209776323416099,-2.9485138033845337,8.498121574356254,1.3729893351827762,-1.5827656585988752
127.78349606,10.89272188,-52.05923657,-49.1756273,-2.73809914,-54.11507046,-0.202805195715916,-2.951478792279766,58.63858086148088,1.4195386216477974,-1.6223438173637135
127.97860163,10.76402857,-51.93646465,-49.11479337,-2.9292644,-54.14493566,-0.195383980096005,-2.9537249142645567,82.82928760777075,1.4568951726716222,-1.652279152767627
128.36706313,11.00015083,-52.3941377,-49.24269081,-2.92945485000001,-54.94485821,-0.187601381708128,-2.949603803390306,28.880858486664,1.485058988254245,-1.6726603699623732
128.55142959,10.94003077,-52.18622065,-49.14764125,-3.05582146,-54.81960359,-0.179521997871114,-2.9506530963838027,23.57134000928074,1.5040300683956733,-1.6835520662667873
129.02785966,11.27305491,-52.32941099,-49.18885035,-3.00298846,-55.24074197,-0.171175296150431,-2.94484072865218,-36.78180693081679,1.5138084130958998,-1.6849837092463307
129.20307347,11.2510868,-52.11715252,-49.07425594,-3.08172088,-55.08443163,-0.162543807746174,-2.945224144502121,-55.735967415726506,1.5143940223549297,-1.6769378301011038
129.28219747,11.33521476,-52.13001873,-49.04642359,-3.07569535,-55.07375671,-0.153551035522771,-2.943755834607135,-8.722453979093103,1.5057868961727578,-1.6593379316955288
129.54773249,11.24279926,-51.76402028,-48.84003542,-3.15544884,-54.84079625,-0.144049752254504,-2.945368789362011,162.77961098112303,1.4879870345493913,-1.6320367868038952
129.63568719,11.34739863,-51.78397957,-48.80003695,-3.12189829,-54.83734421,-0.133811557704136,-2.9435431859599994,158.8109050496822,1.460994437484823,-1.5948059951889588
130.69697101,12.16717019,-50.69912939,-48.60549724,-2.9200264,-53.98429514,-0.122522901579895,-2.9292354731237893,-109.024897699026,1.4248091049790599,-1.5473320065589549
130.78429071,12.26950196,-50.71203255,-48.55902303,-2.88348458,-53.97421271,-0.109800408342441,-2.927449446807896,-134.4870506254381,1.3794310370320932,-1.4892314453745343
131.28921563,12.46687447,-49.39127627,-48.29400588,-2.81125569,-52.76922072,-0.0952338411376493,-2.92400464665547,-55.89828652682538,1.3248602336439284,-1.4200940747815776
131.46978481,12.42105125,-49.01329391,-48.11080405,-2.8633903,-52.36781658,-0.0784438101296844,-2.924804412718336,30.83725564107631,1.2610966948145688,-1.3395405049442533
131.72480114,12.44630516,-47.94809895,-47.84044398,-2.78971117000001,-51.06996327,-0.0591309165079404,-2.924363648839833,51.7914238224515,1.1881404205440074,-1.2472713370519477
132.20290743,12.749285,-46.90584665,-47.60011687,-2.74166648,-49.98706732,-0.0371184500357369,-2.9190756530646684,-59.49233135436938,1.1059914108322495,-1.1431098608679864
132.43037617,12.72247885,-46.05848707,-47.34234955,-2.75384083,-48.90850451,-0.0124007761099464,-2.919543508641952,-57.676701985438505,1.0146496656792898,-1.0270504417892363
132.70444826,12.7366528,-45.08577266,-47.07532012,-2.76415293,-47.67205927,0.0148306327233904,-2.919296126546438,40.57707076781103,0.9141151850851355,-0.8992845523617451
132.92977648,12.66818938,-44.57494946,-46.8395585,-2.84525433,-47.09175346,0.044209162863968,-2.9204910386426137,58.087409374358856,0.8043879690497793,-0.7601788061858112
133.42619429,12.95651009,-43.09869307,-46.55954108,-2.73284064000001,-45.33009915,0.0752443672877744,-2.9154588929514262,-42.17372414748954,0.6854680175732284,-0.610223650285454
133.6845518,12.94671625,-42.27687176,-46.25174525,-2.82096749,-44.03061897,0.107399904130799,-2.91562982770584,-44.23917645488995,0.5573553306554739,-0.4499554265246749
133.95712362,12.93472974,-41.41130285,-45.96389806,-2.86134466000001,-42.75362785,0.140215451414903,-2.9158390317711635,21.31142311663225,0.4200499082965248,-0.2798344568816218
134.25614848,12.97177131,-40.59329891,-45.67714169,-2.90795701,-41.46427292,0.173442444007875,-2.915192534414555,22.53386219669196,0.2735517504963738,-0.1001093064884988
134.58058452,13.03505485,-39.80828087,-45.39934211,-2.96174331,-40.1969728,0.207108697615002,-2.9140880282792376,-4.470386862291953,0.11786085725502815,0.08924784035997385
134.91433127,13.12593589,-39.11400503,-45.11249526,-3.00979924,-38.97630891,0.24144147091246,-2.912501854903601,-2.538000202378932,-0.04702277142752109,0.2884642423399811
135.11963403,13.10976653,-38.79867665,-44.89835097,-3.11889433,-38.4250546,0.276676210801608,-2.912784063473541,25.45175250939113,-0.22109913555126326,0.49777534635287124
135.60257522,13.2655588,-37.85721631,-44.52572305,-3.13234875,-36.60751493,0.312861571629894,-2.910064975412885,-1.4707645260481073,-0.4043682351162108,0.7172298067461047
135.91710644,13.33030601,-37.44417258,-44.16902513,-3.31213774,-35.47464633,0.349755913537524,-2.908934923416905,-14.763872787639798,-0.5968300701223495,0.9465859836598735
136.25128606,13.39675485,-36.9307101,-43.81629957,-3.43591629,-34.10462457,0.386846918387044,-2.9077751723747736,3.5628139059173947,-0.7984846405696935,1.1853315589567375
136.60471305,13.46625473,-36.47217228,-43.45787545,-3.57028298,-32.8153661,0.423466743824636,-2.906562170639033,-0.4784855050932179,-1.0093319464582304,1.4327986902828664
136.98552059,13.54836432,-36.02294534,-43.07209513,-3.72380222,-31.45868061,0.458932186175358,-2.9051290879460705,12.516255230221596,-1.2293719877879727,1.6883041739633309
137.21200331,13.59946193,-35.79853623,-42.84384375,-3.84327965,-30.78770643,0.492646992682607,-2.9042372664116707,29.01584050567952,-1.4586047645589062,1.9512517572415131
137.80097991,13.77168665,-35.15446694,-42.27755607,-4.00081955,-28.51757166,0.524154089363382,-2.9012313779943453,0.7557031315030827,-1.697030276771045,2.221184366134427
138.33243843,13.89891765,-34.67531256,-41.77846676,-4.20383799,-26.96992312,0.553155856116598,-2.89901077813374,-20.245215439218534,-1.9446485244243767,2.4978043805409746
138.85345929,13.99933884,-34.18080679,-41.25810441,-4.41579472,-25.35035856,0.579510501487092,-2.8972580977294697,-14.657988897912588,-2.201459507518912,2.780970009006004
139.38513564,14.08237683,-33.68289932,-40.69801157,-4.64427722,-23.6497447,0.603201197173559,-2.895808811399732,-18.43576279049408,-2.467463226054642,3.070664423228201
139.93707594,14.14300694,-33.16130516,-40.09048589,-4.90042143,-21.83832205,0.624285261029803,-2.894750616354385,-8.08169648681023,-2.742659680031574,3.366944941061377
140.56327331,14.16020687,-32.54201387,-39.4438407,-5.13429143,-19.97145411,0.642842881464088,-2.8944504209447723,-9.991378158482611,-3.0270488694497004,3.6698917509137883
141.10219628,14.24037033,-32.08460283,-38.76237235,-5.43670925,-18.08133483,0.658940549068422,-2.893051304627982,-16.67379182408002,-3.3206307943090305,3.9795713433774527
141.73656465,14.18079053,-31.41588707,-38.02765034,-5.71701176,-15.9977973,0.672613422836614,-2.8940911683056614,-0.3215018655167156,-3.6234054546095553,4.296018877446169
142.30117879,14.24219993,-30.93072874,-37.26044311,-6.05561372,-13.96085996,0.683865523644973,-2.893019372083987,-13.479244135670143,-3.935372850351282,4.619238373996255
143.0193419,14.19953212,-30.3375954,-36.45899895,-6.33816503,-11.96774253,0.692684571808332,-2.893764065853102,-28.455661374295893,-4.256532981534203,4.949217553342535
143.56672304,14.16679915,-29.73158975,-35.62171649,-6.75831828,-9.95551298000001,0.699065671070525,-2.8943353639535587,-5.167527216074497,-4.586885848158328,5.285951519228853
144.15746889,14.05523478,-29.02540533,-34.73621094,-7.05151697,-7.36037253,0.703035049672317,-2.8962825295379724,13.292874387484945,-4.926431450223651,5.629466499895968
144.75298298,14.06179062,-28.51874729,-33.83726836,-7.52722764000001,-5.4611661,0.704664038934932,-2.896168108544738,17.48802980804154,-5.275169787730167,5.979833826665099
145.44584008,13.9871,-27.96867735,-32.87169772,-7.86004892999999,-3.04038724,0.704070565172091,-2.897471705784094,-3.243748520040945,-5.633100860677889,6.33717142584998
146.02665034,14.05698112,-27.36892998,-31.93270872,-8.29874393,-0.68029117,0.701413089594216,-2.896252050155113,-53.824718438391095,-6.000224669066803,6.701637758661019
146.67643647,13.90037991,-26.61311201,-30.86486421,-8.75660843,1.89015906,0.696877831008747,-2.89898525688222,-79.05724712176543,-6.376541212896921,7.073419043905668
