knee_moment,thigh,shank,foot,thigh_,shank_,foot_,shank_new,shank_new_second derivative,T_physics,knee_moment_minus_T_physics
3.68438878619687,206.91508151,174.91715272,38.65148094,38.42002378,26.06420789,22.94991271,-0.0887124204120382,-11.167841775397136,1.0387981496094338,2.6455906365874364
4.08307552540083,206.13892398,172.39914201,38.8474799,37.47372588,23.82859535,22.18941552,-0.1326599979020183,-23.241526885865404,1.2123270034980913,2.870748521902739
4.50780120522662,205.33398901,169.84913779,38.98225618,36.44954191,21.44460796,21.39986904,-0.1771659674807683,-40.47392006369925,1.3785656530426058,3.1292355521840145
4.95506433129761,204.47735939,167.22995645,39.13682427,35.35164499,18.92251528,20.63948737,-0.2228793055705651,-31.45990708772146,1.537514098242977,3.417550233054633
5.41968333313713,203.57030244,164.54922438,39.33720336,34.18182518,16.26526731,19.95425224,-0.2696669065558683,-26.531763995864743,1.689172339099205,3.7305109940379255
5.89505136474463,202.65622036,161.8805189,39.56151393,32.96345238,13.54718914,19.27576228,-0.3162446039478839,-46.87062333076213,1.83354037561129,4.06151098913334
6.37346861083414,201.66073559,159.09729516,39.95878521,31.66432155,10.65028618,18.85856972,-0.3648210220305547,-34.010786074650845,1.970618207779232,4.402850403054908
6.84647131662975,200.61265828,156.26253246,40.50612226,30.28454776,7.57744384,18.72443923,-0.414296964658279,8.44957000523383,2.1004058356030306,4.7460654810267195
7.30513737996817,199.55863594,153.45049849,41.15934831,28.87451366,4.48543401999999,18.70053488,-0.4633762161127062,9.12974924933856,2.2229032590826865,5.0822341208854835
7.74040962501811,198.52275739,150.69295849,41.94232699,27.44622857,1.41439291000003,18.75395764,-0.5115043683681507,-2.163632313822994,2.3381104782181987,5.402299146799911
8.14345881961662,197.40501715,147.85601143,42.94504052,25.93858651,-1.84633482000001,19.25219023,-0.5610184352699239,15.3301640620791,2.4460274930095687,5.697431326607052
8.50606421172688,196.32293996,145.11098782,44.07170095,24.43045548,-5.03457366000001,19.80199955,-0.6089281353094047,25.83754357792128,2.546654303456795,5.959409908270085
8.82097656259674,195.19695983,142.34935974,45.38140788,22.8706297,-8.31713667999998,20.68452886,-0.6571276380209337,35.11596869958389,2.639990909559878,6.1809856530368625
9.08223334696024,194.09308236,139.67705537,46.82474597,21.29309884,-11.58784622,21.73313485,-0.7037681478928666,40.32826012031592,2.726037311318818,6.356196035641423
9.28540277691867,192.97396598,137.04390773,48.37560663,19.68955185,-14.86688207,22.96890966,-0.749725243901985,44.98988270875461,2.8047935087336153,6.480609268185054
9.42774157042927,191.85318287,134.47418683,50.00122023,18.06511507,-18.13747284,24.34337083,-0.7945753344642968,58.774076007311926,2.8762595018042694,6.551482068625
9.5082599322972,190.74503231,131.99622876,51.70111258,16.41276626,-21.42710713,25.93181532,-0.8378238615121609,68.82037269602907,2.94043529053078,6.56782464176642
9.52769517878718,189.64557387,129.60806894,53.42799542,14.76792023,-24.62268701,27.52062939,-0.8795051134349959,70.38136899907394,2.9973208749131475,6.530374303874033
9.48840402791119,188.57549785,127.34286148,55.1544551,13.14438472,-27.68104761,29.04289841,-0.919040441852734,65.44584141915388,3.0469162549513724,6.441487772959818
9.39419145232256,187.49794668,125.14520659,56.85948315,11.47070139,-30.82098573,30.76433698,-0.9573967555057876,72.76285505546038,3.0892214306454537,6.304970021677105
9.25009245363087,186.43914639,123.06447125,58.52192128,9.81583176999999,-33.83780665,32.42784884,-0.9937124380513916,83.94023680054924,3.1242364019953923,6.125856051635478
9.06211515511433,185.40070641,121.09924469,60.1246713,8.16525496,-36.77595846,34.0613552,-1.0280121120710333,83.25935942473438,3.1519611690011873,5.910153986113143
8.83695424606241,184.39283895,119.26702315,61.65587195,6.53697811999999,-39.58339044,35.60774209,-1.0599904105699942,78.2496169543534,3.1723957316628395,5.6645585143995705
8.58169045293593,183.39532563,117.53032378,63.10225385,4.88329436000001,-42.40261959,37.20942901,-1.0903015326938057,87.70256627458117,3.185540089980349,5.396150362955582
8.30349295843303,182.4205612,115.91791233,64.44725415,3.25649743,-45.08508932,38.69181615,-1.1184434213931616,88.62651565532565,3.191394243953715,5.112098714479314
8.00933838683643,181.5053545,114.46390156,65.73887256,1.65294694000002,-47.6548715,40.12796849,-1.1438206966891196,79.96113743341304,3.189958193582937,4.819380193253492
7.70575612288166,180.56061009,113.07659404,66.81840455,0.0448710100000085,-50.15919773,41.41632869,-1.1680337806507963,89.89897238109057,3.1812319388680166,4.524524184013643
7.39860612312156,179.68290479,111.85562291,67.83181133,-1.53252333,-52.53274864,42.62210495,-1.1893437469410924,98.49147961607852,3.1652154798089533,4.233390643312607
7.09289229247592,178.83111325,110.75035892,68.76662478,-3.08064016,-54.7821997,43.74785952,-1.208634242670322,87.54880276748533,3.1419088164057474,3.9509834760701725
6.79261210099858,178.03508569,109.81165887,69.50315975,-4.60484151,-56.89709699,44.64981239,-1.2250176492314573,83.97698994393244,3.111311948658397,3.6813001523401834
6.50064146294679,177.22099804,108.92574149,70.18344647,-6.11712029999998,-58.94643123,45.57339907,-1.2404798244130992,99.84284442266843,3.0734248765669046,3.4272165863798856
6.21865295375035,176.50097444,108.24884754,70.67280603,-7.60770747000001,-60.88400515,46.32481458,-1.252293852527429,91.96841451117432,3.0282476001312686,3.1904053536190817
5.94706509360454,175.79596025,107.67318142,71.06007632,-9.05515362,-62.65881278,46.9234735,-1.2623411217136096,79.91328050531709,2.97578011935149,2.9712849742530505
5.68502052841178,175.11774969,107.21297641,71.32528292,-10.46970662,-64.29888294,47.38590691,-1.2703732143722832,85.08306094145989,2.9160224342275676,2.7689980941842123
5.43039131513385,174.47346787,106.87849072,71.45947837,-11.84716387,-65.79539079,47.69819922,-1.2762110909635882,82.94470099520889,2.8489745447595025,2.5814167703743474
5.17980999090293,173.86133866,106.66459531,71.47108673,-13.18770618,-67.14905337,47.86506372,-1.2799442701229915,81.02436583378835,2.7746364509472943,2.4051735399556358
4.92872551480797,173.27133535,106.55903815,71.35954476,-14.48091799,-68.32575211,47.83461125,-1.281786590114046,83.07538252295244,2.6930081527909424,2.235717362017027
4.67148340088599,172.71977764,106.58044963,71.13502775,-15.74013764,-69.38301432,47.71965548,-1.281412889290321,80.46775590071498,2.604089650290448,2.0673937505955418
4.40142934457139,172.19563143,106.71557246,70.78351274,-16.96063819,-70.29459985,47.44714627,-1.2790545510122084,75.78810057045304,2.507880943445811,1.8935484011255794
4.11103536427048,171.69469237,106.95735023,70.32182572,-18.13767264,-71.04967944,47.02446662,-1.2748347328675789,72.55358658748933,2.40438203225703,1.7066533320134498
3.79204695401274,171.21882812,107.3063406,69.75197632,-19.27068876,-71.64932375,46.4532941,-1.2687437018533256,70.00977094803629,2.293592916724106,1.4984540372886341
3.43564902096403,170.75911273,107.74995226,69.08046498,-20.36086319,-72.09834049,45.73968435,-1.261001217786088,69.84879574046143,2.1755135968470385,1.2601354241169913
3.03264753723693,170.32327599,108.29823518,68.30648509,-21.41077318,-72.40446594,44.89935353,-1.2514318755996392,64.01957580771445,2.0501440726258284,0.9825034646111015
2.57366296489911,169.9063734,108.94275841,67.43743395,-22.41858821,-72.56504537,43.93064932,-1.2401828231305507,64.80235772257092,1.9174843440604759,0.6561786208386342
2.04933105431462,169.49071784,109.65693491,66.49473242,-23.37361943,-72.55548958,42.82391906,-1.227718091765181,71.95856719356853,1.7775344111509792,0.2717966431636407
1.45050966982055,169.12560883,110.50685472,65.42142804,-24.31697857,-72.48017885,41.62292559,-1.2128841927027565,64.35723767677759,1.6302942738973396,-0.17978460407678964
0.768497080714779,168.76507313,111.42792686,64.28001657,-25.20923604,-72.24339661,40.30343778,-1.1968084512113666,58.81304920950736,1.475763932299558,-0.707266851584779
-0.00473257392139,168.42458137,112.43969084,63.05056204,-26.06557647,-71.88626191,38.88342411,-1.1791498385072845,60.80855744714509,1.313943386357632,-1.318675960279022
-0.876279098286235,168.10317997,113.53589276,61.73899382,-26.89028462,-71.42114364,37.35781639,-1.1600175057366011,60.11748211251167,1.1448326360715628,-2.021111734357798
-1.85205712521771,167.804187,114.72093433,60.34417745,-27.68182101,-70.84900091,35.74906792,-1.139334628567098,59.13626149769424,0.9684316814413506,-2.8204888066590605
-2.93653053405125,167.52706727,115.98830646,58.87176077,-28.44326012,-70.17955991,34.05324661,-1.1172148120505845,54.9536061252276,0.7847405224668805,-3.721271056518131
-4.13244093339692,167.27623072,117.34100364,57.32336138,-29.17515566,-69.41922106,32.28671402,-1.093605792477142,54.80760235198501,0.5039106771617266,-4.636351610558647
-5.44053103916734,167.03592618,118.75558113,55.69633913,-29.87664338,-68.56751115,30.41862542,-1.068916757752045,54.95282945371383,0.17891268715401054,-5.61944372632135
-6.85926466594481,166.84637782,120.27509738,54.02179613,-30.56125602,-67.67103978,28.5780312,-1.0423961961519876,47.31680453672888,-0.14803054438811108,-6.711234121556699
-8.38454663370335,166.65990907,121.83771232,52.26270733,-31.20778061,-66.66445238,26.56954288,-1.0151234205081343,42.92426110440779,-0.47697130116147246,-7.907575332541877
-10.0094482113656,166.51461728,123.48029644,50.46882478,-31.8398595,-65.63095938,24.59313195,-0.9864549193731604,36.135267162692486,-0.8570896124910541,-9.152358598874546
-11.7239467263069,166.38455866,125.16578141,48.63765597,-32.45474104,-64.5643796,22.59918096,-0.9570376571537828,29.11140077288099,-1.2529247196611517,-10.471022006645748
-13.5147063592127,166.27555065,126.89253533,46.76873683,-33.04891407,-63.45728208,20.59819852,-0.9269001158780638,27.42889988329722,-1.6745251085246078,-11.840181250688094
-15.3649759260914,166.19038709,128.66064654,44.86570852,-33.61667314,-62.29900393,18.5339736,-0.8960407537221431,22.07745510663832,-2.161466244545039,-13.203509681546361
-17.2546985642589,166.13114467,130.46193024,42.94413597,-34.16426895,-61.11339914,16.46542077,-0.8646024223946375,12.43602418983798,-2.7212732404563034,-14.533425323802595
-19.1608535398665,166.09288528,132.28200617,41.01876508,-34.69220214,-59.90909437,14.39835882,-0.8328361047798396,7.775392948421445,-3.4514368154966073,-15.709416724369895
-21.0579665792028,166.06972308,134.10257832,39.10090982,-35.20113432,-58.69380553,12.33824673,-0.8010611264922274,-3.717635082552917,-4.411895073234371,-16.64607150596843
-22.9187260703606,166.08053435,135.94791552,37.19273578,-35.68698635,-57.46171203,10.27774532,-0.768853916542694,-26.227577541856384,-5.606317345905051,-17.312408724455548
-24.7146779768469,166.07849228,137.72192592,35.33548209,-36.16659287,-56.26775962,8.30186386,-0.7378915940980726,-28.369178564521302,-7.034084450264937,-17.680593526581962
-26.416983231304,166.08388245,139.46355192,33.52932377,-36.61394396,-55.04537298,6.30412837,-0.707494486059734,-19.265090891167347,-8.605988189581359,-17.81099504172264
-27.9972146481269,166.11319915,141.1787301,31.7668829,-37.05565633,-53.87518717,4.38782981,-0.6775589795603699,-29.56892661898687,-10.042167828323285,-17.955046819803613
-29.4281619456968,166.16973288,142.86880748,30.06356189,-37.48826586,-52.75411917,2.56938793,-0.6480615646658907,-56.995595971501785,-11.321108719096237,-18.107053226600563
-30.6846122707441,166.21821585,144.46611681,28.44815281,-37.89639775,-51.64999842,0.78679966,-0.620183257684566,-79.27034833277612,-12.452831485643092,-18.23178078510101
-31.7440778521754,166.25452579,145.94750233,26.9357911,-38.2979513,-50.61519263,-0.909093989999999,-0.5943282028691976,-72.47329271524939,-13.292103797068645,-18.451974055106756
-32.5874247851572,166.26685497,147.29931788,25.53237655,-38.68133882,-49.63020487,-2.5647639,-0.5707345706420396,-65.8333237117148,-13.817437090940532,-18.769987694216667
-33.1993144577384,166.32144188,148.6109558,24.20734253,-39.04686098,-48.693578,-4.09721594000001,-0.5478421703440295,-85.68688901211208,-14.023722937835979,-19.175591519902426
-33.5684040663264,166.34299978,149.75532179,23.03951997,-39.40206368,-47.84861803,-5.53079811,-0.5278692159706847,-88.08122243712523,-13.916068470379829,-19.652335595946575
-33.6873930928633,166.36747591,150.78345956,21.986855,-39.72298621,-47.02037771,-6.92575498,-0.5099248267200726,-79.30816612701177,-13.512816632960856,-20.174576459902447
-33.5530636359629,166.40285506,151.70665747,21.03880196,-40.03967317,-46.30483967,-8.17294504,-0.4938119835430423,-83.59889752274366,-12.926938473081263,-20.626125162881635
-33.1663719220561,166.43734422,152.501561,20.21770406,-40.33483352,-45.65562002,-9.32969263,-0.4799382997088168,-82.33627398197605,-12.223594544451123,-20.942777377604976
-32.5325555269793,166.47866216,153.17900675,19.51128066,-40.60707998,-45.07189127,-10.39413205,-0.4681146408676743,-78.74484016698156,-11.449709549598307,-21.082845977380995
-31.6611993410245,166.53327744,153.74791034,18.91778166,-40.87113521,-44.59691152,-11.31900718,-0.4581854000957586,-90.13705623502013,-10.700679586309747,-20.960519754714753
-30.5662108620428,166.59533279,154.20018133,18.42573025,-41.09431709,-44.13682335,-12.21788043,-0.4502917822090045,-76.38836118810887,-9.97659636282014,-20.589614499222662
-29.2656673703588,166.61946313,154.47781239,18.03614232,-41.29711282,-43.75191238,-13.01518277,-0.4454462061062025,-50.01435575801016,-9.314706785952277,-19.950960584406523
-27.7815123778595,166.75017888,154.78368284,17.69950949,-41.46448938,-43.37926658,-13.80880897,-0.4401077596691455,-66.1024063584903,-8.705289747912962,-19.076222629946535
-26.1390947917558,166.82345594,154.92115329,17.42619455,-41.58549557,-42.99540546,-14.59873534,-0.4377084476924474,-69.36218049171828,-8.159417019877207,-17.979677771878592
-24.3665598853059,166.93062598,154.98844546,17.2109294,-41.68911093,-42.67162415,-15.31057815,-0.4365339777651356,-53.1932932216106,-7.680283036077226,-16.686276849228676
-22.4941150057775,167.03719515,154.96707817,17.03338693,-41.75790897,-42.34458812,-16.02136569,-0.4369069073278641,-49.97767940911224,-7.253936596922541,-15.240178408854957
-20.5532038574063,167.16762509,154.88843296,16.87175719,-41.79715298,-42.02016612,-16.73890387,-0.4382795251832868,-41.37634429877246,-6.86760663166506,-13.685597225741239
-18.5756304444768,167.28900676,154.72665204,16.71810527,-41.8139923,-41.69542828,-17.48919834,-0.441103134904192,-25.75645383554037,-6.508300680486283,-12.067329763990518
-16.5926770379147,167.43933297,154.55135147,16.55730158,-41.78518115,-41.30477686,-18.25540147,-0.4441627070313151,4396.375948467293,-6.150641671579351,-10.44203536633535
-14.6342599261765,167.59339193,154.3386523,16.38797777,-41.71904806,-40.85438874,-19.04723788,-0.4478750078640739,4024.175048484233,-5.81599930002324,-8.81826062615326
4.17916899343615,210.044856,179.40364868,37.0310847,41.12847353,31.09870707,20.72215404,-0.0104082940326142,-5185.221566488427,-5.491901764881034,9.671070758317185
5.12517216907653,209.34835217,177.00747719,37.38154905,40.13889866,28.7647038,20.12156711,-0.0522293759755326,-4850.296623271297,-5.157945500121193,10.283117669197722
6.1120890691416,208.60868247,174.54681473,37.75373936,39.06675824,26.26803857,19.57260122,-0.095176037682756,-79.14008917471129,-4.832939903177378,10.945028972318978
7.10390393078554,207.75389632,171.88614949,38.3318135,37.87337213,23.48845813,19.32549085,-0.1416134064141209,-55.21383646203368,-4.490134427684016,11.594038358469556
8.05815844277624,206.88877695,169.23654147,38.91811562,36.62676266,20.63296506,19.09948762,-0.187857790250369,-62.99912542730475,-4.140956022339509,12.199114465115748
8.92807858418913,205.93644283,166.44846981,39.71446867,35.281944,17.55915996,19.18634593,-0.2365188204989126,-59.98126090972011,-3.781103705332675,12.709182289521806
9.66536190161574,204.91358812,163.56530981,40.70249064,33.84637322,14.29522696,19.56633783,-0.2868394553607124,-29.887909974398497,-3.4006158512589093,13.065977752874648
10.2234331959697,203.86550506,160.66712282,41.8102416,32.36790075,10.96737388,20.10619422,-0.3374223606746763,-21.927587174432794,-3.0187878345602273,13.242221030529926
10.5609174087683,202.77296345,157.72283304,43.08788444,30.83654129,7.54494603999999,20.87977137,-0.3888099114684957,-25.93588066396588,-2.6263511979233884,13.187268606691688
10.6451200552697,201.65427512,154.76014001,44.53857043,29.28442483,4.11838907000001,21.81431113,-0.4405186595678833,-34.84741488758001,-2.208032169651666,12.853152224921367
10.4553214415121,200.46636389,151.73175462,46.14674935,27.67687042,0.589983350000011,22.99962809,-0.4933739556426755,-36.06677520685828,-1.7598532446226178,12.215174686134716
9.9856244521238,199.21968851,148.65349622,47.89581016,26.04493605,-2.95917062000001,24.35728259,-0.5470996999498483,-28.778076047008483,-1.3065789395995733,11.292203391723373
9.24704021939022,197.91706012,145.5340288,49.77316658,24.40518396,-6.48889861000001,25.84849898,-0.6015446773375412,-36.5914822665264,-0.8417979717419156,10.088838191132135
8.26850073958486,196.55881507,142.3819662,51.76057524,22.77149606,-9.96285751999997,27.43800778,-0.6565585479365141,-61.179762799099535,-0.36916976775784227,8.637670507342703
7.09653768909549,195.09689378,139.12664923,53.8256381,21.14475559,-13.3800654,29.06524305,-0.7133745472590596,-73.36897823408073,0.11092901532331623,6.985608673772173
5.79345565145446,193.51785105,135.75990196,55.99346439,19.55280833,-16.68567559,30.73999814,-0.7721353722030899,-75.80673545087836,0.6005974212349843,5.192858230219476
4.43395609948931,191.82824336,132.29889638,58.20389964,18.00272481,-19.85075861,32.37786078,-0.832541315003986,-92.63261002999688,1.0977910376884834,3.336165061800827
3.10033385600968,189.99448016,128.70349712,60.46004949,16.5131676,-22.83628081,33.95833843,-0.8952928700147536,-106.60095476326514,1.5817329239987905,1.5186009320108895
1.87654887546623,187.98604445,124.94039777,62.74762671,15.10824044,-25.58459213,35.41834196,-0.960971343751912,-110.4104604869848,2.0819320316058842,-0.2053831561396542
0.841630508984526,185.80848166,121.0363138,64.99495568,13.81364595,-28.02716336,36.64169765,-1.0291104633027437,-116.91005265877408,2.581991667862237,-1.740361158877711
0.0629900766756635,183.42387609,116.94929382,67.22454671,12.63502092,-30.14812096,37.65293682,-1.1004424185485366,-101.64687084273092,3.0611644053891616,-2.998174328713498
-0.409689463314862,180.83100361,112.69928522,69.40239937,11.59766198,-31.8811763,38.39965948,-1.1746190618566112,-67.23822649310928,3.54651427160502,-3.9562037349198818
-0.549290248256633,178.06745885,108.3757962,71.37877425,10.73073449,-33.1380507,38.68721426,-1.2500781804294343,-28.018596022998388,4.031118304763072,-4.580408553019705
-0.35420657506495,175.12597876,103.97700998,73.20575271,10.0194771,-33.95973643,38.64750895,-1.3268514830597895,46.42664123964959,4.491460260520381,-4.845666835585331
0.151031293728831,172.08866966,99.64176385,74.79256407,9.46376723999998,-34.32991316,38.22366611,-1.4025158019126318,156.18851817796653,4.933397019994077,-4.782365726265246
0.917631971960615,169.05949846,95.5207398,76.08982751,9.02880746999998,-34.32186742,37.46501583,-1.4744412401390032,286.3235588976366,5.344017953007963,-4.426385981047348
1.87679137194764,166.18614476,91.80262579,77.07482852,8.65352147999999,-34.06590853,36.46209658,-1.5393345715780329,428.6226124978842,5.716952716513921,-3.8401613445662814
2.94589078376397,163.65470592,88.70498277,77.74347892,8.24093819000001,-33.77870059,35.36276415,-1.593398641328453,541.7706498418838,6.093813696526637,-3.147922912762667
4.03596991013823,161.64801261,86.4193144,78.11366535,7.68534563,-33.69336266,34.34410538,-1.633291079993645,587.2789284997303,6.4504931988714596,-2.4145232887332293
5.05963778748139,160.25611085,84.99334291,78.2800408,6.87175554999999,-34.06973072,33.56868371,-1.6581789775337146,579.5548971005448,6.778457324445692,-1.7188195369643022
5.93853716653551,159.50024773,84.40086341,78.31555016,5.71752547,-35.10232819,33.19135095,-1.6685196955592845,536.520669781293,7.0171480060915865,-1.0786108395560765
6.60955334647291,159.38271541,84.60230801,78.28346779,4.17549252000001,-36.92946614,33.35078839,-1.6650038240289216,467.8775143268488,7.203696888400994,-0.5941435419280845
7.02914396458469,159.79036944,85.45644942,78.19697672,2.24354896,-39.56826551,34.08360392,-1.6500962441467946,377.1533677286998,7.334479543455643,-0.3053355788709533
7.1754310063149,160.66296366,86.8920138,78.05592298,-0.0170104499999866,-42.93137958,35.3512695,-1.6250409190914437,274.2701126251723,7.40731951577283,-0.23188850945792971
7.04799704315627,161.79301442,88.67296505,77.92926072,-2.52767038000002,-46.8974086,37.26353752,-1.593957455961435,165.70610925769725,7.447846053311983,-0.3998490101557124
6.66561666174708,163.10591412,90.75317158,77.65680495,-5.11590792000001,-51.05961233,39.34809098,-1.5576510028914483,56.44617155895703,7.469573502071083,-0.8039568403240027
6.06238767275591,164.36339545,92.83890675,77.36760128,-7.70618076,-55.28882626,41.72255812,-1.521248056850305,-18.3131795904834,7.390737035252064,-1.3283493624961542
5.28287346095578,165.55049668,94.9377421,76.94442568,-10.16507765,-59.22580599,43.92588303,-1.4846164695355577,-74.6976310711056,7.2164647406882745,-1.9335912797324948
4.37691350809857,166.55896128,96.89992166,76.43581058,-12.45754574,-62.78468233,45.89553723,-1.4503699756982238,-113.27747445198932,6.735735115786253,-2.3588216076876822
3.3947082177832,167.36632006,98.69432672,75.85473679,-14.55932189,-65.88899549,47.55414265,-1.4190516992867774,-119.35574239702484,6.25118925457199,-2.8564810367887903
2.38265742042539,167.97051037,100.31190445,75.2097729,-16.46583956,-68.50946748,48.84493061,-1.3908196419913414,-111.1981781929594,5.77268160493295,-3.3900241845075603
1.3802603218997,168.38782627,101.76705331,74.50130008,-18.1867398,-70.65744528,49.74411894,-1.3654225032776997,-97.12304199874566,5.2984511613895195,-3.9181908394898195
0.418201962064665,168.63895136,103.08676861,73.70769065,-19.74795438,-72.40468629,50.31928966,-1.342389126103755,-79.883437120436,4.839153828819367,-4.420951866754702
-0.482412866476948,168.74835511,104.28330586,72.90429016,-21.14736143,-73.70494106,50.48128379,-1.3215056114684964,-57.40658784909369,4.384720170335889,-4.867133036812837
-1.30984217391283,168.74269772,105.40393439,72.01825343,-22.42743932,-74.70166272,50.39539668,-1.3019469539282122,-36.11671780340719,3.9557033623873084,-5.265545536300138
-2.06074581185368,168.64858462,106.47064289,71.05583965,-23.59911295,-75.4082865,50.02914477,-1.2833293784442026,-18.1616954833852,3.5205092428604297,-5.581255054714109
-2.7387489221541,168.48724412,107.51416662,70.03393518,-24.67498521,-75.85858277,49.43982681,-1.2651164535330102,-0.557657130617617,3.0912692153623387,-5.830018137516438
-3.35278542845125,168.27830594,108.55392107,68.93562909,-25.67007856,-76.08625029,48.63433366,-1.2469693149682473,10.887904926006886,2.6847076038367153,-6.037493032287966
-3.91543256091666,168.04366665,109.62120371,67.7287561,-26.58965535,-76.11478758,47.63447521,-1.2283417188508698,14.653794871717365,2.319715384283899,-6.235147945200559
-4.44138294699961,167.78900559,110.69958235,66.52347822,-27.46629327,-76.02901049,46.54610427,-1.2095204609996912,28.412052577593272,1.9621906121723958,-6.403573559172006
-4.94614361671617,167.51532827,111.81220086,65.20569941,-28.2591313,-75.70330918,45.20046453,-1.1901016046815578,42.18960489835055,1.6102475808857404,-6.5563911976019105
-5.44501157694179,167.27202595,113.0080327,63.79667269,-29.01941398,-75.30068991,43.7714565,-1.169230401773376,35.74515291361768,1.1616993962595228,-6.606710973201313
-5.95233629777918,167.02958942,114.24492664,62.32483717,-29.73567858,-74.78109243,42.23789061,-1.147642530022411,36.52642337333533,0.7126731258408827,-6.665009423620063
-6.48104079967701,166.79424711,115.52128769,60.78209223,-30.41312952,-74.15458927,40.57814812,-1.1253658272556988,48.971614032398136,0.258790735270555,-6.739831534947565
-7.04234917304163,166.59468981,116.88693341,59.17488354,-31.04254606,-73.40347658,38.8207158,-1.10153081302593,44.70648138079847,-0.16389345452050932,-6.878455718521121
-7.64565882409947,166.42569603,118.31512936,57.49169131,-31.656192,-72.62118425,37.01647602,-1.076604091334782,31.549444223677447,-0.5882955286069554,-7.0573632954925145
-8.29849536415452,166.27087234,119.78508945,55.75564481,-32.23203288,-71.74022358,35.09558396,-1.0509484478913695,31.821123920370287,-0.994195599828033,-7.304299764326488
-9.0064947085551,166.12941863,121.28973603,53.96259181,-32.78683951,-70.81434794,33.12503105,-1.0246874109914972,34.98080167566364,-1.3537881572672834,-7.652706551287817
-9.77336846965508,166.03467863,122.8655671,52.13976219,-33.31694818,-69.83131806,31.11854182,-0.997183970364772,29.911197902606723,-1.7066000614086423,-8.066768408246439
-10.6008230826216,165.94883764,124.46476793,50.26972118,-33.82168141,-68.79160307,29.04571828,-0.969272650480646,22.58788711836601,-2.0578365616252414,-8.542986520996358
-11.488425918241,165.90496433,126.11742329,48.37158752,-34.30939888,-67.72013602,26.97286039,-0.9404283730479138,9.240678885940046,-2.4263951124415213,-9.062030805799477
-12.4334580001385,165.85576601,127.76921889,46.43652265,-34.75955894,-66.55802224,24.76205833,-0.9115991012579584,4.136259284956978,-2.800582642826043,-9.632875357312457
-13.4308324909276,165.80901144,129.42222467,44.50748143,-35.19368217,-65.37687078,22.55455717,-0.8827487078424616,8.120742992839869,-3.1855447862192676,-10.245287704708332
-14.4731228743033,165.7920536,131.09736887,42.53792484,-35.60268572,-64.14071002,20.25994116,-0.8535119261067752,3.9885101824610025,-3.5877652283493022,-10.885357645953999
-15.5506743667918,165.77579945,132.77355448,40.57215366,-35.97939852,-62.84733525,17.96755656,-0.8242569683377254,-2.3343045707158616,-4.0604255328755805,-11.490248833916219
-16.651764833377,165.77850484,134.44837133,38.61171577,-36.35153149,-61.57389673,15.69317254,-0.7950258999373457,-6.362438963181116,-4.581283895316588,-12.070480938060413
-17.7628145995541,165.78782655,136.11150971,36.65537997,-36.69979423,-60.26581422,13.39251346,-0.7659986592900608,-9.42948860442101,-5.131950261761127,-12.630864337792975
-18.8686561876113,165.80845976,137.7629197,34.71326736,-37.02452898,-58.93022473,11.07553741,-0.7371761176642344,-29.18160838736972,-5.749867242402485,-13.118788945208816
-19.9528689846576,165.82701114,139.39543795,32.75122036,-37.30010115,-57.47898539,8.61745298000001,-0.7086832991028383,-21.8746565742034,-6.433852796863264,-13.519016187794335
-20.9981743366535,165.79971504,140.91026977,30.87061436,-37.58994589,-56.14136124,6.33309509,-0.68224449622986,0.7195905239465894,-7.144029806908669,-13.85414452974483
-21.9868784321155,165.90437006,142.55403364,29.01778643,-37.85521082,-54.78544609,4.05983001,-0.6535554045730362,-31.089445246018688,-7.888486835266927,-14.098391596848572
-22.9013475005591,165.93297487,144.06174279,27.15151182,-38.06941176,-53.32711424,1.62084333,-0.627240915743091,-46.652050512545614,-8.661984219623697,-14.239363280935404
-23.7244992395214,165.99275361,145.53449993,25.39389062,-38.28533818,-51.95558022,-0.64999487,-0.6015364545678359,-39.22313334592253,-9.387876111988392,-14.336623127533008
-24.4402705506391,166.05946088,146.94591925,23.69873552,-38.48633873,-50.61760937,-2.8706192,-0.5769025403075766,-51.878669341104455,-10.039825928731736,-14.400444621907363
-25.0339754982406,166.13735129,148.29023422,22.0950774,-38.67040989,-49.31298266,-5.02224072,-0.5534398178972278,-58.80535754348992,-10.522171282690664,-14.511804215549937
-25.492505220252,166.22881797,149.53285283,20.65851714,-38.85677716,-48.12250537,-6.99911654,-0.5317520318061726,-55.239473603410616,-10.729227437951396,-14.763277782300603
-25.8044559233637,166.31010845,150.70903863,19.19217002,-39.01377229,-46.91870071,-9.03548706,-0.5112237169809688,-65.62249491939949,-10.588802012387982,-15.21565391097572
-25.9603159847082,166.44665431,151.80328754,17.95752299,-39.18046881,-45.86598759,-10.80906567,-0.4921254706651096,-87.09700509198947,-10.038444676598845,-15.921871308109354
-25.9527537766606,166.55089721,152.75185384,16.80715471,-39.32716666,-44.85827239,-12.56106627,-0.4755698655566497,-93.009641290997,-9.096816222247188,-16.855937554413412
-25.7769680270078,166.65978039,153.57469317,15.80216101,-39.46984292,-43.95360067,-14.17966714,-0.4612086100332456,-92.64842271301364,-8.038261270879724,-17.738706756128074
-25.4310428789413,166.76998443,154.26176306,14.94234829,-39.60872588,-43.15325124,-15.66884595,-0.4492169782614303,-96.21156997682954,-6.848499697345421,-18.58254318159588
-24.9162519520647,166.88324301,154.81526244,14.22212439,-39.74473054,-42.46228601,-17.02739622,-0.439556591672683,-97.77803090576688,-5.53906103988296,-19.377190912181742
-24.2372632264443,166.98961155,155.22042059,13.63140456,-39.87510976,-41.8695995,-18.28511297,-0.4324852479638938,-96.79955743919332,-4.277597304894331,-19.959665921549966
-23.4022085630197,167.09773416,155.49560486,13.16635819,-39.99574828,-41.36140375,-19.43029791,-0.4276823764026971,-110.45345841843024,-3.1239293932769296,-20.278279169742767
-22.422596704038,167.19800821,155.62445751,12.8211807,-40.11202782,-40.94865197,-20.47621047,-0.4254334734102767,-85.43944321208474,-2.1292703980746244,-20.293326305963376
-21.3130649007851,167.25872597,155.54309558,12.69163312,-40.24181118,-40.6929418,-21.29107719,-0.4268535069745541,-58.06825962181794,-1.3452919484544563,-19.967772952330645
-20.0909800437981,167.41341162,155.53896248,12.41891119,-40.31905559,-40.35276385,-22.2822006,-0.4269256431778681,-3396.526715472396,-0.7992085408916307,-19.29177150290647
-18.7759136557619,167.47716347,155.25787968,12.42234457,-40.40023127,-40.12753238,-23.0459369,-0.431831463508593,-3743.0250312072735,-0.4149055560191407,-18.36100809974276
9.84440268204245,194.88962106,135.99280287,59.02105983,21.39195186,-13.38184893,29.09359504,-0.7680704844926991,2565.3683246675987,-0.1706235770045212,10.015026259046971
9.78090270431247,193.66887451,133.52671009,60.84083689,19.50399255,-16.86743747,30.83689337,-0.8111119231633593,2981.152232355955,-0.030110756211726875,9.811013460524197
9.65326871171346,192.4484903,131.14512105,62.58632056,17.60025546,-20.33093742,32.59564615,-0.8526784933407702,76.12833156417915,0.08564819951243535,9.567620512201024
9.462693118616,191.24346889,128.8762846,64.25782005,15.69644568,-23.73033651,34.34246991,-0.8922771595825301,77.3098915425142,0.16481186908340428,9.297881249532596
9.21223042217616,190.06662966,126.73362244,65.8427338,13.79537096,-27.06084438,36.07629588,-0.9296736690324232,71.96622744365281,0.23608651294583588,8.976143909230325
8.90666059617887,188.89053172,124.66881216,67.33816998,11.90957713,-30.2871527,37.67680928,-0.9657114068474494,77.91678790198597,0.34713891284716364,8.559521683331706
8.55226342159354,187.74106193,122.73445994,68.70886579,10.01231722,-33.49589421,39.31795454,-0.9994722219797112,81.72971621637099,0.4786426579144743,8.073620763679067
8.15652322203204,186.60919929,120.90777003,69.98651771,8.13188818,-36.60634462,40.87175978,-1.03135397532217,85.38377244493462,0.6429304372213225,7.513592784810719
7.72778818884267,185.50651408,119.20357422,71.1553961,6.26768619999999,-39.62100664,42.3290534,-1.061097803305362,89.16484850046923,0.8446022407057716,6.883185948136898
7.27490776795862,184.43864293,117.63594088,72.19664336,4.4161507,-42.55589872,43.75286417,-1.0884581665523974,87.68031681727572,1.0587085106131204,6.216199257345499
6.80686931977038,183.397089,116.18356545,73.12976266,2.58443394,-45.38983674,45.07190585,-1.1138068997809658,89.26951764103296,1.276126059934977,5.530743259835402
6.33245198994159,182.39582758,114.86648294,73.95384585,0.783199800000006,-48.09743872,46.26937666,-1.136794326100897,87.19900038814066,1.4823958102651533,4.850056179676437
5.85991188162479,181.43101053,113.67503334,74.64883988,-1.00330076,-50.71334652,47.36088603,-1.1575890444924664,88.13843258467013,1.7005436766770479,4.159368204947743
5.39670861011924,180.48516163,112.59663847,75.21868634,-2.76173026000001,-53.21911718,48.3830166,-1.1764105856105826,88.3380930151123,1.9175749101264463,3.4791336999927935
4.94927949151769,179.59982435,111.67149725,75.68496333,-4.48001198999998,-55.57104423,49.2337416,-1.1925573459455,81.98913322974288,2.1152706555369343,2.834008835980756
4.52286421613245,178.71984256,110.83293399,76.02425498,-6.18500559,-57.84942215,50.02962271,-1.207193035818757,85.97997517208134,2.300376976281325,2.222487239851125
4.12138004011167,177.8914153,110.13772429,76.25222284,-7.84901947,-59.97670358,50.6717912,-1.2193267340755591,85.34076055084493,2.4372300175753185,1.6841500225363513
3.7473453621394,177.09602724,109.56185848,76.37813778,-9.46638281999998,-61.92848568,51.13201214,-1.2293774885097233,80.29006916556058,2.5533198138421724,1.1940255482972275
3.4018480242636,176.3259465,109.09291787,76.37879148,-11.06734911,-63.81139648,51.54126796,-1.237562046150534,82.20031108791659,2.649150894504257,0.7526971297593428
3.08455370938873,175.59511765,108.75081118,76.27095103,-12.62444698,-65.53617036,51.79280386,-1.2435329342841337,79.96219510293612,2.717045040548724,0.367508668840006
2.79374928600256,174.89429007,108.51908454,76.06005622,-14.14322313,-67.11935442,51.90716497,-1.247577327116717,76.65051662308242,2.7709737055105905,0.02277558049196937
2.52641574498152,174.22062358,108.39791351,75.73944518,-15.62333921,-68.56131522,51.882394,-1.24969216054825,75.09933954241265,2.807946883145439,-0.2815311381639187
2.27832536558317,173.57516462,108.38442632,75.3171189,-17.0639124,-69.86166962,51.72140305,-1.2499275564205918,73.15183658584967,2.7728536095548932,-0.4945282439717231
2.04415784472791,172.95539559,108.47530336,74.79398004,-18.46590757,-71.0243521,51.42973251,-1.2483414528581254,70.34618665201275,2.69527319507095,-0.6511153503430398
1.81763026642871,172.35988316,108.66889725,74.16840465,-19.82869973,-72.04720374,51.00085587,-1.2449626020658815,68.68881675833771,2.618020780917825,-0.800390514489115
1.59163595413216,171.78487923,108.95574717,73.44901197,-21.15568443,-72.94447308,50.45462385,-1.2399561265027994,68.15946014153474,2.546832234973638,-0.955196280841478
1.35838744585682,171.23604747,109.34692611,72.62805985,-22.4421169,-73.70025384,49.77294396,-1.2331287660353378,65.85811262308061,2.518075469090659,-1.159688023233839
1.10955908884974,170.70580143,109.82671592,71.71567877,-23.69400643,-74.3372711,48.975619,-1.22475485413332,64.21019892328906,2.4719278041104955,-1.3623687152607555
0.836425425040731,170.19850124,110.40229416,70.70807086,-24.90837282,-74.84463006,48.05632422,-1.214709118742486,63.34022908565995,2.4102272953634554,-1.5738018703227243
0.529995114402814,169.71098021,111.06558201,69.61075518,-26.08694918,-75.23176237,47.0198096,-1.2031325618715116,62.40904880583153,2.300328978463475,-1.7703338640606612
0.181146550247507,169.24604252,111.82057499,68.42326255,-27.22945865,-75.49807806,45.87196951,-1.189955448541068,61.83510077197196,2.1703428706361483,-1.9891963203886414
-0.219227823075179,168.80029765,112.66202561,67.14495773,-28.33483946,-75.64304103,44.62066097,-1.17526936472912,58.68458599524118,2.008626999504698,-2.2278548225798773
-0.680067397657698,168.38472402,113.59314485,65.78479782,-29.40566236,-75.67537372,43.22658269,-1.1590182682624528,56.75673893672073,1.7811855771377074,-2.4612529747954053
-1.20998025141484,167.977488,114.59470712,64.33560964,-30.43416773,-75.57266553,41.71280798,-1.1415377089872043,58.18248967603079,1.5202660881187184,-2.7302463395335583
-1.81706822818795,167.60759109,115.69090687,62.81374997,-31.44554363,-75.41742413,40.16100515,-1.1224054140901656,55.95967150194392,1.2296268150716845,-3.0466950432596347
-2.50873534326384,167.25700412,116.86074974,61.20948476,-32.4200077,-75.14990112,38.49428373,-1.1019878042776858,52.42662244108631,0.8937552727859001,-3.4024906160497403
-3.29147437950506,166.92936494,118.10929419,59.51123582,-33.36502461,-74.7929995,36.7546102,-1.080196592767684,49.12140691545108,0.5368723809049402,-3.82834676041
-4.17062693739843,166.628878,119.42717478,57.76762424,-34.27084273,-74.3240011,34.88770995,-1.0571952373240583,44.58978692168047,0.1503890120614088,-4.321015949459839
-5.15011335562349,166.34437512,120.80912644,55.91970985,-35.13388599,-73.72798217,32.88322009,-1.0330756307536573,45.1722905595342,-0.24685374125975573,-4.903259614363734
-6.23213091698383,166.09019532,122.24908048,54.05074278,-35.98576188,-73.1161175,30.89236765,-1.0079436916782631,42.55286202089587,-0.6684941800065038,-5.563636736977326
-7.41682163657213,165.86682353,123.76777685,52.08479001,-36.79539068,-72.38410779,28.78264142,-0.9814374396836772,32.6060333915767,-1.1619095870029237,-6.2549120495692065
-8.70191467335605,165.65696333,125.31479612,50.09966369,-37.5881731,-71.6238974,26.6608016,-0.9544368598303782,30.8884461480452,-1.6824548574555398,-7.019459815900511
-10.0823787594792,165.47688057,126.91324607,48.07118053,-38.36282449,-70.82916981,24.52895071,-0.9265386452745392,23.732025492202435,-2.217557796983662,-7.864820962495537
-11.5501806176468,165.32551556,128.55748952,45.99221733,-39.09972907,-69.94185227,22.31517974,-0.8978411833676887,13.48970389387194,-2.7673996977099216,-8.78278091993688
-13.0942328603346,165.16543104,130.19468978,43.91075028,-39.7849691,-68.93119488,19.96614101,-0.8692666483161813,15.72517919569032,-3.3344130661730045,-9.759819794161595
-14.7005121303737,165.0442332,131.87747323,41.79517438,-40.47491217,-67.96738334,17.71695536,-0.839896536515612,4.725147337214519,-3.9264840543693493,-10.774028076004349
-16.352284378825,164.93919747,133.56623213,39.69189634,-41.13600091,-66.95520645,15.44863857,-0.8104221334382542,-7.546723400480015,-4.526871948501959,-11.825412430323041
-18.0304119302786,164.82334768,135.22453004,37.60353171,-41.75211264,-65.85091273,13.11036719,-0.7814793749298139,-4.4023225121192056,-5.1381522941281,-12.892259636150499
-19.7137418177377,164.73731065,136.89453494,35.51532105,-42.37042486,-64.79722224,10.84361214,-0.7523322909003751,-7.1814364600076175,-5.794309831499789,-13.91943198623791
-21.3795730427392,164.66061943,138.5463634,33.46214698,-42.95282281,-63.68905249,8.58223858,-0.7235024455952277,-18.70624170066897,-6.40079802181842,-14.978775020920779
-23.0041922795898,164.59756513,140.18169115,31.43554705,-43.50952207,-62.55712486,6.32067493,-0.6949605920084968,-26.369823621217314,-6.947176192228036,-16.057016087361767
-24.563460076869,164.53353317,141.76101789,29.47938693,-44.0613938,-61.47783844,4.17846675,-0.6673961404307084,-34.402596783767954,-7.191674745686458,-17.37178533118254
-26.0334278774546,164.48756872,143.3177594,27.57926034,-44.59555578,-60.41153807,2.11115024999999,-0.6402258754787402,-45.05045086978132,-7.408987893507502,-18.6244399839471
-27.390952887889,164.42422115,144.77856002,25.78743357,-45.09123555,-59.30981428,0.0615334800000014,-0.6147300949445659,-45.98513751607474,-7.596626068712333,-19.794326819176668
-28.6142165168522,164.37946046,146.19570758,24.07624036,-45.57633452,-58.25659372,-1.87381155,-0.5899962040359618,-43.79420650742816,-7.754971387694837,-20.85924512915736
-29.6830201748233,164.33831425,147.53262672,22.48140247,-46.04547512,-57.24703566,-3.6928911,-0.5666625632100308,-63.88428835607858,-7.884671837969003,-21.7983483368543
-30.5788826761818,164.32620017,148.82273344,20.98824505,-46.4956591,-56.27855192,-5.39885226,-0.5441459532439261,-85.87180490103425,-7.986231599562079,-22.59265107661972
-31.2851465873782,164.26514324,149.92066341,19.69735226,-46.93768966,-55.39647203,-6.93598233,-0.5249834603111037,-73.95770397071901,-8.05273038925182,-23.23241619812638
-31.7872524058738,164.2361721,150.9577501,18.52219564,-47.36016659,-54.56803242,-8.35662507,-0.5068828829419939,-67.83719731245364,-8.080581121633678,-23.706671284240123
-32.0731808653467,164.21557503,151.88495367,17.50157152,-47.7675913,-53.81863622,-9.60287444,-0.4907001278092484,-85.88911333122282,-8.074721148152916,-23.998459717193782
-32.1339963711168,164.19733308,152.70408825,16.60832129,-48.15214694,-53.12941079,-10.74936348,-0.476403532371307,-98.3329408881456,-8.039412459754981,-24.09458391136182
-31.9644172966024,164.18841488,153.35713556,15.95274132,-48.54326334,-52.59517486,-11.62993288,-0.4650057066405154,-86.03792708456514,-7.97407903802223,-23.990338258580167
-31.5633384189706,164.15541389,153.88702015,15.36098658,-48.87869089,-52.03219384,-12.51964114,-0.4557574758894347,-84.92593942088008,-7.879772454262502,-23.683565964708094
-30.9342370226966,164.203346,154.33635644,15.02250568,-49.22914795,-51.65248384,-13.09789241,-0.4479150781802389,-107.5832347929323,-7.757645200350603,-23.176591822345998
-30.0854064110744,164.19208992,154.58336226,14.79339068,-49.53777622,-51.29573932,-13.64687107,-0.4436040133496505,-82.16416880976018,-7.609267632164509,-22.47613877890989
-29.0299774735825,164.16761577,154.69917079,14.64129084,-49.82384522,-51.0161025,-14.07939707,-0.4415827731992556,-65.94520629809087,-7.43984577256119,-21.590131701021306
-27.785708705019,164.24296699,154.80893836,14.60778324,-50.08254728,-50.78354898,-14.39300024,-0.4396669676908422,-77.09767172277837,-7.2483221517713226,-20.53738655324768
-26.3745456541557,164.23663022,154.68414694,14.66379772,-50.31712447,-50.62681752,-14.62816643,-0.4418449888480815,-60.62494182851486,-7.040051991132531,-19.334493663023167
-24.8219708231376,164.32490249,154.59277734,14.71360905,-50.49241279,-50.39487835,-14.93303175,-0.4434396892043118,-54.15075641463984,-6.811693745648115,-18.010277077489487
-23.1561824510311,164.36836714,154.32176776,14.84834212,-50.65919006,-50.27636065,-15.09760638,-0.4481696986797588,-44.46949184831684,-6.56754825914896,-16.58863419188214
-21.4071528774453,164.46251647,154.06635534,14.92766995,-50.77097432,-50.08049301,-15.31861297,-0.4526274863592454,-47.79731811441368,-6.303574619950008,-15.10357825749529
-19.6056243181705,164.54666061,153.70459716,15.02326411,-50.85346116,-49.8985733,-15.52878134,-0.4589413576962678,-38.27102307770003,-6.029272275010266,-13.576352043160233
-17.7821024862765,164.63177904,153.26607488,15.11153171,-50.90740318,-49.72836333,-15.71567722,-0.4665950153256203,-8.438234091737717,-5.740898907711592,-12.041203578564907
-15.9659057168745,164.74721541,152.86814975,15.10533109,-50.88594251,-49.37369056,-16.05922413,-0.4735401190205468,-14.1591929963103,-5.439643843379795,-10.526261873494706
-14.1843195300092,164.85696646,152.4174469,15.01029452,-50.84233266,-49.02307373,-16.37225832,-0.481406367701169,4091.986196757607,-5.124797582895279,-9.059521947113922
-12.4618955573416,164.97211219,151.95057614,14.89347362,-50.74089905,-48.55125118,-16.74471064,-0.4895547996444568,3667.73459556506,-4.787965049661635,-7.673930507679966
5.7803122879248,210.6477786,175.01417281,28.5049659,44.46854397,34.57351699,5.05956314,-0.087019100400957,-4996.154485246836,-4.433310434092394,10.213622722017194
6.09736923093474,209.66199236,172.0475738,28.91901478,43.16270731,31.71411133,4.36884157,-0.1387960207118609,-4585.440554832002,-4.067012585590443,10.164381816525182
6.44200414704776,208.60749323,168.98504214,29.5178192,41.76295105,28.65753946,3.92590233,-0.1922472816254287,-44.60962782461593,-3.68099521095557,10.12299935800333
6.80795753476072,207.50461551,165.87193236,30.28045186,40.2798179,25.44026505,3.71117149,-0.2465812972624651,-27.444997054988285,-3.2721790466787573,10.080136581439477
7.18722507053128,206.34697153,162.70031713,31.24385863,38.71033778,22.04921017,3.78714439,-0.3019364256323621,-18.807973452112137,-2.845223326657991,10.03244839718927
7.57041399270167,205.17338705,159.53904267,32.37168272,37.09097529,18.59144036,4.05374848,-0.3571110735185681,-16.396122157401294,-2.3963220533992686,9.966736046100937
7.94709914177636,203.92866256,156.30783037,33.74581333,35.3872335,14.96166592,4.70796702000001,-0.4135063669845066,3.5210656302187004,-1.9243928110007258,9.871491952777086
8.30625057559982,202.6741846,153.11221012,35.28361657,33.63735808,11.27364679,5.58723165000001,-0.4692804619904113,18.535375712232494,-1.4443144157548613,9.750564991354683
8.63673837920833,201.39422526,149.93551783,36.99701316,31.83780387,7.51898483999997,6.73139324,-0.5247242017736293,25.80915056163917,-0.9502929013402142,9.587031280548544
8.92787394263955,200.09067491,146.79157745,38.8600806,29.97932773,3.66599808999999,8.1854474,-0.5795963128910312,37.83371687097628,-0.4023246350646832,9.330198577704234
9.16994213307036,198.78740949,143.71108083,40.86072092,28.12423558,-0.0954614400000082,9.71146515000001,-0.6333611215065881,44.06108654868692,0.13693803960624257,9.033004093464118
9.35468325842263,197.46513769,140.68771601,42.96364555,26.20450248,-3.97398760999999,11.58063033,-0.6861287921045535,55.839701059821145,0.6758643850577405,8.67881887336489
9.47569103253034,196.14103406,137.73909526,45.12861937,24.30055906,-7.72487193000001,13.42177038,-0.7375919325846781,61.28342313936432,1.2116246672089344,8.264066365321407
9.52870198171548,194.8325084,134.90379249,47.35145205,22.37034234,-11.48050783,15.46768634,-0.7870773012120936,58.57723951960043,1.8039955983648006,7.7247063833506795
9.51176483523406,193.49775136,132.11823784,49.57133898,20.41836315,-15.2294377,17.59932585,-0.8356944013488318,71.41539629573543,2.4143659007657,7.097398934468359
9.42529354236146,192.18029803,129.45549183,51.78341402,18.45477111,-18.94254655,19.84745644,-0.8821680863676737,79.6256834058484,2.989471539078623,6.435822003282837
9.27201034063545,190.87872942,126.9065605,53.95328522,16.52502229,-22.48849985,21.96748372,-0.926655330483412,77.70949689206094,3.5682150586137946,5.703795282021655
9.05677755554124,189.58478653,124.46341273,56.06060125,14.57730658,-26.02157235,24.16197213,-0.969296303182669,80.96350096678195,4.1323091465329185,4.9244684090083215
8.78632185484337,188.30911884,122.14012578,58.08365734,12.6265175,-29.50070418,26.36878622,-1.009845309928786,86.05521108014828,4.675433540397234,4.110888314446137
8.46887131801679,187.0483317,119.93522032,60.01607214,10.70028117,-32.85255961,28.48396795,-1.048328169900986,94.26684732977247,5.202837136283521,3.2660341817332688
8.11373486959873,185.82012052,117.8667511,61.84692719,8.79914957,-36.0778259,30.48982891,-1.084429768266145,97.50223746802344,5.68582998209392,2.42790488750481
7.73085361934732,184.62956304,115.94713716,63.547217,6.90051374999999,-39.2334643,32.47570472,-1.117933351886326,95.22876460305696,6.122045132246932,1.6088084871003883
7.3303506378954,183.46390435,114.15202309,65.13443268,5.03005211000001,-42.2615584,34.34285097,-1.1492640028567018,96.99291723103352,6.5241799565557645,0.8061706813396352
6.92210156406695,182.34141323,112.50467463,66.59693612,3.18933659999999,-45.15706903,36.0858044,-1.17801565741136,98.33117286961236,6.886460313620432,0.03564125044651778
6.51534373473968,181.24992252,110.99302356,67.91011232,1.36083333000002,-47.96053355,37.74283157,-1.2043989457241553,99.26265334607275,7.176385467834374,-0.6610417330946934
6.11833671462031,180.20134499,109.62560822,69.09605277,-0.434699960000017,-50.62860935,39.27116748,-1.228264845649433,100.39888014240938,7.40641135517175,-1.2880746405514403
5.73808253479759,179.19445372,108.40275714,70.13597503,-2.2020795,-53.17021055,40.66704408,-1.2496076232570017,99.37118140961763,7.577941639718442,-1.8398591049208521
5.38010987178852,178.22860471,107.32178502,71.02881383,-3.93922182999998,-55.58106417,41.9233833,-1.268474145873265,98.20413384402204,7.678689547777709,-2.298579675989189
5.04832296046273,177.30376172,106.38184565,71.77397683,-5.64435870999998,-57.85842407,43.03613896,-1.284879182648886,96.72324117232068,7.730667389528913,-2.682344429066182
4.74491328454497,176.41916389,105.58063006,72.36951782,-7.31667108000002,-60.00070791,43.99934407,-1.2988630327126949,95.54248753609772,7.7544459438825415,-3.0095326593375713
4.47033000600011,175.5727675,104.91511751,72.81381376,-8.95529332000001,-62.00642555,44.80611097,-1.3104784179235385,94.66536882985376,7.6925766299756315,-3.222246623975521
4.22330362081745,174.76848284,104.38689323,73.11485449,-10.55821239,-63.87224923,45.46180495,-1.3196976707985146,92.66680801136128,7.576637667924774,-3.3533340471073236
4.00091638319355,174.00153805,103.99078198,73.27237845,-12.12481341,-65.59754284,45.9634416,-1.3266111163152052,90.06453605927334,7.405008610263573,-3.4040922270700227
3.79871253377975,173.27166243,103.7240981,73.28789552,-13.65474646,-67.1823256,46.30479164,-1.3312656280831985,87.71278343202127,7.153042787114741,-3.354330253334991
3.61084121306782,172.57704311,103.58247823,73.17169923,-15.14789501,-68.62800919,46.49745091,-1.3337373611009449,85.71335169422989,6.8587682257886105,-3.2479270127207904
3.43022505081766,171.91632964,103.5638602,72.92747867,-16.60377976,-69.93441805,46.54397253,-1.3340623070246802,83.2407070910235,6.528000345155559,-3.097775294337899
3.24874771104968,171.28872164,103.66527581,72.56112651,-18.02159498,-71.10100979,46.44595349,-1.3322922707172615,80.26462750105433,6.170913818372301,-2.9221661073226213
3.05745406949489,170.6906184,103.88055642,72.07722072,-19.40162857,-72.12960021,46.20476607,-1.3285349152570596,78.05498481748607,5.790449487253464,-2.732995417758574
2.84675715464049,170.12254526,104.20795583,71.48228028,-20.74427706,-73.02364358,45.82826661,-1.3228207175834727,75.78134440091588,5.482498411156461,-2.6357412565159715
2.60664645202255,169.58229416,104.64447476,70.78141376,-22.04922597,-73.78298498,45.32419577,-1.3152020250076903,73.68670146177702,5.147557453031627,-2.540911001009077
2.32689262568338,169.06818953,105.18483097,69.97440306,-23.3166058,-74.40988334,44.6816806,-1.3057710300095924,72.26731244759144,4.791325806843365,-2.464433181159985
1.99724414429892,168.58206863,105.8305868,69.06915878,-24.54751133,-74.90899004,43.92279941,-1.2945004646121434,70.56777016318571,4.408909315649316,-2.4116651713503963
1.60761172506044,168.12111683,106.57576731,68.06481675,-25.74165554,-75.28078054,43.03673539,-1.2814946111909529,69.82607853491807,3.9719119989778546,-2.3643002739174146
1.14823695319645,167.68749029,107.42102238,66.96486045,-26.89859777,-75.52654159,42.02876671,-1.266742127200278,69.2903601929995,3.503172236071074,-2.354935282874624
0.609845323217182,167.28247311,108.36677761,65.77347462,-28.01983781,-75.65292065,40.91529434,-1.2502355845188216,68.16557228457532,3.0125807624782857,-2.402735439261104
-0.0162060408937718,166.90509241,109.40846248,64.49058595,-29.1040411,-75.65730704,39.68108639,-1.2320547537691124,67.8918714966037,2.490527774425576,-2.5067338153193477
-0.737771018213432,166.55839787,110.54834787,63.12079906,-30.15201367,-75.54523901,38.34187907,-1.2121600006182327,67.71787089682624,1.9530411517886856,-2.6908121700021175
-1.56174128665671,166.24326745,111.78489435,61.6660752,-31.16319012,-75.31735176,36.89588494,-1.1905781931882866,67.71562814874122,1.4583693729483915,-3.0201106596051015
-2.49385886277453,165.96162145,113.11791295,60.13004937,-32.13834302,-74.97885155,35.3546304,-1.1673126296279612,65.5352232208073,0.9497697300293962,-3.4436285928039263
-3.53851369507078,165.71744996,114.54930819,58.51488942,-33.07655885,-74.52967428,33.71953207,-1.1423300697925869,60.81030975770618,0.4215923389619135,-3.9601060340326937
-4.69852198940812,165.5001305,116.0629672,56.82380123,-33.97825924,-73.97406578,31.98519946,-1.115911736315609,58.54221425216854,-0.15730451772987322,-4.541217471678247
-5.97488072503317,165.31704279,117.66213944,55.07057866,-34.8502138,-73.33628391,30.20035863,-1.088000915421116,56.8018871138154,-0.7850685632591669,-5.189812161774003
-7.36649530469419,165.16566235,119.34344363,53.24668234,-35.68220242,-72.58792494,28.31754988,-1.05865662157804,51.83307959571559,-1.4224342194717192,-5.944061085222471
-8.86987978462133,165.0457787,121.10042153,51.36007938,-36.47768426,-71.7438673,26.36041271,-1.027991572338264,45.73065454850145,-2.073127166213111,-6.796752618408219
-10.4788327475702,164.95147819,122.92090173,49.41849384,-37.23792786,-70.81157496,24.33992418,-0.9962181988808994,40.97244892992568,-2.698464245168612,-7.780368502401588
-12.1841030791865,164.88340352,124.80072097,47.4255066,-37.96038831,-69.78855106,22.24412736,-0.9634091638005616,34.426495577211114,-3.3156717188357443,-8.868431360350755
-13.9731095734877,164.84168809,126.73311467,45.38801226,-38.64598318,-68.68252627,20.08974012,-0.9296825312907662,23.92998771727824,-3.9337417333647555,-10.039367840122946
-15.8298415932202,164.81576561,128.6982697,43.32428204,-39.29917288,-67.50994497,17.89994557,-0.8953841057051384,21.953379650120297,-4.5020790208156,-11.3277625724046
-17.7350190278064,164.80242843,130.68243634,41.24007521,-39.91942945,-66.27317748,15.68310333,-0.8607538649289052,15.453356381992569,-5.032513244926876,-12.702505782879523
-19.666456975478,164.82808097,132.72160203,39.08893336,-40.47841853,-64.89812574,13.29843207,-0.825163709644703,-8.169024035939998,-5.538850482020223,-14.127606493457776
-21.5995470820799,164.84074433,134.72029922,37.0501409,-41.05402386,-63.62248573,11.14882277,-0.7902798629288449,-16.458528150129492,-6.006404002675107,-15.593143079404793
-23.5078223655613,164.85568533,136.6981293,34.97723792,-41.5558191,-62.1767583,8.78775208,-0.7557602159878616,-9.6833589614298,-6.444266316149458,-17.06355604941184
-25.3635980402909,164.88661144,138.66386168,32.93616756,-42.05643084,-60.79000016,6.54697118,-0.7214517137437976,-14.833190284214748,-6.838612187226385,-18.524985853064514
-27.1386730981805,164.94162999,140.61917501,30.93097542,-42.53060448,-59.3899142,4.34805388,-0.6873250582271632,-47.44113830197794,-7.210161629223309,-19.92851146895719
-28.8050675208417,165.00356816,142.52243622,29.00620188,-42.97764438,-57.9904102,2.16523438,-0.6541068835871717,-73.58742887925152,-7.549001067876819,-21.25606645296488
-30.3357683684817,165.01154844,144.26840302,27.18440423,-43.41837675,-56.64749729,0.101288310000001,-0.6236340142966625,-63.36506686624217,-7.845387995767325,-22.490380372714373
-31.7054343015103,165.04025078,145.95938585,25.46424555,-43.81641094,-55.27604495,-1.96378543,-0.594120796318471,-65.31780755588467,-8.10064230480232,-23.60479199670798
-32.8909315728873,165.07368511,147.55457594,23.85435189,-44.21710752,-54.01115178,-3.87146721,-0.5662794770527861,-85.12816548531869,-8.321142422958943,-24.569789149928354
-33.8715829822285,165.10096516,149.02209201,22.38705405,-44.60985516,-52.83328789,-5.64905133,-0.5406664898053588,-93.59153929960166,-8.508286837031433,-25.36329614519707
-34.6292245607876,165.12089722,150.3530004,21.07448323,-44.9923398,-51.74666126,-7.26348543,-0.5174377563574416,-101.41243647228232,-8.657498326449184,-25.971726234338412
-35.1483287816346,165.14600028,151.54855815,19.9195765,-45.37924576,-50.80201844,-8.69357535,-0.4965713372222067,-106.43334904986372,-8.75729364506641,-26.391035136568192
-35.416343620058,165.14813228,152.5703744,18.94396519,-45.73254884,-49.89410919,-10.04501441,-0.4787372793093253,-102.8358397437318,-8.823752537331586,-26.592591082726415
-35.4242161716559,165.16643756,153.46520612,18.12975749,-46.07563518,-49.10074543,-11.23480001,-0.463119519544041,-103.5170801480406,-8.85674010952718,-26.56747606212872
-35.1670037651364,165.1754655,154.19854244,17.46618707,-46.41813373,-48.45399085,-12.20900599,-0.4503203862355822,-101.10382386328553,-8.858079977160353,-26.30892378797605
-34.6444717052133,165.19047421,154.78874491,16.96469052,-46.73488598,-47.88415762,-13.06750809,-0.4400194098806794,-91.8581725343004,-8.82267729899149,-25.82179440622181
-33.8615831694009,165.21515575,155.24742824,16.59983791,-47.02685768,-47.39562237,-13.79934377,-0.4320138755481676,-85.63816116472722,-8.755923028946105,-25.105660140454795
-32.8288020988047,165.25334098,155.58597514,16.35322699,-47.29046013,-46.97659551,-14.42054328,-0.4261051174707478,-80.32167533297829,-8.66300107352642,-24.16580102527828
-31.5621521460781,165.30556089,155.80564352,16.22261236,-47.52401242,-46.6219325,-14.92867179,-0.4222711809772257,-69.43253296853081,-8.540679132440852,-23.021473013637248
-30.0830008644531,165.37379078,155.92299607,16.17071276,-47.7240592,-46.31459655,-15.3583959,-0.4202229925941141,-62.3096104170312,-8.397515392272721,-21.685485472180382
-28.4175651306812,165.47842646,155.96603969,16.18573672,-47.90217233,-46.08261959,-15.67827351,-0.419471739703137,-63.01610049961215,-8.233077292021276,-20.184487838659926
-26.5961600159846,165.57738878,155.90300923,16.23369296,-48.02423063,-45.8116411,-16.03425251,-0.4205718287591835,-54.08161519632581,-8.035751637427513,-18.56040837855709
-24.6522367630752,165.69458173,155.7653802,16.30663345,-48.11305212,-45.56036186,-16.34989622,-0.4229739084790094,-44.77469408395995,-7.80732597144623,-16.844910791628973
-22.6212713345668,165.83435461,155.57315756,16.38250452,-48.15798338,-45.28163724,-16.68386083,-0.4263288264438854,-39.14322344611476,-7.561150328178654,-15.060121006388146
-20.5395725279657,165.97332276,155.30818061,16.41269293,-48.17064501,-44.99939981,-17.02946409,-0.4309535466632779,-27.330971204297395,-7.300404094276498,-13.239168433689201
-18.4430814650514,166.13697091,155.01903174,16.40212145,-48.13852861,-44.65671176,-17.42850502,-0.4360001464731988,-19.644122299499188,-7.0185408637802436,-11.424540601271156
-16.3662321699622,166.30455766,154.69438609,16.32914845,-48.05971387,-44.23430273,-17.89436087,-0.4416662819679761,-14.55507555856994,-6.720112787390063,-9.646119382572136
-14.3409341374379,166.48132461,154.35235339,16.18456414,-47.93628134,-43.72504758,-18.42439801,-0.4476358787324622,4175.418303635717,-6.402217843294442,-7.938716294143458
-12.3957242606088,166.66121866,153.99719713,15.97170417,-47.76538854,-43.11036453,-19.01247683,-0.4538345248285312,3828.504562886949,-6.064321834874567,-6.3314024257342325
5.80684082307218,209.39392346,177.60905969,33.790147,39.40567806,26.98400443,19.28991858,-0.0417297806281537,-4914.529333451285,-5.708038803950593,11.514879627022774
6.2874220676978,208.677724,175.2357235,33.88890997,38.43887558,24.73301971,18.4853421,-0.0831523114003915,-4603.483676136666,-5.336136174994806,11.623558242692607
6.7833523435484,207.86363522,172.70758708,34.10983295,37.37788722,22.28322975,17.81893869,-0.1272766158689739,-67.28665065320402,-4.946629402064357,11.729981745612758
7.28824211720132,206.99203677,170.0982313,34.43087475,36.23895112,19.68291427,17.27605573,-0.1728184655859184,-56.464232226066535,-4.539466923979765,11.827709041181084
7.79436748143381,206.06690746,167.42059036,34.87587741,35.02428448,16.93714859,16.90093794,-0.2195521161751144,-37.36129987569932,-4.1048855695120805,11.899253050945891
8.29311660202538,205.06148502,164.63722288,35.50878164,33.7166991,13.99396656,16.81597616,-0.2681310429940521,-17.000821147345846,-3.6602840439160285,11.953400645941409
8.77547722228137,204.08122053,161.91952916,36.22159929,32.38940135,11.06764271,16.75492689,-0.3155637464688249,-23.115069054910546,-3.2032573916504994,11.97873461393187
9.23246945012888,203.00312239,159.07880693,37.18389609,30.96755093,7.93789836999997,17.09378225,-0.3651437025169203,-3.058453894678159,-2.71811003847851,11.95057948860739
9.65548060038389,201.93418596,156.28602837,38.28317069,29.52020149,4.80251992000001,17.56785982,-0.4138868836680265,8.665804082247952,-2.212261016491579,11.86774161687547
10.0365385720682,200.83983402,153.50286733,39.54344337,28.01611328,1.58038227000003,18.28941879,-0.4624622074292563,7.664650062055855,-1.6992774066385918,11.73581597870679
10.3685618489237,199.70274565,150.70217898,40.97876799,26.46679078,-1.70093909000002,19.26287289,-0.5113434404590033,22.74116716925345,-1.1658969392621652,11.534458788185866
10.6455823590257,198.5724361,147.97084294,42.5175183,24.88221381,-5.00240353000001,20.3983551,-0.5590142473353867,32.740467377205285,-0.6238947222984037,11.269477081324105
10.8629239095594,197.40374924,145.24862688,44.18238901,23.25204228,-8.36942538000002,21.79932215,-0.6065258805330547,51.05991968103574,-0.06253857829333928,10.925462487852739
11.0173244273833,196.25779172,142.62640761,45.90393597,21.63102171,-11.62573209,23.19085268,-0.6522922405037966,55.99100539800954,0.5183931972322523,10.49893123015105
11.106995842759,195.11564004,140.08762657,47.666503,19.97189948,-14.91019587,24.73628666,-0.6966023286390025,53.33359325885958,1.096229297586465,10.010766545172535
11.1316206189454,193.9545772,137.60277711,49.45684765,18.29714417,-18.1705756,26.38638691,-0.7399711331324056,63.878109890527135,1.6570754023883185,9.47454521655708
11.092288304779,192.8121041,135.23220524,51.23022473,16.6137124,-21.37653977,28.07134391,-0.7813454174190644,70.46184438555096,2.1999614107177927,8.892326894061208
10.9913788870845,191.67083946,132.94514122,52.97456683,14.91165972,-24.55961657,29.80489805,-0.8212622147719618,77.14616395070762,2.7311646350973624,8.260214251987136
10.8324020914248,190.54740219,130.78050054,54.66002565,13.2242631,-27.62980583,31.47178693,-0.8590423217605712,82.00429490495935,3.238902824114758,7.593499267310042
10.6198037551852,189.44045088,128.72952029,56.2830666,11.52998781,-30.64758679,33.15211041,-0.8948386800164473,84.01283377078244,3.72335322740063,6.896450527784571
10.3587519604252,188.3529054,126.79864584,57.82391971,9.84044875999999,-33.58359053,34.79381852,-0.928538796611582,87.68967527272515,4.199666823016312,6.159085137408889
10.0549139557104,187.28909161,124.99525744,59.27180913,8.15257535000001,-36.44853132,36.40664497,-0.9600138618838544,90.4728715457403,4.645231255026645,5.409682700683756
9.7142303124097,186.24910551,123.31921597,60.61617313,6.48358020999999,-39.19725012,37.92038971,-0.9892663039353204,92.6934138104774,5.022123251288037,4.692107061121663
9.34269116908809,185.24051408,121.77936596,61.85227418,4.82694455000001,-41.84995992,39.36263038,-1.0161417565966877,93.7159481140104,5.378842151247117,3.963849017840973
8.94612163787331,184.25936019,120.37088024,62.97084994,3.18804718999999,-44.39335117,40.70805796,-1.040724469878011,95.2255357439424,5.704753218595992,3.2413684192773173
8.52998442187932,183.31157794,119.10042731,63.96811462,1.56746407,-46.82816065,41.95665816,-1.06289805649812,96.22827626843078,5.989334340566537,2.5406500813127826
8.09920611446577,182.39842062,117.96814664,64.83739992,-0.0315838500000041,-49.14674178,43.09230189,-1.0826600822463073,98.32009526484777,6.180561845870406,1.918644268595365
7.65803144763143,181.52033007,116.97283607,65.58560921,-1.60901770999999,-51.35307253,44.12620455,-1.100031528772709,96.29694624785355,6.306520562006548,1.351510885624882
7.20990778671699,180.68718838,116.12874569,66.19326491,-3.15202558999999,-53.41228778,45.00680474,-1.1147636850881188,89.88148767264947,6.383002072840438,0.8269057138765517
6.75740049210715,179.87412452,115.39698569,66.67422236,-4.68251078999998,-55.38367756,45.79536664,-1.1275353064225129,92.81694821493323,6.3747296948334355,0.38267079727371467
6.30213840706143,179.10074589,114.80432773,67.02035069,-6.18030316999997,-57.21775604,46.44128763,-1.1378791391626657,94.46305200829342,6.316802670700604,-0.01466426363917428
5.84478767631499,178.36725821,114.35293725,67.22679894,-7.64407956000002,-58.90938094,46.93841447,-1.145757389250823,88.79911126504992,6.195937389697437,-0.3511497133824468
5.38505132506812,177.66340908,114.02114319,67.30746326,-9.07673574,-60.46924282,47.29608578,-1.1515482880363828,86.38869288565942,6.029117270396243,-0.6440659453281228
4.9216914915956,176.99404177,113.81767024,67.25682906,-10.47329868,-61.8853157,47.50363419,-1.1550995609526284,83.8303979947308,5.849342288937023,-0.927650797341423
4.45257086263568,176.35406041,113.7329294,67.08678267,-11.83276312,-63.1564171,47.56613595,-1.156578567621534,81.84688016905639,5.612147675435574,-1.1595768127998944
3.97470966889449,175.74064489,113.76271603,66.78981693,-13.15473722,-64.28213975,47.47521377,-1.1560586928549608,80.43839073605064,5.344715173442899,-1.3700055045484092
3.48435453483123,175.1600214,113.91366369,66.37506551,-14.43675666,-65.25607736,47.23425371,-1.1534241591897798,75.71555246943306,5.053341269352616,-1.5689867345213862
2.97705553752371,174.60167535,114.16863985,65.85340755,-15.67749103,-66.07909272,46.84435943,-1.148973985683688,72.3858674276867,4.735002246941714,-1.757946709418004
2.44774851191782,174.06705972,114.52821614,65.23809205,-16.87048184,-66.73625146,46.31310658,-1.1426981955110822,72.94624901727387,4.377403372385056,-1.9296548604672363
1.89084232028237,173.55491321,114.98930414,64.5164418,-18.0229494,-67.2481887,45.63771329,-1.1346506917696466,69.48113340688788,3.967627298643098,-2.076784978360728
1.30031448890517,173.07370374,115.56071981,63.67616831,-19.15002834,-67.65348501,44.83730216,-1.1246776069306572,63.78978052241413,3.5284242546786837,-2.228109765773514
0.669819002930213,172.5977194,116.208066,62.77082551,-20.20880809,-67.84732643,43.87283606,-1.1133792845149164,69.72866996403759,3.0700024293433135,-2.4001834264131006
-0.0071924122425805,172.15155691,116.958712,61.76400586,-21.23816269,-67.93179113,42.79556923,-1.1002780402979908,69.88415785643464,2.5709320563187834,-2.578124468561364
-0.737334433651253,171.74941904,117.82634371,60.6617498,-22.24430624,-67.92777957,41.62872986,-1.0851350102637825,58.10729216520816,2.06842732192261,-2.805761755573863
-1.52713461404878,171.34839374,118.75711092,59.48265119,-23.19561106,-67.75238514,40.30481714,-1.068890057879681,56.56432336800909,1.5852312124101884,-3.1123658264589684
-2.38285780285828,170.97290232,119.77755168,58.220909,-24.10958703,-67.45738232,38.87592073,-1.0510800067961277,56.6131053205976,1.0808158935777232,-3.463673696436003
-3.31030382809505,170.6192865,120.87959954,56.87831687,-24.98772899,-67.04911225,37.3419364,-1.0318456431245702,52.66945882656078,0.610118331412437,-3.920422159507487
-4.31457400993348,170.28384981,122.05312885,55.4593497,-25.83116465,-66.53314329,35.69676737,-1.0113636927964131,50.96217251627672,0.14562325088793387,-4.460197260821414
-5.3998030566594,169.97318024,123.30386193,53.96644,-26.64200234,-65.92048581,33.96510439,-0.9895342824868032,47.144184492389215,-0.2958160466438672,-5.103987010015533
-6.56885472844309,169.68272293,124.62069776,52.40389031,-27.42109938,-65.21624519,32.14452324,-0.9665511615450708,41.969382743989314,-0.7249191211904396,-5.84393560725265
-7.8229824168329,169.4136552,125.9982406,50.7831704,-28.1727236,-64.43696233,30.24987773,-0.9425085033997976,37.60511190022191,-1.1495745929805186,-6.673407823852382
-9.1614594663425,169.16208509,127.42873352,49.1043697,-28.8991812,-63.59368703,28.30338367,-0.9175416920193298,33.819735353414245,-1.6647449855667038,-7.496714480775796
-10.5811915204885,168.9311782,128.90808069,47.36885873,-29.59284784,-62.66692883,26.26950224,-0.8917222131227696,28.8419742962553,-2.1709826938304833,-8.410208826658018
-12.0763564782609,168.7193313,130.43054209,45.59344778,-30.26070456,-61.68226768,24.1812325,-0.8651502489582472,23.981591867278063,-2.6755647531278584,-9.400791725133042
-13.6381658863447,168.52455403,131.98317312,43.78785615,-30.90547586,-60.65198247,22.05024155,-0.8380517254161161,13.989217125789375,-3.1559676007329225,-10.482198285611776
-15.2548148694402,168.35170324,133.56975506,41.95346841,-31.52293941,-59.56812603,19.87925292,-0.8103606467104368,11.702586223591991,-3.590521018438387,-11.664293851001812
-16.9115958586973,168.17344065,135.13841786,40.1269867,-32.11483291,-58.44145611,17.66079241,-0.7829823159968836,8.467789497291811,-3.992354661245699,-12.919241197451601
-18.5911244115973,168.05159132,136.77601891,38.27114145,-32.69330375,-57.31059106,15.47939599,-0.7544007858402673,-2.556425643301896,-4.355087632100492,-14.236036779496807
-20.2736614190563,167.8999119,138.34217946,36.46690832,-33.23967462,-56.13025412,13.24690786,-0.727066127627922,-10.308689488467415,-4.6834631996804665,-15.590198219375832
-21.9375325888554,167.81042259,139.96763552,34.64929373,-33.78056908,-54.97727503,11.07780979,-0.6986965675344279,-24.841129871959744,-4.975107727663373,-16.962424861192027
-23.5596407702329,167.67671943,141.48687662,32.92080479,-34.29075537,-53.79202931,8.89492231,-0.6721808082078071,-13.471763654490143,-5.235793919166591,-18.323846851066307
-25.1160572878659,167.58396976,143.01692294,31.22169519,-34.78548209,-52.61836724,6.76112128,-0.6454764622157845,-21.80385554776958,-5.455552029198446,-19.660505258667452
-26.5826697587427,167.53032132,144.55438626,29.56183293,-35.27422879,-51.49078927,4.71450845,-0.6186426651531413,-60.50388753692566,-5.638258687228189,-20.944411071514512
-27.9358607091764,167.43219665,145.94128347,28.01265976,-35.74066207,-50.37141764,2.68820487,-0.594436742451918,-52.72756607334728,-5.762080770820763,-22.173779938355636
-29.1531907443842,167.33701592,147.27523416,26.55328953,-36.17821244,-49.24984885,0.716493060000001,-0.571154910852168,-41.550123241737055,-5.868025629028211,-23.28516511535599
-30.2140239036578,167.27011965,148.5635373,25.17118959,-36.60412332,-48.17693249,-1.17075811,-0.5486697792953863,-56.59713555794532,-5.927312026817379,-24.28671187684042
-31.0999734779217,167.20072562,149.75801739,23.89236639,-37.01742349,-47.16087513,-2.96512826,-0.5278221688753684,-58.28608892976703,-5.956095755194634,-25.143877722727066
-31.7951222401125,167.13718596,150.86151343,22.72779263,-37.4108017,-46.18797594,-4.66877541,-0.5085625296946491,-66.48404179805554,-5.947195610091922,-25.84792663002058
-32.2861520321925,167.10508629,151.90684593,21.67128199,-37.79597231,-45.29743089,-6.2349428,-0.4903180357915455,-80.09506527356712,-5.90788818011993,-26.378263852072568
-32.5625369921366,167.02744953,152.77856406,20.73653657,-38.13276852,-44.38237519,-7.81217211,-0.4751036842737174,-62.747005635542806,-5.824646411603807,-26.73789058053279
-32.6168276152323,166.99248658,153.59676355,19.90650763,-38.4592937,-43.55545986,-9.24455394,-0.4608234092350793,-60.77865821172148,-5.69920944805468,-26.917618167177622
-32.4449790332911,166.98649078,154.33610083,19.1913899,-38.77264373,-42.81432343,-10.54084902,-0.4479195394163401,-76.49156774277019,-5.542966354114025,-26.902012679177073
-32.0466685391582,166.96739335,154.93844511,18.58167827,-39.0387602,-42.06423967,-11.82955539,-0.4374066484997853,-72.23190844371506,-5.3670123402818035,-26.679656198876394
-31.4255509711642,166.96847784,155.4553732,18.05547833,-39.27139571,-41.34571418,-13.05510264,-0.4283845513332397,-71.21455776805286,-5.166805053969627,-26.258745917194574
-30.589408273843,166.98475949,155.86626832,17.60265693,-39.47183436,-40.66288776,-14.24055832,-0.4212130786088627,-72.19759527061443,-4.927772199805534,-25.661636074037464
-29.5501604501231,166.99825868,156.16661621,17.25748197,-39.63352673,-39.99573225,-15.35560113,-0.4159710190269447,-65.94725182397565,-4.638270618145466,-24.911889831977636
-28.323718109824,167.03762441,156.38042978,16.96474369,-39.7573482,-39.34555115,-16.44245736,-0.4122392682450017,-64.3640409702062,-4.335664521929041,-23.98805358789496
-26.9296707008495,167.0875939,156.5000093,16.72344789,-39.84353319,-38.70758202,-17.50142574,-0.4101522119030472,-62.29910353492684,-4.018946430237351,-22.91072427061215
-25.3908180882163,167.15593309,156.52581245,16.52764898,-39.89218947,-38.06970776,-18.56325331,-0.4097018619781612,-54.06273771513259,-3.670223293160603,-21.720594795055696
-23.7325653283841,167.2371377,156.47645482,16.3480467,-39.89540104,-37.40551392,-19.63747866,-0.4105633151326424,-38.6134741302302,-3.308270080177747,-20.424295248206356
-21.9822103705014,167.33703955,156.36143845,16.17765729,-39.8543649,-36.70610883,-20.73359193,-0.412570729482834,-31.474703989122222,-2.9269750614492747,-19.055235309052122
-20.1681613613612,167.48054819,156.23166143,15.98139912,-39.76005718,-35.93395422,-21.8853491,-0.4148357657752606,-39.2539890217708,-2.525139678691475,-17.643021682669726
-18.3191238955423,167.61136981,156.01672768,15.78143332,-39.62010306,-35.10007315,-23.06220844,-0.418587067386419,1743.512578918502,-2.119749948820032,-16.199373946722268
-16.4632989030642,167.75197696,155.76195925,15.56169557,-39.42601748,-34.16919634,-24.28139978,-0.4230336153200559,1349.4535663372253,-1.6911559846009256,-14.772142918463274
6.20701861612142,200.16236932,165.66160814,52.31658227,27.81772485,10.24200645,40.15725118,-0.2502521473981539,-2615.0770121870623,-1.2717661834233789,7.478784799544799
7.10589630620598,199.38445808,163.02405647,53.10752483,26.94768208,8.04293754,40.1547596,-0.2962861082311287,-2217.6767727016927,-0.8390356832094892,7.944931989415469
8.0360497087873,198.57020642,160.32320101,53.84522508,25.98642218,5.62647478,40.16442116,-0.3434249286285949,-30.65916049887889,-0.4160156413619859,8.452065350149285
8.99330322521185,197.70981534,157.57980175,54.52390914,24.96910745,3.13459419999998,40.07913285,-0.3913062784123707,-19.912630732941672,0.017036446629116214,8.976266778582733
9.97202078596144,196.81300111,154.80912983,55.16548981,23.88211472,0.510636399999981,39.99718875,-0.4396636259089238,-5.373622675464596,0.4406313850215694,9.53138940093987
10.9648167871537,195.87360755,152.02145606,55.79734213,22.7271679,-2.22561804,39.94162555,-0.4883177116669069,15.6324830137887,0.851987059095331,10.112829728058369
11.9622649088473,194.91530339,149.26427006,56.41610713,21.51938462,-5.02946768000001,39.93603761,-0.5364396854567992,34.99577136466083,1.2410186104621175,10.721246298385184
12.9527077172159,193.93983997,146.5526779,57.04504091,20.26227735,-7.88301501000001,39.99357638,-0.5837658966200643,47.59428919851825,1.6052855727406647,11.347422144475235
13.9222638992001,192.96050466,143.91992129,57.68774828,18.96673725,-10.75377452,40.12096775,-0.6297161678682085,64.76799044427004,1.9604129783330921,11.961850920867008
14.8550570791772,191.96935101,141.35659493,58.39214297,17.6275894,-13.64651755,40.38877852,-0.6744546526533698,76.9085600623276,2.2939046710139506,12.561152408163249
15.7336470517812,191.00944071,138.94666577,59.09292691,16.27692682,-16.47588445,40.67353599,-0.7165158512351908,76.37339848043041,2.607421791268665,13.126225260512534
16.5396270877514,190.01908234,136.60116555,59.85991599,14.88918804,-19.31087515,41.13328387,-0.7574525526804425,96.63743555030857,2.9106026611602527,13.629024426591146
17.2543377246786,189.05443698,134.41099759,60.62771434,13.49268366,-22.0685263,41.64580471,-0.79567819475413,107.28777149452756,3.1788749851820945,14.075462739496505
17.8596393208177,188.12898298,132.39942789,61.39079182,12.10124869,-24.70666973,42.16313355,-0.8307867091524844,97.55708269443603,3.4257019609237584,14.43393735989394
18.3386831779474,187.18274009,130.49004306,62.15115318,10.69773006,-27.28475044,42.77737067,-0.8641117611236165,110.3852177900066,3.6589210958101845,14.679762082137215
18.6766241102932,186.26559591,128.75665114,62.86080828,9.30002282000001,-29.74509448,43.38588429,-0.8943651573550827,114.95750395534633,3.8306047783002573,14.846019331992943
18.8612252249671,185.37908501,127.20154924,63.51835447,7.91247957000002,-32.07562941,43.9814091,-0.9215068057141024,111.15878262108136,3.9841282788879653,14.877096946079135
18.8833171941226,184.48228988,125.77253237,64.10554079,6.52388794000001,-34.32950734,44.62849209,-0.9464478551621464,120.60405249260108,4.10963000966643,14.77368718445617
18.7370879793644,183.63702632,124.54994833,64.60730451,5.19023203999998,-36.33845379,45.10988247,-0.96778597204248,118.67459798582946,4.209075157550242,14.528012821814158
18.4201932976835,182.80203109,123.47942392,65.01652651,3.86145748000001,-38.25289285,45.59996346,-0.98647014771995,114.16638111200304,4.29728658131912,14.12290671636438
17.9336917144653,181.99208184,122.57830278,65.32345993,2.56313326,-40.0076469,46.01960683,-1.0021976785722748,114.64241792016216,4.350108094008027,13.583583620457274
17.2818200130087,181.20553194,121.84044065,65.52462889,1.29623536,-41.60586091,46.3652702,-1.0150758021665531,109.6136618329091,4.371938508826859,12.909881504181843
16.4716336862932,180.4458055,121.2635099,65.61758074,0.0606306699999948,-43.04453937,46.60869207,-1.0251451433100534,109.81405006564636,4.391953637677739,12.07968004861546
15.5125436762293,179.70515591,120.8294974,65.64820716,-1.14682289000001,-44.37098413,46.89669125,-1.0327200904298657,118.55337439730997,4.4046899089352785,11.10785376729402
14.4157838510008,178.99517221,120.57790518,65.4357321,-2.30325875,-45.48566978,46.91091559,-1.0371112030412672,115.24994259817012,4.378762401897707,10.037021449103094
13.1938444437148,178.33422742,120.49781495,65.18643874,-3.38799548,-46.34939169,46.77883525,-1.0385090412534468,98.4227276061822,4.33826804128701,8.85557640242779
11.8599052434658,177.69425545,120.55263399,64.81155248,-4.45445291999999,-47.12933173,46.63600787,-1.037552268512664,100.34685885872196,4.294798635126806,7.5651066083389935
10.4272992897301,177.07367757,120.73005319,64.35142451,-5.48989635999999,-47.79588906,46.46957331,-1.03445571931641,106.41504229133902,4.209314134856586,6.217985154873513
8.90903372287725,176.51635631,121.10230795,63.70315737,-6.44999859000001,-48.20119131,45.98705825,-1.0279586480981888,93.87278340060368,4.11326664847739,4.79576707439986
7.31738975670034,175.96879896,121.57200471,62.9862375,-7.39501843000002,-48.55014645,45.55902267,-1.019760893150239,93.13871711583376,4.015923730879254,3.301466025821086
5.66361881304032,175.46683232,122.18983334,62.12702167,-8.27556766999999,-48.67919137,44.86903071,-1.0089777493436531,95.80592578806612,4.0346082058380635,1.6290106072022565
3.9577469177762,175.00854034,122.94760177,61.15004285,-9.12129386000001,-48.70606627,44.14245574,-0.9957521952724848,82.82065346394862,4.0395419568801945,-0.08179503910399433
2.20849461101868,174.59200321,123.82628625,60.07043754,-9.92952441,-48.60369759,43.26622999,-0.9804162580103108,77.09376043992022,4.030724984006222,-1.8222303729875415
0.42331488861176,174.1884021,124.79772622,58.87095183,-10.68120708,-48.31632393,42.22353336,-0.963461432048336,80.80268632950411,4.008157287216145,-3.5848423986043847
-1.39145297848661,173.84158697,125.90445387,57.55266641,-11.39680932,-47.93340695,41.08199297,-0.9441453906329764,75.83432212503234,3.971838866509957,-5.363291844996567
-3.23032057481556,173.5329966,127.11081596,56.16189504,-12.07655476,-47.43343418,39.85888331,-0.9230904001912364,67.52742580484083,3.9217697218876655,-7.152090296703225
-5.08828998118168,173.26006409,128.41712015,54.61807084,-12.71077494,-46.80647941,38.42273864,-0.900291091043139,56.51022339718592,3.85794985334927,-8.94623983453095
-6.96041228344136,173.02570378,129.81080935,53.00902164,-13.31624835,-46.09842032,36.93019908,-0.8759666257536529,48.13996464382191,3.780379260894767,-10.740791544336126
-8.84128611298148,172.80386884,131.25356616,51.3100411,-13.87885056,-45.26112572,35.27448996,-0.8507857691135828,50.896640638845625,3.6890579445241567,-12.530344057505637
-10.7245268930921,172.62368379,132.78662442,49.513553,-14.40713911,-44.35449097,33.54020329,-0.8240288548516872,49.71241554274419,3.5839859042374425,-14.308512797329543
-12.6022731510099,172.4819987,134.38162844,47.66316423,-14.91332715,-43.39729881,31.7403176,-0.7961907831201421,35.61490422753,3.4651631400346243,-16.067436291044523
-14.4648399229833,172.38418676,136.04727065,45.76805577,-15.38190095,-42.34905058,29.87472538,-0.7671198423954471,18.817569272336865,3.332589651915699,-17.797429574899
-16.3005933052679,172.28340296,137.71374909,43.79887055,-15.82173486,-41.24696337,27.86368188,-0.7380343067039484,15.984899896348548,3.1862654398806622,-19.48685874514856
-18.0960247513641,172.21728237,139.41573361,41.83145449,-16.2412117,-40.11047076,25.87587168,-0.7083290730119732,12.577915967363396,3.0261905039295254,-21.122215255293625
-19.8359754552264,172.16769448,141.13745647,39.80556802,-16.6215395,-38.90310017,23.76117142,-0.6782793402981199,1.1106769214241474,2.852364844062281,-22.688340299288683
-21.503992985395,172.13286347,142.85626272,37.77610475,-16.97845884,-37.67085609,21.62029378,-0.6482805120317631,-5.696033857525151,2.6647884602789293,-24.16878144567393
-23.0828149984167,172.11469276,144.56752756,35.75105365,-17.31036744,-36.41588606,19.45070284,-0.6184133062001489,-14.854999918553167,2.4634613525794737,-25.546276350996173
-24.5549662418285,172.10629105,146.26415596,33.72571575,-17.61496249,-35.13734267,17.23425525,-0.5888015544373054,-26.750177989119983,2.2483835209639143,-26.803349762792415
-25.9034430218767,172.11494885,147.91248577,31.77671662,-17.90564717,-33.8781402,15.0796263,-0.5600327720940332,-31.054414742600667,2.0195549654322473,-27.922997987308946
-27.11244993315,172.12720829,149.51878197,29.85747807,-18.16946043,-32.60777172,12.89305209,-0.5319976146417598,-45.36974663912785,1.7769756859844694,-28.88942561913447
-28.1681500988666,172.15143523,151.07951529,28.00112124,-18.410649,-31.34719185,10.71664271,-0.5047576794621776,-56.93154238795239,1.5206456826205912,-29.688795781487194
-29.0593825342591,172.15216423,152.51345848,26.25171708,-18.63326673,-30.11169723,8.58566117,-0.4797306495101269,-47.69347975056126,1.2505649553406055,-30.309947489599708
-29.7782537303537,172.19122002,153.9203511,24.59057884,-18.83726695,-28.90412929,6.50299584,-0.4551757410691173,-58.73449368521016,0.9667335041445106,-30.74498723449821
-30.3204684808551,172.23263128,155.23487148,23.04967308,-19.01912122,-27.7284072,4.47443337,-0.4322330323535501,-76.1055881787009,0.6691513290323154,-30.989619809887415
-30.6853746511661,172.26191886,156.42466305,21.64549546,-19.18057161,-26.59085403,2.50658101,-0.4114672520445779,-72.65035113186995,0.3578184300040128,-31.043193081170113
-30.8758617401316,172.30243499,157.52023158,20.37866805,-19.32030126,-25.49510761,0.611617549999998,-0.3923459740148435,-76.36040974014327,0.03273480705960452,-30.908596547191205
-30.8982222380562,172.35154828,158.51271915,19.25448996,-19.43863905,-24.44475819,-1.20846426,-0.3750237981332256,-77.98364273899239,-0.3060995398009094,-30.592122698255288
-30.7619453421208,172.38730668,159.36807876,18.28612105,-19.52405208,-23.40826475,-2.98749309,-0.3600949566501512,-65.53483401238344,-0.658684610577529,-30.103260731543273
-30.4793569057187,172.45934049,160.15396189,17.44201112,-19.59123635,-22.43204417,-4.67814423,-0.3463787084957725,-67.0409519277587,-1.025020405270256,-29.45433650044844
-30.0650231603689,172.54750338,160.840439,16.72790457,-19.63307776,-21.49691967,-6.30415091,-0.3343974226866972,-68.46930495298331,-1.4051069238790959,-28.659916236489803
-29.534846518914,172.63447414,161.41108827,16.12293713,-19.6511222,-20.61302888,-7.86549244,-0.3244377140510953,-68.60330260629932,-1.7989441664040342,-27.735902352509967
-28.9047990685683,172.76525163,161.92049902,15.62080848,-19.63598027,-19.72273527,-9.44579379,-0.3155468192185415,-68.43754345124908,-2.2065321328450764,-26.698266935723222
-28.1892623785183,172.87349567,162.27514668,15.27936209,-19.60174883,-18.9051606,-10.89631109,-0.309357049867048,-53.261675221701886,-2.627870823202226,-25.561391555316074
-27.3989700634867,173.021967,162.6084408,14.92277766,-19.52337545,-18.03288217,-12.46144653,-0.3035399700955108,-57.289745036992464,-3.0629602374754814,-24.33600982601122
-26.5385812763287,173.17788181,162.83403817,14.69004723,-19.41968517,-17.18736376,-13.96238835,-0.2996025532051709,-50.90470231466748,-3.5118003756648424,-23.02678090066386
-25.6039482031624,173.34609978,162.96813652,14.55566106,-19.29595687,-16.37493483,-15.40440327,-0.2972620954761793,-29.06309180451483,-3.974391237770311,-21.62955696539209
-24.5791781789303,173.52780591,163.1012672,14.33691449,-19.11069625,-15.43595556,-17.00907888,-0.2949385267747605,-25.815430256290185,-4.450732823791892,-20.128445355138407
-23.4335238745213,173.73624425,163.16131299,14.24976394,-18.90197907,-14.50630115,-18.53297444,-0.2938905300372993,-17.26691579043815,-4.940825133729572,-18.492698740791727
-22.1187748367177,173.94281872,163.22058471,14.0840987,-18.62989489,-13.42912905,-20.19188436,-0.2928560433699791,-8.339879552401452,-5.444668167583357,-16.674106669134346
-20.5711899869739,174.16863407,163.25555732,13.97070256,-18.31520096,-12.27424438,-21.84717062,-0.2922456561774631,-6.584090542201548,-5.962261925353248,-14.60892806162065
-18.7246094084821,174.42953711,163.29211823,13.92642768,-17.95043611,-11.01444794,-23.48732202,-0.2916075479204379,5.789311234073447,-6.493606407039244,-12.231003001442854
-16.5343161248655,174.65518708,163.31207759,13.8332292,-17.51359146,-9.57292982000001,-25.18719368,-0.2912591913718471,11.448111982668152,-7.038701612641346,-9.495614512224154
-14.0004917804525,174.96001703,163.39682206,13.82482243,-17.022654,-8.00355165000002,-26.86543998,-0.2897801213474894,14.477087266269171,-7.597547542159554,-6.402944238292945
-11.1795774441032,175.19999816,163.43419071,13.79216244,-16.45387046,-6.24400061,-28.53743624,-0.2891279153679642,26.48055429028018,-8.170144195593869,-3.009433248509332
-8.17672439494699,175.52417743,163.58447349,13.78661477,-15.81186128,-4.30354986999998,-30.19814405,-0.2865049860479139,12.182865927161112,-8.756491572944299,0.5797671779973079
-5.11985256953255,175.83089772,163.70802623,13.83668273,-15.10940842,-2.21448755999998,-31.80758144,-0.2843485839350533,21.72196469926224,-9.356589674210825,4.236737104678276
-2.12780309219026,176.12713741,163.8419276,13.9242881,-14.33675223,0.0383340799999985,-33.35904958,-0.2820115641556224,32.08594621843586,-9.970438499393458,7.842635407203198
0.710959924594944,176.50066312,164.10631944,13.99660669,-13.48195591,2.49197552000001,-34.88195087,-0.2773970560322162,17.961754054940936,-10.598038048492196,11.30899797308714
3.34157036149025,176.80595226,164.28322064,14.14451124,-12.58156263,5.02899765999999,-36.25664253,-0.2743095476414872,36.18373321069179,-11.23938832150704,14.58095868299729
5.7330796359677,177.18961321,164.60752592,14.24976039,-11.59958383,7.75670432999999,-37.6145264,-0.268649352723885,51.45373053746294,-11.894489318437989,17.62756895440569
