knee_moment,thigh,shank,foot,thigh_,shank_,foot_
9.43052006696294,212.28218992,183.18494649,25.81145682,49.83408142,40.78132669,11.10548536
9.53215113601363,211.35754751,180.11959195,25.7733305,48.77669238,38.39290242,10.30583333
9.63040820846756,210.34101787,176.90623056,25.81362592,47.64200724,35.89859063,9.34313741
9.73058881821184,209.28663122,173.62316425,25.92600234,46.39045471,33.15144588,8.48234656
9.83613846442267,208.19787214,170.28702779,26.13266906,45.06355539,30.29584884,7.54767345
9.94860473231466,206.9307279,166.6973617,26.69813994,43.63097669,27.23350537,6.8880634
10.0677179419111,205.66737305,163.12706345,27.40249682,42.11114816,24.00649973,6.38925233
10.1914594887119,204.35344402,159.50840171,28.35630901,40.5028945,20.61614001,6.14659654
10.3160571409764,203.00441703,155.87063197,29.56898525,38.81093082,17.07022327,6.20140343
10.4360342366262,201.64326399,152.25892778,31.05019229,37.06128125,13.44652256,6.51459233
10.5444458871056,200.2303722,148.62398867,32.79927414,35.20829677,9.61121159000001,7.28615162
10.6333057270477,198.82847718,145.06278159,34.82766089,33.33188115,5.79420325999999,8.29374822
10.6941427788557,197.41168735,141.55432447,37.07187294,31.37678366,1.84306433,9.67571306999999
10.7186209104432,195.99712389,138.13104456,39.52820752,29.3734346,-2.15674205999997,11.37058284
10.699153557399,194.58042726,134.7908835,42.14318159,27.32790714,-6.18284046999997,13.32525461
10.6294586373904,193.15624932,131.5339039,44.87140249,25.23724119,-10.2402728,15.51088361
10.5050203373001,191.75867674,128.41852425,47.69799435,23.13239718,-14.24713972,17.87054905
10.3234286410739,190.3620159,125.40898055,50.54655998,20.99654826,-18.2438841,20.35937005
10.0845545170437,188.96916537,122.51395886,53.39245231,18.82635709,-22.25084551,23.01759475
9.79053145333782,187.59494482,119.76052239,56.19179214,16.66070302,-26.15119188,25.66663838
9.44555261546043,186.23104711,117.13038442,58.87778664,14.5042667,-29.91811516,28.13464069
9.05552007129519,184.89167118,114.65290756,61.48525208,12.32651168,-33.67776071,30.77511644
8.62759125476214,183.56568428,112.30907305,63.94746131,10.16224467,-37.31318083,33.27395373
8.16966881481697,182.26421352,110.11287081,66.25262356,8.00956242999999,-40.83733231,35.65603842
7.68987691339595,181.03805157,108.12651101,68.39120622,5.87475065999999,-44.24642649,37.94599439
7.19606096686879,179.74597136,106.17243212,70.3626925,3.75138691000001,-47.54091592,40.09970108
6.69534004907635,178.53286236,104.43035203,72.14948617,1.65810264999999,-50.69191244,42.09549266
6.19373275798873,177.36249324,102.85563809,73.72808463,-0.406946300000016,-53.70434837,43.92336961
5.69586914295476,176.21203466,101.41138681,75.1577214,-2.44309149,-56.57801622,45.6133832
5.20479400919023,175.09053179,100.11709737,76.35988964,-4.44132275999999,-59.28925923,47.09160384
4.72186100180298,174.04274592,99.01542689,77.41015921,-6.40305752,-61.85202044,48.41812009
4.24671246593147,173.02051988,98.05321367,78.25622993,-8.32229491000001,-64.24647812,49.53891788
3.77733710540378,172.04139524,97.24774846,78.91474261,-10.1975771,-66.47353572,50.46053514
3.31019569206943,171.10866214,96.60058369,79.39263091,-12.02732818,-68.53285154,51.19031727
2.84040420695661,170.22093563,96.10744511,79.69358943,-13.80999962,-70.42299998,51.72339638
2.36196350731905,169.38226002,95.77096564,79.82529734,-15.54476957,-72.14490066,52.07071982
1.86802463441323,168.5909873,95.58748463,79.78980793,-17.23005273,-73.69750907,52.22655804
1.3511789978098,167.84681607,95.55200955,79.5997576,-18.8676499,-75.0890644,52.20755027
0.80376276462694,167.15264915,95.66648611,79.26997778,-20.45124049,-76.30317839,52.00543793
0.218164795968776,166.4914831,95.90744524,78.81245333,-21.98157405,-77.35446669,51.66370097
-0.412872564044015,165.8996927,96.3163514,78.19846155,-23.48070377,-78.29783361,51.19280796
-1.09597052591591,165.35539437,96.86102239,77.45043997,-24.93934994,-79.10683135,50.56021105
-1.83685922142376,164.84615303,97.53020621,76.59526387,-26.33726958,-79.74296341,49.80656641
-2.64016150028286,164.39846336,98.34174673,75.61871865,-27.72035577,-80.32624425,48.98774265
-3.50922451430557,163.98125098,99.27255636,74.52379341,-29.03269341,-80.70836743,48.00249197
-4.44600719185839,163.62333204,100.33832507,73.31578672,-30.31942533,-81.01717858,46.93904954
-5.45102988392817,163.3053362,101.51701235,71.9973708,-31.56920226,-81.22077757,45.77234657
-6.52339010883155,163.03491702,102.81124429,70.58313242,-32.78626116,-81.33833049,44.53387025
-7.66083858610161,162.80127861,104.21449838,69.03724411,-33.95190286,-81.3168796,43.14306942
-8.85989014774937,162.60683935,105.72012732,67.37707086,-35.07756328,-81.19478704,41.6535729
-10.1159401466571,162.44567369,107.31573506,65.60799165,-36.16668137,-80.98345243,40.07114819
-11.4233769977076,162.32210994,109.00146082,63.72941936,-37.21593256,-80.67785173,38.38638176
-12.7756913392084,162.23276485,110.76980636,61.74261794,-38.21612122,-80.25397406,36.55150628
-14.1655739200637,162.17551777,112.6107125,59.65338278,-39.1775593,-79.74687361,34.63492981
-15.5849890408221,162.13846837,114.50062457,57.47970479,-40.10549283,-79.17561376,32.64039905
-17.0252117815408,162.13414675,116.45133412,55.21943568,-40.98709237,-78.50780406,30.53901599
-18.4768204342735,162.15204586,118.43794896,52.88561144,-41.8327791,-77.77826316,28.37428999
-19.9296399968798,162.19071106,120.45396706,50.5001901,-42.63580568,-76.96920489,26.1106983
-21.3726447073265,162.25118187,122.48835709,48.07232486,-43.40175463,-76.1046811,23.8005733
-22.7938744956699,162.32752866,124.52615145,45.62124599,-44.12930882,-75.18416649,21.44050364
-24.1804726329662,162.4159255,126.54964033,43.17474775,-44.83011863,-74.24663889,19.09006737
-25.5188950622015,162.51566501,128.55197032,40.74029148,-45.49407287,-73.26688828,16.72430431
-26.7952175996481,162.62057907,130.5223288,38.34415204,-46.11954194,-72.24424325,14.33643314
-27.9954485890008,162.73405884,132.44892969,35.99414194,-46.70511905,-71.17878013,11.9546021
-29.1058181438827,162.84489935,134.30270454,33.74365341,-47.29019602,-70.1934706,9.73256656
-30.1130463955354,162.96026304,136.09899864,31.5789415,-47.82701587,-69.15044737,7.50947648
-31.0045923654902,163.06194646,137.81066681,29.51459414,-48.32475598,-68.08005262,5.31225157
-31.7688810415317,163.18089061,139.44636513,27.58463609,-48.81031869,-67.06989628,3.29436619
-32.3955068083799,163.27963513,140.97998918,25.78463099,-49.25521718,-66.03780261,1.3165296
-32.8754154714341,163.38977208,142.42080661,24.13992183,-49.67866615,-65.04802266,-0.499018830000004
-33.2010651913461,163.48991944,143.74786309,22.64991286,-50.07135444,-64.07968463,-2.21203471
-33.3665404677641,163.56297755,144.94680524,21.29309615,-50.41386631,-63.07180039,-3.89354262
-33.3675739769745,163.6198964,145.98691916,20.13574231,-50.7170732,-62.0772459,-5.46808848
-33.2015040324552,163.65513019,146.8870767,19.10501227,-51.03095698,-61.22708446,-6.80164234
-32.867285773633,163.72041919,147.70695606,18.22089592,-51.30858508,-60.40021521,-8.01452823
-32.3656287637411,163.83877403,148.45975234,17.52126055,-51.47966092,-59.40271109,-9.32587997
-31.6992294869005,163.94960246,149.09675493,16.88901466,-51.67035827,-58.58529035,-10.37482097
-30.8730310005047,163.99091455,149.49776307,16.39700962,-51.79362435,-57.70151596,-11.47498702
-29.8944486608472,164.09905161,149.86736002,15.98307683,-51.89968531,-56.89889834,-12.40868278
-28.773512094005,164.1604025,150.06187558,15.65276222,-51.9416965,-56.03574806,-13.3614162
-27.5228879985659,164.24672945,150.17065615,15.38349217,-51.9489338,-55.1935464,-14.23534427
-26.1577643793591,164.32253385,150.15172726,15.17249984,-51.91110942,-54.33610953,-15.07526202
-24.6955928715585,164.40868132,150.04428139,15.00609029,-51.82905849,-53.46002407,-15.85389009
-23.1557005149554,164.48873788,149.82277631,14.88312208,-51.70643591,-52.56540921,-16.59163553
-21.5587945266568,164.55821308,149.49061762,14.84639624,-51.54215407,-51.64389894,-17.23657369
-0.860714731747214,173.05562373,109.13396185,73.63737421,-9.62716201999999,-53.95530503,42.43085711
-1.344243470605,172.29618024,109.31055801,73.24895031,-11.17263863,-55.06030118,42.28917374
-1.76920853604868,171.59372675,109.63496617,72.68341326,-12.66878831,-56.01331934,41.95509847
-2.14279016088787,170.94857368,110.10362842,71.9526427,-14.11648463,-56.81907832,41.4445649
-2.47403708007136,170.34931877,110.69592236,71.0722857,-15.51967394,-57.4903417,40.76263791
-2.773712410799,169.80723419,111.42322986,70.05068927,-16.87714033,-58.02756699,39.927395
-3.05410429047711,169.30910732,112.26979229,68.88089814,-18.18405643,-58.41660963,38.91865358
-3.32879162937791,168.8606618,113.22510297,67.62276811,-19.46264543,-58.72483662,37.82698969
-3.61236440333927,168.45257552,114.28952749,66.21612168,-20.69727541,-58.90631791,36.5802929
-3.92010197574071,168.08715087,115.44969945,64.73045435,-21.90593339,-59.01697711,35.27504934
-4.26761079106749,167.75644833,116.69663625,63.13634089,-23.08370871,-59.04039066,33.8548346
-4.67042217200317,167.45662965,118.02000024,61.45621121,-24.23008877,-58.9777333,32.33220505
-5.14355227821315,167.18935901,119.42009848,59.6859296,-25.35290016,-58.85224955,30.74070948
-5.70102779078531,166.95001078,120.8851123,57.83849299,-26.45346765,-58.66890128,29.08189116
-6.35538260145139,166.73335278,122.40353434,55.9233882,-27.53252237,-58.43123531,27.35735484
-7.11713277439364,166.53938937,123.97009274,53.94976016,-28.59299801,-58.15028673,25.57970124
-7.99423938779112,166.36591143,125.57797738,51.91795945,-29.63399515,-57.82410164,23.75427749
-8.99158943154492,166.20477022,127.20709222,49.86063642,-30.67037878,-57.49878355,21.92246807
-10.1105753271101,166.05575372,128.85423661,47.77332674,-31.68861809,-57.13705004,20.06343706
-11.3488626992251,165.92371252,130.53014614,45.64628293,-32.68036901,-56.72031987,18.13207176
-12.7003556877916,165.79603318,132.19853717,43.52292491,-33.66852044,-56.31468928,16.23236893
-14.1553015216807,165.65385307,133.82934003,41.4214562,-34.63839086,-55.88254464,14.33471514
-15.7004909060088,165.53046328,135.47211945,39.3050849,-35.59648021,-55.445559,12.429012
-17.3195447868304,165.39716855,137.08016497,37.22471697,-36.52509001,-54.96275764,10.50954173
-18.9932869785951,165.26820534,138.6605227,35.16713962,-37.44589332,-54.49341829,8.62359759
-20.7001963587892,165.12685705,140.19016885,33.16712103,-38.33722062,-53.98893341,6.73466907
-22.4169242352732,164.99291084,141.68586477,31.22293344,-39.21937309,-53.50868155,4.933698
-24.1188601087633,164.84055828,143.10517322,29.35012981,-40.06324222,-52.97890173,3.10489073
-25.7807303439199,164.69015339,144.46896631,27.56421144,-40.89263551,-52.4733953,1.37205617
-27.3771721210317,164.53367917,145.75499012,25.87984425,-41.70213447,-51.98418754,-0.283497369999999
-28.8831502969949,164.37528342,146.95691084,24.31400355,-42.5044045,-51.55506762,-1.80193995
-30.2741641376517,164.21066116,148.06313072,22.87186412,-43.2732048,-51.12186317,-3.26342594999999
-31.5264024755068,164.03714727,149.06174619,21.56217576,-44.009235,-50.6908753,-4.66614488
-32.6170393062067,163.8672341,149.95743718,20.39701295,-44.74024381,-50.35195302,-5.89303111
-33.5247175517942,163.69698221,150.73936932,19.38082198,-45.45164269,-50.070071,-6.98934594
-34.2301756332786,163.5329554,151.40567352,18.52700503,-46.15543349,-49.88831929,-7.89964894
-34.7169531163939,163.37353575,151.96064958,17.80991526,-46.82738453,-49.74156462,-8.71667426
-34.9721081901975,163.21786151,152.39134598,17.24818443,-47.47507337,-49.65634105,-9.40174566
-34.9868813066085,163.06168977,152.70328608,16.81272339,-48.07659663,-49.57745729,-10.01138363
-34.7572456127735,162.92904547,152.91271967,16.52998927,-48.67474658,-49.62777277,-10.42180152
-34.2842951431426,162.85140113,153.1072328,16.29505243,-49.2197648,-49.67121697,-10.77092763
-33.5744350938541,162.70826486,153.03420891,16.29509086,-49.74174534,-49.79170068,-10.97681867
-32.6393535626995,162.64386795,152.98629628,16.31365083,-50.21636669,-49.91855097,-11.11703764
-31.4957698018485,162.62768993,152.89241937,16.40392671,-50.65632268,-50.08954996,-11.14792836
-30.1649695465465,162.57578709,152.64851143,16.57689104,-51.04090311,-50.23305526,-11.16500897
-28.6721514885075,162.58798264,152.38719014,16.79077553,-51.39329145,-50.41694684,-11.08047901
-27.0456189160543,162.65534674,152.11848163,17.00900693,-51.6873577,-50.55815099,-10.99921036
-25.3158580198718,162.69628678,151.73277391,17.23808196,-51.93307691,-50.66980021,-10.91721577
-23.5145496500529,162.7938238,151.34852025,17.44942354,-52.135145,-50.76231379,-10.81489936
-21.673562955405,162.9056883,150.92423518,17.62002514,-52.28087629,-50.78620369,-10.75630463
-19.8239776235746,163.02110788,150.45059869,17.74677141,-52.37183654,-50.73535796,-10.74860073
-17.9951775408765,163.18196811,149.99361348,17.81180131,-52.41511982,-50.62252184,-10.73925869
-16.2140529795836,163.32392866,149.47449338,17.81361329,-52.40020392,-50.40333373,-10.81070353
-14.5043412788499,163.47358452,148.93766826,17.75249465,-52.32655436,-50.07287796,-10.91586668
8.62478630665387,211.57421326,178.36239772,24.95177294,48.55111217,39.26484542,6.94203977
8.88488782740377,210.62332745,175.39096285,25.11344325,47.36712654,36.74039173,5.75285517
9.16508199738761,209.6015081,172.31741735,25.45197028,46.07045861,33.97917141,4.76908281
9.46424667790551,208.51243521,169.15829796,25.99430064,44.66897851,31.00405989,4.03327835
9.77926662459704,207.39275284,165.97087957,26.73452479,43.18566651,27.87816277,3.50644985
10.1052678299284,206.16889169,162.65266095,27.77616615,41.5632399,24.42910322,3.49938556
10.4358192320112,204.95776017,159.38563224,29.02312964,39.90311643,20.96407048,3.62367402
10.7631360820673,203.67032183,156.04557423,30.55238699,38.13838412,17.27681509,4.22913683
11.0783777301953,202.37816072,152.75100097,32.29388549,36.30606548,13.48097778,5.13995371999999
11.3720657646921,201.04012114,149.44795044,34.25526425,34.40662886,9.58197533999999,6.38374672
11.6345857751496,199.71423205,146.23242028,36.39676944,32.46086122,5.64106009,7.89923642
11.8567213843731,198.36081426,143.052711,38.68641672,30.46552069,1.64843986000002,9.67183481
12.0301706702971,196.99372878,139.93775779,41.09207431,28.40957352,-2.43388621999998,11.76244676
12.1480008702194,195.63827099,136.9319559,43.53706178,26.36044961,-6.38279933000001,13.78224267
12.2050064146019,194.28088782,134.02008651,46.03918157,24.26111438,-10.3958509,16.08690898
12.1979503104785,192.93195859,131.22301215,48.53260722,22.14633033,-14.36059027,18.45622845
12.1256862177725,191.6025582,128.56313862,50.9868783,20.02274463,-18.25926998,20.86680929
11.9891607918734,190.26876783,126.00118257,53.37641144,17.8692453,-22.15895729,23.35428054
11.7912893961011,188.95457427,123.57994325,55.67069959,15.73328738,-25.9241332,25.73690954
11.5367102738961,187.65279564,121.28542216,57.85616217,13.57747336,-29.66627064,28.15752834
11.2314436737889,186.37048673,119.12978304,59.92103729,11.43268673,-33.30163142,30.50092033
10.882490895515,185.11365806,117.12014957,61.84991497,9.29546217000001,-36.8409352,32.76738578
10.497406892008,183.88200475,115.25464825,63.63831019,7.16974037999998,-40.27735989,34.94610404
10.083876182479,182.68147188,113.5401887,65.27425032,5.05851251999999,-43.60536801,37.02283579
9.64931640765041,181.5126841,111.97605249,66.75413432,2.96560829000001,-46.81701176,38.98350235
9.20052768375235,180.3785575,110.56410399,68.07489637,0.89583927999999,-49.90281901,40.81645173
8.74339969360509,179.28064052,109.30495577,69.23094995,-1.14779953000001,-52.8570633,42.50896739
8.28268274960509,178.22027079,108.19866499,70.21912097,-3.16084610999999,-55.66958433,44.04739143
7.82182425519021,177.19876464,107.24434949,71.0361075,-5.14161615999998,-58.33720275,45.42029367
7.36286827655948,176.21795529,106.44328432,71.68295249,-7.08293301,-60.84492115,46.6188368
6.90641334892394,175.27790607,105.79167152,72.15580967,-8.98539872000001,-63.1941364,47.62846497
6.45162208641183,174.38044887,105.29154545,72.4607203,-10.84043072,-65.36641938,48.44722813
5.99627546140142,173.52458277,104.9367593,72.59815626,-12.6488476,-67.36452763,49.06380818
5.53686454306055,172.71155363,104.7285331,72.57227104,-14.40534525,-69.17693528,49.47642233
5.06871280404784,171.93834214,104.65919744,72.39063989,-16.10825974,-70.80110721,49.68272519
4.5861226062893,171.20728004,104.72969535,72.0607839,-17.75520693,-72.23283471,49.68776292
4.08253998837132,170.51457216,104.93130197,71.58819252,-19.3445109,-73.46981584,49.48435864
3.55073227979627,169.86295158,105.26701322,70.98018906,-20.87844734,-74.52066881,49.09622959
2.98297330685288,169.24105287,105.7180551,70.24398228,-22.35468563,-75.38035975,48.5111223
2.37123104057871,168.65387735,106.28699729,69.37631311,-23.77342126,-76.05154655,47.71166257
1.70735253119227,168.10352295,106.9762364,68.39530408,-25.13848757,-76.54864215,46.75687508
0.983241435541667,167.58569805,107.77715894,67.30479017,-26.45183173,-76.88013667,45.65324883
0.191028848234491,167.09666906,108.67926742,66.10319098,-27.71614104,-77.05248159,44.37180526
-0.67675140510737,166.63762871,109.68220712,64.80026235,-28.93490558,-77.08031555,42.95378703
-1.62697165348037,166.20735372,110.77979725,63.40140873,-30.11201785,-76.97648666,41.40488992
-2.66570445372042,165.80785378,111.97210457,61.91190857,-31.25135641,-76.75628939,39.75591515
-3.79800759165117,165.43889969,113.25498461,60.33509581,-32.35760262,-76.43739344,38.03162435
-5.0277003612458,165.09201193,114.61039319,58.67741842,-33.43074864,-76.01727906,36.18678452
-6.35712830290285,164.77353636,116.04435931,56.94153637,-34.47710499,-75.52424919,34.29722149
-7.78691371165208,164.47678161,117.53968188,55.13675645,-35.49910878,-74.96832126,32.34371003
-9.31569009086778,164.2008172,119.09337537,53.26498072,-36.4983724,-74.35221965,30.3334563
-10.9398205078579,163.93346691,120.67934182,51.34882915,-37.47927178,-73.70175624,28.33008892
-12.6531026320704,163.71135114,122.34566673,49.35900639,-38.43660446,-72.99878695,26.23706669
-14.4464799392829,163.49130706,124.019719,47.34752136,-39.37663637,-72.27340308,24.17793115
-16.3078297855124,163.28977184,125.72210997,45.30778482,-40.29479003,-71.5144984,22.08492039
-18.2219331692839,163.10618756,127.4435688,43.25538698,-41.19262248,-70.73267714,19.99606781
-20.1706621427422,162.93514254,129.16823164,41.20583193,-42.06986724,-69.93259872,17.91993067
-22.1333207965981,162.77635164,130.88929634,39.17018251,-42.92548142,-69.11773017,15.86644423
-24.0870705231444,162.63546744,132.60620961,37.16230694,-43.75709706,-68.28633578,13.84610982
-26.0074177885176,162.48788973,134.2775853,35.20399922,-44.55776995,-67.42736446,11.83890805
-27.8687613008836,162.38312925,135.96852507,33.28601387,-45.34464947,-66.59317769,9.93511581
-29.6449895741311,162.26797837,137.5864727,31.43416349,-46.09546929,-65.72870736,8.05371413
-31.31011147868,162.1503129,139.13987461,29.66232326,-46.8030553,-64.8215602,6.1685978
-32.8389003573273,162.07276931,140.68010666,27.95801493,-47.50988104,-63.99890258,4.45769001
-34.2075329034398,161.98523156,142.12716855,26.35771835,-48.15024629,-63.08620046,2.70654514
-35.3941542221353,161.92760064,143.51952531,24.84898868,-48.79472987,-62.2900055,1.15385997
-36.3792296702773,161.9295178,144.89158444,23.44362692,-49.39086461,-61.46587793,-0.35140973
-37.1456624999543,161.84615895,146.02992621,22.20259358,-49.93880724,-60.64244444,-1.82192502
-37.6788819135475,161.82120118,147.12366156,21.06654581,-50.49322221,-59.96170985,-3.05237698
-37.9670873803849,161.81396457,148.10671003,20.078957,-51.00401094,-59.30170818,-4.19644345
-38.0016534813357,161.82775728,148.98301759,19.22754141,-51.48501612,-58.70678204,-5.17778222
-37.777618751905,161.86163064,149.74631933,18.52257685,-51.91282454,-58.11387006,-6.10258743
-37.2941790620333,161.9035492,150.38436508,17.92232053,-52.32143135,-57.62207469,-6.84303611
-36.555110409805,161.97291608,150.91820665,17.45660897,-52.67192136,-57.12651355,-7.50958272
-35.5690566951954,162.07496025,151.3657334,17.10612128,-52.99437872,-56.71307368,-7.98982296
-34.3496336320713,162.16238727,151.65802566,16.83704208,-53.22661013,-56.19595632,-8.54614659
-32.9153186593261,162.30117101,151.86879983,16.68092619,-53.4612725,-55.84621219,-8.83484446
-31.2891165993336,162.42559661,151.99020017,16.51430189,-53.58285272,-55.3106911,-9.26829352
-29.4980100443667,162.56582038,151.99521766,16.42614397,-53.67569534,-54.83466565,-9.58738003
-27.5722204652961,162.73198226,151.93412985,16.34306184,-53.71756538,-54.34069624,-9.87038241
-25.5443196666546,162.90546751,151.78567841,16.26027704,-53.71167002,-53.82351824,-10.14701018
-23.4482407406814,163.07349329,151.55778298,16.14347853,-53.63777206,-53.20791476,-10.48025729
-21.3182428197083,163.23904403,151.26278337,15.98667348,-53.50764953,-52.51514606,-10.83501252
-19.1878847943513,163.40125129,150.90128582,15.7893202,-53.32995411,-51.75943033,-11.20525136
-17.0890601594147,163.55304143,150.48043045,15.55209137,-53.09849107,-50.9100586,-11.58732074
-15.0511388835411,163.69664897,150.00980728,15.29271528,-52.81398536,-49.96201035,-11.95619632
6.05163423737943,211.81621612,175.8573845,31.10814006,47.84476665,36.64385904,11.37771765
6.30953730223997,210.90800257,172.84165392,31.1295454,46.7308701,34.2259395,9.89623066
6.64291873216841,209.92992995,169.73020777,31.22264191,45.50646681,31.58615344,8.51022491
7.05567500071916,208.88077859,166.53214549,31.4017847,44.16982617,28.72364648,7.25926229
7.54706623634283,207.76728571,163.26625144,31.67895678,42.72522915,25.65239694,6.1769982
8.11146157254749,206.59462096,159.95027976,32.06352812,41.17791533,22.39044864,5.28392794
8.73834334840871,205.38523146,156.63078173,32.53608356,39.55172553,19.01635023,4.51786737999999
9.41267601176999,204.10690225,153.25621172,33.19442649,37.81032142,15.40079102,4.14051883
10.1156298769574,202.82361943,149.94181529,33.93463661,36.02010676,11.76728568,3.83302335
10.8255865511997,201.48431556,146.6104843,34.88430704,34.13740203,7.96054612,3.94029303
11.5193356540851,200.13502678,143.34570642,35.9642748,32.20049916,4.10737702999998,4.25597766
12.1733640833973,198.77688795,140.15014607,37.208709,30.21046353,0.202885079999987,4.84534997
12.7651397222521,197.40492545,137.02455923,38.62438675,28.157726,-3.79295458999999,5.80345114
13.2743052910332,196.06003131,134.02250289,40.21882769,26.09802534,-7.69384909000001,6.88881337999999
13.6837188556233,194.68431433,131.07895226,41.97151926,23.99100052,-11.65964397,8.34679781999999
13.9802805516208,193.33251391,128.27007888,43.89565666,21.85188203,-15.63259856,10.14220008
14.1554815769008,191.98672877,125.57210078,45.9270288,19.71554013,-19.50393825,12.00411577
14.2056390738475,190.6730666,123.0270554,48.08514053,17.55886791,-23.36113208,14.16871311
14.1318235685949,189.38460446,120.62817688,50.31301517,15.39327272,-27.16916567,16.53841719
13.9395118618696,188.1126652,118.36044215,52.58939901,13.23636343,-30.87855312,18.96539426
13.6380115415514,186.86079259,116.23771156,54.85560769,11.06770386,-34.54397875,21.53322903
13.2397121551442,185.63545645,114.26053766,57.10261039,8.91016947,-38.11411316,24.13364547
12.7592224905347,184.44196484,112.44117149,59.27650259,6.76133048,-41.58833426,26.7352484
12.2124536204752,183.27788053,110.77514596,61.34775525,4.62491326,-44.96019919,29.29604454
11.6157039101342,182.14469503,109.26204929,63.29135746,2.50498423000002,-48.22085854,31.78116093
10.9847957437905,181.04313514,107.90166669,65.08345313,0.404410100000007,-51.36441363,34.16068812
10.3343050458609,179.97364778,106.69317426,66.70696179,-1.67131854000002,-54.3773365,36.40390721
9.67691460438032,178.93608789,105.63380581,68.14874504,-3.72012074,-57.25548418,38.48858563
9.02291163181107,177.9324927,104.72400706,69.40208871,-5.73562991,-59.98632534,40.39706494
8.37983971846428,176.9617903,103.9591985,70.46218836,-7.71643859000002,-62.56606211,42.11154281
7.75230601089041,176.02564934,103.33979939,71.32794884,-9.65599449999999,-64.98118566,43.62072491
7.14193656908633,175.12524619,102.8654628,71.99772469,-11.54916717,-67.22124924,44.91418351
6.54746670766694,174.25764162,102.52932371,72.4742369,-13.39549422,-69.28337854,45.98183794
5.96494878774838,173.42633442,102.3347206,72.75810808,-15.18881102,-71.15638992,46.81709296
5.38805729696264,172.62710105,102.27262469,72.85511211,-16.92744608,-72.83653055,47.41632517
4.8084698987607,171.86072915,102.34177291,72.77046941,-18.60994928,-74.32219287,47.77524684
4.21630313647368,171.12740028,102.54162273,72.50877204,-20.23329817,-75.60708902,47.89937319
3.60058227948611,170.42552818,102.86568396,72.07763681,-21.79858731,-76.69684975,47.7894665
2.94972602105127,169.75705884,103.31540598,71.48383407,-23.30468781,-77.59059865,47.45353467
2.25202810660087,169.12208377,103.8872219,70.73600158,-24.75346623,-78.29527458,46.90536018
1.49611935876549,168.51306434,104.56750636,69.8436746,-26.14460038,-78.81488314,46.14166753
0.671394908130764,167.94138647,105.36739501,68.81868868,-27.48272236,-79.15986951,45.19191351
-0.231607251166632,167.3974523,106.27829176,67.64620682,-28.76687527,-79.3349945,44.05176148
-1.22088705170561,166.89329262,107.3035354,66.34956094,-30.00485762,-79.36563164,42.75640488
-2.30272200521365,166.41585414,108.42669491,64.94105919,-31.19901584,-79.25488289,41.30416938
-3.48145072156613,165.97696828,109.65821879,63.41783471,-32.35324318,-79.02466011,39.73637963
-4.75928813388405,165.57578732,110.99339475,61.78849728,-33.46828474,-78.67690314,38.05162335
-6.13617685268784,165.2043141,112.41682616,60.0539224,-34.54249033,-78.21011717,36.22747682
-7.60968234883258,164.87168049,113.93965919,58.2261118,-35.58668079,-77.66038979,34.34501608
-9.17493061304974,164.57382688,115.54360071,56.31409583,-36.59590336,-77.01880006,32.33983907
-10.8245818922155,164.30148224,117.21700308,54.33507149,-37.56627092,-76.27625303,30.26208975
-12.5488334191439,164.08158527,118.98789422,52.26479228,-38.52041534,-75.50881776,28.15714401
-14.3354443199159,163.88781143,120.8100853,50.15452481,-39.44759515,-74.68962417,26.03533709
-16.1697772563769,163.70949206,122.6602823,48.01241061,-40.33326961,-73.78023626,23.83068735
-18.0348790392916,163.59616468,124.60723073,45.81695507,-41.20326913,-72.86692671,21.66733609
-19.9116917527772,163.475994,126.52946788,43.63093302,-42.04311772,-71.91093446,19.48905382
-21.7794943155232,163.40912263,128.51828158,41.42590659,-42.84625922,-70.90272806,17.31528047
-23.616555133295,163.36820351,130.52062335,39.23352019,-43.6167299,-69.86097662,15.1338475
-25.4008790720703,163.32716179,132.47568999,37.09545562,-44.35863975,-68.79931613,13.00962334
-27.1109573011811,163.33716437,134.477042,34.96364346,-45.05336208,-67.6788908,10.85926153
-28.7264824236882,163.30878877,136.35976394,32.94244468,-45.70573582,-66.51644393,8.74081357
-30.2290055862284,163.33047121,138.2543742,30.95718435,-46.34076774,-65.38863276,6.72111615
-31.6025083190014,163.35895852,140.08891589,29.05895984,-46.95594681,-64.30241575,4.82867492
-32.8338629349409,163.40073455,141.87622564,27.22206563,-47.50780289,-63.13609957,2.89233365
-33.913162890262,163.46809871,143.57972601,25.5353854,-48.04379325,-62.03728652,1.1299864
-34.8338596290976,163.46823634,145.06672711,24.01991777,-48.53829653,-60.93729558,-0.582138190000002
-35.5925624262362,163.55436421,146.58846984,22.54454231,-49.00919597,-59.89134172,-2.18584291
-36.1884757797143,163.56769328,147.84394227,21.30726093,-49.45398209,-58.91151841,-3.64389845
-36.6227078374269,163.6285272,149.04500021,20.16920334,-49.86562558,-57.97015183,-5.02096075
-36.8976894533332,163.73583261,150.17262981,19.16688514,-50.25548089,-57.11232616,-6.20495895000001
-37.0167416363432,163.74941937,151.02451166,18.34306429,-50.5979426,-56.27030609,-7.3606004
-36.9837178560854,163.82695151,151.82509573,17.63516601,-50.9047167,-55.47205115,-8.39736937
-36.8026329973623,163.94091341,152.53968261,17.04366429,-51.19045563,-54.76824319,-9.26514994
-36.4771929199558,164.00580268,153.04369426,16.57773955,-51.39933586,-53.98527345,-10.18669249
-36.0101491476307,164.13120643,153.51630027,16.17111954,-51.57666216,-53.26052464,-10.98537476
-35.4024213210766,164.24475139,153.83677857,15.85560147,-51.70363588,-52.53075175,-11.76138454
-34.6519545586328,164.40820255,154.10167281,15.58694494,-51.79976047,-51.85262813,-12.44626141
-33.7523085537007,164.53896076,154.23036453,15.32374128,-51.81544969,-51.05937742,-13.24262816
-32.6910089864377,164.69570192,154.28371019,15.072989,-51.79708224,-50.28908886,-13.9933568
-31.4477287589796,164.85174302,154.23199369,14.82748687,-51.73194403,-49.49129482,-14.76807245
-29.9924060631243,165.00917646,154.09522388,14.54570103,-51.61985475,-48.65287693,-15.57674353
-28.2834479458809,165.1621059,153.86314818,14.24615481,-51.46486481,-47.77441702,-16.41653141
-26.2662114942923,165.31049818,153.55440662,13.90677226,-51.26189187,-46.82729802,-17.29376635
-23.8719994999777,165.4393726,153.14221786,13.55875303,-51.02290236,-45.84106497,-18.17089502
-21.0210507026104,165.54832992,152.63693177,13.21861122,-50.74353878,-44.79424443,-19.02455642
-17.6406538833326,165.63211417,152.03498193,12.920805,-50.42436939,-43.68663793,-19.81236234
-13.7012119799227,165.69430414,151.34700248,12.69916187,-50.06496671,-42.51394709,-20.48955132
-9.24346194987158,165.72808556,150.56341063,12.59666649,-49.66579861,-41.2803364,-21.01395929
