knee_moment,thigh,shank,foot,thigh_,shank_,foot_
-0.764991530094052,206.96591936,175.79471574,40.59914409,38.22877222,21.91325421,32.9837192
-0.716496304899025,206.31262403,173.64633032,40.54758252,37.24827644,19.56664911,32.39121727
-0.620888350526638,205.61742327,171.44455352,40.46003663,36.21683923,17.13621539,31.75692594
-0.475679218328752,204.87643508,169.1884039,40.35612268,35.12310402,14.58571158,31.14830393
-0.280873147010438,204.14224847,166.95955557,40.20525465,34.01011903,12.0475772,30.427009
-0.0389458586004859,203.33048622,164.61824448,40.14760866,32.8317698,9.36147254000002,29.87946823
0.245333030850404,202.50830535,162.28720753,40.09865179,31.62616827,6.65148735999998,29.34933358
0.565202882570953,201.65844944,159.9316628,40.12453128,30.38364074,3.87858645,28.92362497
0.912276584660355,200.81045356,157.60868971,40.18493314,29.12788771,1.11500642999999,28.52520353
1.27692340804322,199.9268699,155.24823888,40.38739098,27.84192501,-1.70351199000004,28.31795135
1.64868138807562,199.03515639,152.90201598,40.69887624,26.54156518,-4.52723114000003,28.23778702
2.01671313532483,198.13620392,150.56992139,41.15125515,25.22688728,-7.35742565999996,28.32008882
2.37028364486719,197.22051118,148.25190912,41.71829277,23.90732153,-10.17699022,28.56064288
2.69922478107293,196.3141039,145.98581025,42.40288066,22.58810565,-12.96119179,28.92650436
2.99435494421907,195.41717271,143.77245312,43.20898033,21.27456853,-15.69888013,29.41872954
3.24782837044615,194.52406156,141.61117654,44.13852597,19.96249639,-18.40299134,30.06785482
3.4533958768106,193.64221444,139.51146291,45.1865381,18.65780227,-21.05794196,30.86021923
3.60656689093606,192.77619537,137.49120824,46.3408744,17.36028668,-23.66058025,31.78347005
3.70467057654568,191.90321097,135.51270827,47.55874288,16.06614409,-26.22647237,32.81865751
3.74682114707642,191.06834319,133.64810931,48.87420381,14.80242327,-28.67248894,33.93170318
3.7337985493552,190.22664376,131.8260091,50.22255369,13.522066,-31.14029305,35.19236059
3.66786025624829,189.40982651,130.10569455,51.60370835,12.27407976,-33.48201052,36.4483388
3.55250278063315,188.637717,128.51015188,53.00484747,11.06600841,-35.66777883,37.64732437
3.39219322466768,187.85767013,126.95786813,54.40060225,9.83476400000001,-37.9007509,39.00080866
3.19209138469596,187.11410541,125.52451967,55.76387274,8.65353372000001,-39.95428346,40.22907034
2.95777954383685,186.39049828,124.17743355,57.10216616,7.47040637000001,-41.98028373,41.50870679
2.69501184365808,185.69272224,122.92687601,58.38713534,6.30670139,-43.9150329,42.73244277
2.40949245067916,185.0165659,121.7632901,59.61887341,5.14641551999998,-45.80917207,43.96159756
2.1066903517196,184.38498808,120.71894783,60.79578396,4.02161214,-47.57759363,45.1053471
1.79169563390129,183.75369818,119.73729007,61.87940748,2.90657447999999,-49.27640479,46.16867657
1.46911848400707,183.1410421,118.84112608,62.87544036,1.80963079,-50.89017203,47.14530691
1.14302910646648,182.54937461,118.02760889,63.78398347,0.725135620000003,-52.42470769,48.01826036
0.816934439466847,181.97732494,117.3002293,64.6160212,-0.325273160000023,-53.84719236,48.81868227
0.493785986921728,181.43613602,116.66265685,65.36840301,-1.36932878000002,-55.21627224,49.55031432
0.176012243489628,180.88750982,116.07312253,66.02570681,-2.38973663000002,-56.48591609,50.17328075
-0.13443102732106,180.34078042,115.53858971,66.58030342,-3.40236219000002,-57.69854242,50.70367211
-0.435999126515359,179.86709877,115.14159398,67.10600601,-4.37694590999999,-58.78758885,51.1602158
-0.727491197446162,179.36303021,114.75988165,67.51235887,-5.34958899,-59.83447293,51.52222085
-1.00798242028535,178.87603333,114.44829759,67.84105706,-6.30098028999998,-60.7946222,51.78846995
-1.27675961867624,178.40491714,114.19740378,68.0951877,-7.24504229999999,-61.7076618,51.98866115
-1.53326327923122,177.92681893,113.98489494,68.27869926,-8.16727105000001,-62.53136167,52.09489801
-1.77703804636601,177.44515113,113.81086287,68.39872656,-9.06769143,-63.26536356,52.10403006
-2.00769292136353,176.97996855,113.69812469,68.44279265,-9.96513304000001,-63.96751989,52.05732904
-2.22487168974204,176.50061482,113.60826646,68.43853897,-10.83780611,-64.5711749,51.91739245
-2.42823353347077,176.0337743,113.57003168,68.37440292,-11.70245892,-65.12858234,51.71458783
-2.61744335275979,175.56314373,113.56538019,68.25373827,-12.55316451,-65.62195954,51.44069391
-2.79217101688243,175.09301922,113.59728116,68.07949201,-13.39220768,-66.05668593,51.09789195
-2.95209857121765,174.62677795,113.66846619,67.85400815,-14.21897909,-66.43382991,50.68871773
-3.09693433523628,174.16304692,113.7773999,67.57611634,-15.03323519,-66.75232871,50.21253421
-3.22643272008278,173.7029783,113.92425091,67.24824548,-15.83480683,-67.01263871,49.66989969
-3.34041807975616,173.25039447,114.11422372,66.867102,-16.62297308,-67.2146438,49.05966288
-3.4388102038604,172.81331108,114.3532877,66.44101461,-17.40443373,-67.38090843,48.4134686
-3.52164948308246,172.37501014,114.627427,65.95478344,-18.16118103,-67.45496303,47.65362038
-3.58912119909463,171.95566007,114.9559528,65.42050043,-18.90687029,-67.48325089,46.84730905
-3.64157904956207,171.55175825,115.33460522,64.83595242,-19.63953785,-67.45993664,45.98474273
-3.67956784602199,171.16329027,115.76467527,64.20082433,-20.35701912,-67.38014165,45.06196487
-3.70384529796547,170.80737788,116.26156064,63.52270722,-21.0665376,-67.26883545,44.11342214
-3.71540291795462,170.44141326,116.78403946,62.78007132,-21.74685662,-67.05830475,43.04404347
-3.71548609580597,170.12217269,117.38899512,61.99712775,-22.42305832,-66.83272566,41.97109671
-3.70561327371945,169.79577195,118.02103562,61.15912136,-23.07086518,-66.51424511,40.7980415
-3.68759389483488,169.51004568,118.72657902,60.27859545,-23.71537403,-66.18480225,39.61808543
-3.66354439247529,169.21581771,119.45714142,59.34288735,-24.33265523,-65.76901974,38.34705767
-3.63590095011549,168.94180192,120.24466542,58.34836816,-24.92952898,-65.28992431,37.02380285
-3.6074271238664,168.72121639,121.10618615,57.33822614,-25.53247425,-64.83653687,35.70908221
-3.58121372543872,168.49561096,121.99922664,56.2633828,-26.1045662,-64.28706475,34.31235002
-3.56066767412009,168.25341807,122.90337471,55.12293433,-26.64922741,-63.65607695,32.81680702
-3.54948591736614,168.05271622,123.87699343,53.94705707,-27.18411248,-63.00331228,31.29942832
-3.55161007875077,167.85476886,124.87356544,52.72960522,-27.70636736,-62.3160175,29.74391613
-3.57115730933084,167.69098602,125.92828534,51.47298491,-28.20978208,-61.58027997,28.13373663
-3.61232298274583,167.52140464,126.99518868,50.17203862,-28.69890655,-60.80816519,26.47984838
-3.67925728654878,167.42068836,128.15156444,48.85852934,-29.17806841,-60.01692437,24.81194718
-3.77593536880004,167.28873991,129.29218357,47.47820856,-29.62483967,-59.13731304,23.03088013
-3.90604740884471,167.16422691,130.45392879,46.05152854,-30.04943311,-58.20055549,21.18133555
-4.07291215585613,167.06718255,131.65463424,44.61377834,-30.47239612,-57.27459131,19.34125657
-4.27939592236425,166.92639902,132.81689798,43.10586442,-30.86752715,-56.27495162,17.4015695
-4.52782439553995,166.88835971,134.0909827,41.6373223,-31.25347511,-55.26884285,15.478223
-4.81988769449014,166.81873275,135.33354967,40.1146291,-31.61930458,-54.21547528,13.4934968
-5.15654400617741,166.72801596,136.5525952,38.5738351,-31.96076076,-53.10580556,11.43212323
-5.53792871874157,166.6747755,137.81074799,37.05136135,-32.30829287,-52.03942441,9.43730294
-5.9632775847662,166.61278283,139.05141046,35.51006288,-32.62923599,-50.91146429,7.374564
-6.43087173307474,166.50530939,140.24623669,33.9081126,-32.94353575,-49.78003546,5.28601046
-6.93800960846323,166.49994987,141.50817463,32.46010379,-33.25710814,-48.68714175,3.32056198
-7.48100979404935,166.445465,142.72471709,30.95962434,-33.54488846,-47.53636206,1.25832077
-8.05524888566595,166.38025021,143.89833102,29.4857401,-33.84169249,-46.44141655,-0.72089274
-8.65523755866562,166.32483422,145.06751606,28.04019632,-34.12596656,-45.34001504,-2.6949529
-9.27473534288803,166.26915293,146.22173313,26.61200083,-34.38582813,-44.19949163,-4.70479542
-9.90687283331478,166.19306647,147.29311279,25.28121732,-34.69164137,-43.23327976,-6.50191368
-10.5441975531452,166.13251877,148.36893486,23.96822815,-34.94537531,-42.15370802,-8.38954826
-11.1786073262433,166.04460261,149.34474954,22.73231784,-35.24372693,-41.24039665,-10.11477489
-11.8012618469826,165.95082335,150.28106705,21.57692018,-35.52661033,-40.33516278,-11.76622365
-12.402577905351,165.85806391,151.16592307,20.48613762,-35.80945034,-39.47656259,-13.36379795
-12.9723346482109,165.76321719,151.99057668,19.47138173,-36.09544339,-38.67840439,-14.88260133
-13.4998755799986,165.68241361,152.77414262,18.5352433,-36.37532311,-37.9198187,-16.33184728
-13.9743892348798,165.56046173,153.43538131,17.70575586,-36.68041157,-37.29085213,-17.63154757
-14.3852468488204,165.45449367,154.05137495,16.95347127,-36.97924404,-36.70577618,-18.86158404
-14.7223730810956,165.34749113,154.59195275,16.29919567,-37.28528844,-36.20679179,-19.98074405
-14.9766249854223,165.24825145,155.07479915,15.72048497,-37.58609526,-35.76017151,-21.01532412
-15.1401551992873,165.12409923,155.43610054,15.2726749,-37.9102895,-35.44634828,-21.907569
-15.2067386968579,165.02867522,155.77348338,14.87098824,-38.22154699,-35.16827028,-22.72961996
-15.1720463514587,164.908029,155.98127774,14.61517557,-38.55579963,-35.02424481,-23.40596914
-15.0338478014195,164.81951975,156.17173682,14.39888012,-38.87795217,-34.91781999,-24.01431651
-14.792126251894,164.70947809,156.26838058,14.25924707,-39.21799688,-34.92641038,-24.48735898
-14.4490977327739,164.63984363,156.30830017,14.24803787,-39.55562872,-35.01046722,-24.86554662
-14.0091394672084,164.54376874,156.2711394,14.26643877,-39.88931909,-35.1405647,-25.19505362
-13.4786376580223,164.46013388,156.20520163,14.28862082,-40.229203,-35.35899451,-25.42294273
-12.8657670482908,164.44829659,156.14434729,14.40504386,-40.57268914,-35.64804217,-25.55693849
-12.1802161058365,164.36827557,155.95380702,14.52849405,-40.90743209,-35.97864776,-25.6687792
-11.4328726245639,164.31289788,155.73129513,14.70074655,-41.25166183,-36.39658704,-25.6791614
-10.6354849288448,164.35823928,155.67879356,14.71222657,-41.50467527,-36.57559283,-25.96423511
-9.80031371658644,164.37606201,155.50094941,14.80427203,-41.82207185,-37.01325779,-25.98715335
-8.93978888221535,164.42289655,155.3374588,14.85849145,-42.0919786,-37.36627708,-26.07443834
-8.06618441032464,164.4471245,155.14041979,14.81690089,-42.36331996,-37.75104693,-26.23859101
-7.1913226334966,164.48647744,154.93547266,14.73484543,-42.606856,-38.10319761,-26.4106359
-6.32631687399719,164.5597767,154.76207354,14.56463732,-42.82866639,-38.43118147,-26.65514823
-5.48135886695811,164.63217672,154.58450761,14.29657295,-43.01542066,-38.68450008,-27.03396597
-4.66555468244417,164.75140193,154.45118378,13.96898941,-43.18361588,-38.92307479,-27.400931
-1.56651769411545,204.07083756,167.30058093,41.83488004,31.82961364,11.57380342,29.32093398
-1.71797632499455,203.24791361,164.95692727,41.6569484,30.62983725,8.73692151999998,28.84092387
-1.83870565264282,202.43992381,162.66409029,41.38838779,29.41269173,5.91523446000002,28.22652968
-1.92263644134667,201.5918931,160.30600796,41.18528673,28.14239406,2.97415631999999,27.75125886
-1.96467962438906,200.70907486,157.92061048,40.98076057,26.84023783,-0.0135881900000072,27.32157184
-1.96093738332477,199.81618173,155.527702,40.81786087,25.50779069,-3.05051331999999,26.95864373
-1.90891246539266,198.90418358,153.12135133,40.70028256,24.14887719,-6.12702543,26.67519681
-1.80766279757709,197.9924929,150.72443364,40.64860304,22.76743131,-9.23443996,26.47948135
-1.6578794432902,197.04037528,148.29367567,40.66070192,21.36131718,-12.3832672,26.4134291
-1.46188824443292,196.09863493,145.90396361,40.70523141,19.95343499,-15.49971055,26.35832709
-1.22357994022792,195.14775665,143.52434053,40.84190494,18.51629305,-18.68326779,26.50259228
-0.948275139325958,194.22077073,141.21134292,40.99817365,17.11162772,-21.7259273,26.55680066
-0.642531898465215,193.2813922,138.90578504,41.27728441,15.68020133,-24.82912751,26.83058415
-0.313904962795183,192.34468411,136.63656053,41.66014922,14.22966128,-27.97569605,27.32574178
0.0293329700331324,191.39686515,134.39687871,42.11208336,12.80011937,-31.02455548,27.83404757
0.37849628807111,190.48622783,132.25327592,42.63321975,11.41498351,-33.89558845,28.2405915
0.724804910627423,189.56863755,130.14138695,43.2834488,9.99557744000001,-36.875505,29.02130693
1.05970312386956,188.66480087,128.09763531,44.01844998,8.62434675,-39.668668,29.71755181
1.37516757575429,187.77109971,126.12065278,44.84871231,7.25591204,-42.44624374,30.60518776
1.6639930998388,186.89685839,124.21465955,45.78311253,5.9032187,-45.15845216,31.60006199
1.92004027717805,186.04034469,122.39213425,46.80937591,4.55980613,-47.82729925,32.76157994
2.13842656678103,185.2054869,120.64923858,47.91603368,3.25019853000001,-50.37619121,33.94266317
2.31564886931138,184.39617819,118.98869885,49.08588678,1.97925871000001,-52.77433857,35.07363972
2.44963350941519,183.61490116,117.42719701,50.3485348,0.717927250000002,-55.1486678,36.44950746
2.53971503037947,182.85194173,115.93800388,51.66588385,-0.51764350000002,-57.42341858,37.82902285
2.58654931705048,182.11524653,114.53830324,53.03328199,-1.7277594,-59.59981905,39.23922477
2.59197040941607,181.40307891,113.22415368,54.44017656,-2.89578649000001,-61.61879107,40.59981065
2.55880354563125,180.71622678,111.99385477,55.87118937,-4.05461944999999,-63.60573887,42.05305378
2.49064913964247,180.04817585,110.84044734,57.31435465,-5.19084691999998,-65.49988348,43.50967793
2.39165332215029,179.40186111,109.76650994,58.75507946,-6.29301185,-67.25821383,44.89289645
2.26628026697376,178.77280786,108.77127218,60.17014947,-7.37586701999999,-68.9451457,46.28010981
2.11909986331968,178.15994784,107.84713453,61.55165093,-8.43911861000001,-70.54354441,47.61793888
1.95460160680841,177.56144675,106.99438614,62.88500486,-9.47845274000002,-72.03935504,48.87924272
1.77704221607315,176.97566605,106.21095729,64.1577158,-10.49354762,-73.4348383,50.0602035
1.59033085187505,176.39981381,105.495695,65.35839215,-11.48108804,-74.72075244,51.14953482
1.39795233672726,175.82950445,104.83885546,66.47193582,-12.45389305,-75.92911097,52.13919234
1.20292579805722,175.26849426,104.24580194,67.50068654,-13.40634517,-77.04431451,53.02295105
1.00779394073248,174.7156298,103.71689199,68.43789991,-14.33620697,-78.05995397,53.79318063
0.814636825517233,174.17203559,103.2535826,69.27972368,-15.24115176,-78.97148784,54.44133779
0.625103583400649,173.63373865,102.85823878,69.97974094,-16.12317314,-79.77542046,54.90695931
0.440455807096847,173.09943174,102.51849588,70.5976781,-16.98622262,-80.49535766,55.29268903
0.261617226189255,172.57329253,102.24315362,71.10960369,-17.82995742,-81.12610533,55.55821426
0.0892254537362525,172.05548465,102.03358647,71.51233556,-18.65447208,-81.66820864,55.70396455
-0.0763171411826456,171.54790781,101.89196801,71.80873867,-19.45991472,-82.12276183,55.7327998
-0.234795224383577,171.0520922,101.82009223,71.99975875,-20.24728498,-82.49324333,55.64814044
-0.386135840111199,170.56872845,101.8188879,72.08694373,-21.01689281,-82.78107067,55.45495677
-0.530367635559318,170.10012911,101.88973945,72.07499709,-21.76938051,-82.98951768,55.15928219
-0.667584092342303,169.65366132,102.03825886,71.97508906,-22.4994792,-83.10647985,54.76049849
-0.797911013435079,169.21494695,102.26068858,71.74977456,-23.22302912,-83.17274201,54.26367851
-0.921478889650476,168.80194475,102.56292144,71.4434273,-23.92417434,-83.15068686,53.67378522
-1.03840129932946,168.4104143,102.94390334,71.04492307,-24.608716,-83.0567837,52.99487309
-1.14876106946517,168.04266068,103.40650364,70.5512808,-25.27535988,-82.88907569,52.22264421
-1.25260644318312,167.70367391,103.9503407,69.98174511,-25.91789327,-82.63343612,51.35815391
-1.34995987245706,167.37909916,104.57364929,69.29297681,-26.55479617,-82.34009647,50.42401705
-1.4408422248618,167.08843231,105.27703987,68.54766454,-27.15856555,-81.93876049,49.38862742
-1.52531512032334,166.81887644,106.06191839,67.69551086,-27.74931078,-81.48317198,48.2755767
-1.60354311503063,166.57192525,106.91887881,66.76806135,-28.31767877,-80.95079238,47.07979911
-1.67587354257826,166.34235316,107.84677184,65.73542556,-28.88187404,-80.38894923,45.82122625
-1.74292678019433,166.14242522,108.84830507,64.6498751,-29.40153053,-79.69478973,44.4366054
-1.80569044821993,165.95749505,109.91522087,63.47553726,-29.9207697,-78.98489898,43.02627033
-1.8656160362207,165.7929585,111.04449453,62.2357717,-30.40860619,-78.17898242,41.50694554
-1.9247166453558,165.64205074,112.2265769,60.9301281,-30.86485056,-77.27777279,39.88221615
-1.98566051167524,165.51716159,113.4818668,59.552966,-31.32059455,-76.36536225,38.24894414
-2.05185220923236,165.40215381,114.78135541,58.11530176,-31.7447539,-75.3596052,36.51303306
-2.1274920152594,165.28850781,116.10752924,56.62884579,-32.1441911,-74.28189574,34.68130295
-2.21760275974262,165.20985606,117.51480669,55.08474537,-32.53586928,-73.17740877,32.84718515
-2.32801271945441,165.1328075,118.94784447,53.49153857,-32.90079746,-71.99762252,30.92699287
-2.46528291090062,165.06684432,120.41791131,51.85442179,-33.24743914,-70.76714468,28.95502595
-2.63656765683494,164.99909283,121.9070101,50.17459162,-33.56609992,-69.45287801,26.87519647
-2.84939871840662,164.91856658,123.38961163,48.4853766,-33.87850448,-68.1360076,24.82484445
-3.11138745151322,164.9178882,124.994635,46.76452652,-34.1825701,-66.79972268,22.77116966
-3.42986626433732,164.84248312,126.51477862,45.0276471,-34.46102817,-65.40023513,20.64897949
-3.81153549218636,164.81449119,128.1043467,43.27749688,-34.72379792,-63.96660102,18.51146596
-4.26216689092231,164.78191737,129.69800637,41.52208707,-34.97575759,-62.51492097,16.38360631
-4.78634240368398,164.83261521,131.38585654,39.78262731,-35.21535541,-61.04043956,14.24410749
-5.3871887680674,164.81282283,132.99668271,38.05373001,-35.42350964,-59.49647364,12.06432524
-6.06610615778811,164.81477192,134.62439116,36.32502396,-35.63185911,-57.96888744,9.92436338
-6.82251103737614,164.79855208,136.23343977,34.58499617,-35.81496838,-56.38687759,7.71091683
-7.65361765176146,164.80739308,137.84185679,32.94074538,-36.01223936,-54.87813257,5.67022430999999
-8.55428149711987,164.8136038,139.44327777,31.30329972,-36.18389685,-53.31922749,3.5841259
-9.51692267616939,164.81123806,141.01281009,29.69246632,-36.35057184,-51.77235203,1.52138442999999
-10.531544188569,164.78338408,142.51681945,28.11710282,-36.50972502,-50.22850547,-0.542722920000003
-11.5858586335344,164.80353404,144.05700857,26.59015069,-36.67055803,-48.73140534,-2.4986587
-12.6654978020324,164.77612249,145.48931718,25.10630369,-36.83439023,-47.27559779,-4.45310952
-13.7541914619133,164.75294535,146.88169507,23.68893804,-36.99416121,-45.85097307,-6.33684215
-14.8338159192748,164.72339195,148.20870521,22.33421315,-37.15676355,-44.4794877,-8.16415939
-15.8843966645196,164.68637708,149.46267019,21.04828551,-37.32527331,-43.17524468,-9.92617107
-16.8842576602702,164.63690517,150.6299887,19.83352961,-37.50022588,-41.94335839,-11.62234111
-17.8104195485245,164.57554539,151.70696204,18.69240393,-37.68208248,-40.78994449,-13.24528666
-18.6392350419481,164.51015687,152.6972997,17.63107126,-37.87156402,-39.72231785,-14.7891187
-19.347208871965,164.43863631,153.59169232,16.65486959,-38.06907233,-38.74640484,-16.24834722
-19.9119386411125,164.36152879,154.38744979,15.76896045,-38.27347561,-37.86426284,-17.61492058
-20.3131107613278,164.26957028,155.06962344,14.97401889,-38.48101245,-37.0692293,-18.89368963
-20.5334909235789,164.20295651,155.68154526,14.28772409,-38.69837999,-36.38770105,-20.0448495
-20.5598409389817,164.13559269,156.18646854,13.70492755,-38.92439067,-35.82045163,-21.09451749
-20.3836775013307,164.06873879,156.58442811,13.23182994,-39.15183599,-35.35140123,-22.02757845
-20.0018020869809,164.01149969,156.88468699,12.8701304,-39.38335099,-34.99112457,-22.83701188
-19.4165724494746,163.94853928,157.06541652,12.62882875,-39.62631357,-34.76572354,-23.48187624
-18.6359173999395,163.89414479,157.14485034,12.49109374,-39.88345437,-34.68952587,-23.95536605
-17.6731100975923,163.8531059,157.10064366,12.48128296,-40.15141903,-34.74242507,-24.33546955
-16.5463227987412,163.88691592,157.11518983,12.49784468,-40.35476125,-34.66729886,-24.82206043
-15.2779922916448,163.85492621,156.90540531,12.63656355,-40.60908785,-34.85001092,-25.0614394
-13.8940302502988,163.8777464,156.68938828,12.8104091,-40.86061234,-35.10872638,-25.22108184
-12.4229165830781,163.87974139,156.3717565,13.02984413,-41.1062408,-35.4227427,-25.33763784
-10.8947165484953,163.92943281,156.05925971,13.24812076,-41.34285307,-35.77742166,-25.42790492
-9.34006390444368,163.96631901,155.68163987,13.46433687,-41.56950788,-36.15901263,-25.51708288
-7.78915253823462,164.04026204,155.32180858,13.63416376,-41.78317712,-36.55135436,-25.62182722
-6.27077773827374,164.10603123,154.93200738,13.75497744,-41.98335345,-36.94135908,-25.75952324
-4.81146536160559,164.19248527,154.55510694,13.82749314,-42.17239126,-37.33013755,-25.89398354
-3.43472254540141,164.28703223,154.19653443,13.80129194,-42.33626992,-37.66671427,-26.13738977
-2.16043735870401,164.39274107,153.86537705,13.68147802,-42.47709309,-37.95204,-26.45225821
0.621007150737507,206.71214867,175.13913711,34.72536904,36.23480415,19.81132302,24.35870675
0.946373219945049,206.0305608,173.01636383,34.67819418,35.13690768,17.24344897,23.82754169
1.30261041661466,205.26458526,170.76236128,34.73685315,33.96449593,14.49401319,23.51781306
1.68373722193489,204.43605202,168.4114014,34.91410365,32.72764678,11.58860277,23.43494963
2.08270416282222,203.63116869,166.1166168,35.09393095,31.48569155,8.73397842,23.26228373
2.49178430850132,202.73928073,163.68240248,35.47831453,30.17567451,5.69750058,23.44593341
2.9029917510741,201.87143661,161.31311187,35.89106352,28.8592985,2.69527539000001,23.61320923
3.30847354594795,200.96207071,158.8805315,36.51379263,27.50036694,-0.405132139999978,24.06628066
3.70081552484492,200.02947528,156.44187464,37.24050279,26.12618588,-3.52017589000002,24.66179756
4.07324720544043,199.09535228,154.01664131,38.13451525,24.73090679,-6.65570513000003,25.43848997
4.4197782930952,198.13456567,151.58392936,39.16305928,23.32061228,-9.81166745999997,26.4130037
4.73529489237943,197.20174818,149.22418728,40.2946419,21.91212367,-12.91648665,27.45793722
5.01561963004394,196.23916221,146.86145993,41.56198738,20.46764366,-16.1040792,28.81505872
5.25753376858301,195.2904439,144.55946999,42.90335409,19.05771563,-19.13785925,30.08986736
5.45876259166639,194.36274883,142.34350043,44.34927521,17.65396416,-22.12061932,31.4821699
5.61792799101386,193.42481908,140.15782301,45.81458433,16.2275347,-25.12019292,32.98394021
5.73447413915473,192.51475781,138.07120184,47.32541274,14.8192793,-28.02028622,34.49827301
5.80857334290209,191.59379921,136.02895409,48.84470987,13.39628292,-30.93090996,36.1466351
5.8410196550598,190.69267322,134.0771578,50.35869949,11.99287783,-33.73807538,37.76388577
5.83311764708119,189.82453061,132.24020229,51.86209092,10.64430918,-36.33100737,39.20943113
5.78657302703656,188.95900363,130.46458749,53.31513014,9.27342866000001,-38.94653212,40.72998897
5.70339066994925,188.10275541,128.76373671,54.710304,7.89545649999999,-41.53701461,42.26346152
5.58578426650923,187.28558681,127.18868532,56.0666275,6.58577998000001,-43.87842206,43.57681277
5.43610076496438,186.4756766,125.68457415,57.35345675,5.26816851999999,-46.20085449,44.9034243
5.25676189305866,185.68451077,124.27243604,58.57782365,3.97342324000002,-48.41480197,46.15670267
5.05022247863957,184.905447,122.94101681,59.73308914,2.68511295000002,-50.57088909,47.39649832
4.81894224450372,184.1519462,121.71295477,60.81547605,1.45649943000001,-52.50462218,48.40355983
4.5653676704193,183.42113829,120.57007849,61.84139994,0.226279139999974,-54.39839223,49.40423383
4.29192205035492,182.71404765,119.52061273,62.80417461,-0.980745640000009,-56.19582683,50.36035128
4.00100226317117,181.98416459,118.51538419,63.66177517,-2.14475469999999,-57.8122919,51.10327633
3.69498053105662,181.30710453,117.62726016,64.44707659,-3.31218186999999,-59.40316423,51.83003663
3.37620938301514,180.63375815,116.80733701,65.1719213,-4.44088890999998,-60.84377106,52.44645583
3.04702811739356,179.9317937,116.01226731,65.85491788,-5.51505089000003,-62.08118911,52.8709451
2.70976920573701,179.28873987,115.35410183,66.40310463,-6.57390280000001,-63.2314969,53.15614196
2.3667632490771,178.64611375,114.75416488,66.8848889,-7.61921871999999,-64.31127406,53.4166734
2.0203412531061,178.00531279,114.21486086,67.29085415,-8.63786947,-65.27427221,53.55676007
1.6728331172457,177.36943469,113.73904721,67.61822026,-9.63218076000001,-66.12785557,53.58325128
1.32656133904398,176.74130533,113.3306111,67.86536521,-10.60536453,-66.88201263,53.50847744
0.983829034518418,176.11091107,112.97713468,68.02471112,-11.55650954,-67.53276514,53.30565712
0.646901484727565,175.49654642,112.69807518,68.11457231,-12.48867052,-68.09359623,53.02650745
0.317980555564038,174.89845795,112.49255504,68.13611849,-13.4041379,-68.57176466,52.67495273
-0.0008284861452048,174.29943637,112.34523546,68.05567512,-14.30192333,-68.96217485,52.19648981
-0.30755801797946,173.72092937,112.27163162,67.92317096,-15.18388173,-69.27667188,51.66773257
-0.600426971968065,173.15068035,112.26414249,67.69746037,-16.05064579,-69.51386956,51.03369488
-0.877897339711147,172.59440191,112.32464957,67.39720013,-16.90460741,-69.68423901,50.32684082
-1.13873746243982,172.05532756,112.45690286,67.01873943,-17.74418908,-69.78506948,49.53919694
-1.38209004462611,171.53470804,112.66058794,66.56473836,-18.57162164,-69.82495556,48.68058259
-1.60754162056286,171.03431697,112.93556126,66.04238938,-19.38661198,-69.80561386,47.75984681
-1.81519048110878,170.55671013,113.28454634,65.44708815,-20.18820223,-69.72679564,46.76966598
-2.00571108453283,170.10198601,113.70513659,64.78659072,-20.97638628,-69.59075606,45.71968983
-2.18041301696059,169.68786694,114.22158594,64.0379393,-21.75450533,-69.40878511,44.6046136
-2.34129194689097,169.28749737,114.79199205,63.24135678,-22.51536007,-69.16455298,43.4279833
-2.49106963492663,168.89995294,115.41826158,62.39485175,-23.25464126,-68.84689071,42.18903539
-2.63321985034758,168.57557176,116.16064208,61.46481072,-23.98970782,-68.50872958,40.91058023
-2.77197681256442,168.25740009,116.94805395,60.4808599,-24.70207804,-68.09732821,39.55771877
-2.91232252111048,167.96662521,117.80810544,59.43799445,-25.39687016,-67.62991334,38.15793056
-3.05994908858724,167.7006155,118.73426613,58.32936376,-26.07363663,-67.10563,36.69233812
-3.22119199085165,167.45676468,119.72175507,57.15837683,-26.73283254,-66.52820583,35.16455716
-3.40293005358898,167.22937949,120.76145697,55.92789484,-27.37489369,-65.90163509,33.57218224
-3.61244807255587,167.0279104,121.86862423,54.63520362,-27.99913405,-65.22489233,31.94181411
-3.85725830155689,166.85091184,123.03703445,53.28628429,-28.60935112,-64.51135495,30.29030577
-4.144877738773,166.68244174,124.24395389,51.87263824,-29.19052349,-63.71612456,28.5169185
-4.48255930377965,166.53799791,125.50584754,50.41493566,-29.76716766,-62.91854545,26.75468845
-4.87698195551376,166.40852035,126.80908596,48.90444487,-30.32792065,-62.0818275,24.96291102
-5.33392843254699,166.29223661,128.15115676,47.33943819,-30.86552276,-61.18922954,23.09154409
-5.858000476176,166.18723829,129.52399299,45.73113919,-31.38795715,-60.26553333,21.18529077
-6.45239806960834,166.09279954,130.92677778,44.07995901,-31.8920408,-59.30466814,19.22371206
-7.11874591320998,166.01008064,132.35311615,42.39238601,-32.38266344,-58.32192851,17.24681461
-7.85694617798232,165.93915518,133.79149208,40.69760868,-32.867535,-57.34287215,15.29472744
-8.66505751332275,165.87278982,135.25110709,38.95066076,-33.31619007,-56.28020272,13.21425151
-9.53920982182971,165.81271672,136.69902861,37.23734585,-33.7817428,-55.29290086,11.26332917
-10.4735652442824,165.75359714,138.14631354,35.50554262,-34.21800739,-54.24855243,9.23282832
-11.4603339866837,165.70054797,139.60072793,33.76340524,-34.63370005,-53.1763108,7.16826747
-12.4898487577233,165.64648601,141.00974918,32.08527304,-35.0580555,-52.16266961,5.21771054
-13.5506982928907,165.57734486,142.38747527,30.4221376,-35.45591665,-51.11161951,3.22113817
-14.6299197622417,165.54682368,143.78976834,28.78331373,-35.85409303,-50.10107984,1.29512647
-15.7132485509326,165.49466802,145.12350858,27.20279103,-36.23638887,-49.09128902,-0.61009864
-16.7853873517353,165.41967699,146.38500685,25.69169641,-36.60615203,-48.09700941,-2.48020583
-17.8301869761155,165.36111841,147.61917384,24.24327137,-36.97235195,-47.14542701,-4.27614692
-18.8306772743374,165.31444104,148.81352635,22.86951199,-37.34048922,-46.25832002,-5.97786474
-19.7690567373705,165.23161,149.89280326,21.58874541,-37.68726852,-45.37627884,-7.65650726
-20.6268026398437,165.1629543,150.92126024,20.39652791,-38.03634905,-44.56912676,-9.23435254
-21.3849660636957,165.10498902,151.88821897,19.29452751,-38.38776279,-43.84310351,-10.70335617
-22.0246388466537,165.0284689,152.74771612,18.29674018,-38.72649042,-43.16220151,-12.10677764
-22.527557940168,164.95076743,153.51784581,17.40004498,-39.0619488,-42.55490526,-13.41907515
-22.8768038356787,164.84742329,154.16171471,16.61724362,-39.38392405,-41.99893824,-14.64715634
-23.0575436547472,164.76553318,154.73711275,15.93617164,-39.7137943,-41.55650328,-15.75460678
-23.0577673546627,164.67883252,155.21060218,15.35946869,-40.03243867,-41.17953914,-16.76760611
-22.8689676614208,164.58385364,155.57343935,14.89051922,-40.34521113,-40.88343909,-17.68292625
-22.4867161433649,164.49409508,155.84473885,14.52113255,-40.650752,-40.66735858,-18.49487087
-21.9110876915553,164.39978555,156.00841849,14.25962077,-40.94859149,-40.52926211,-19.20466531
-21.1468944584692,164.30829767,156.08428101,14.08566248,-41.2439111,-40.48530351,-19.78552024
-20.203711427639,164.22249232,156.07189578,13.99131956,-41.51075042,-40.45926418,-20.36183784
-19.0956952989794,164.14606503,155.97151674,14.01640676,-41.81049119,-40.62516136,-20.67764653
-17.841209234225,164.04113255,155.75770953,14.10704072,-42.05265771,-40.71359155,-21.0801379
-16.4622733409126,163.99761959,155.50950585,14.32091432,-42.32895239,-40.99908876,-21.21895318
-14.9838675824312,163.95382008,155.24972758,14.44525535,-42.54413619,-41.16693114,-21.54032183
-13.4331197727626,163.90919094,154.88893099,14.68453394,-42.77331198,-41.46097087,-21.69301405
-11.8384160833418,163.83900248,154.43883731,14.94246004,-42.99423939,-41.7983752,-21.81069103
-10.2284746826148,163.83746698,154.04735535,15.1699561,-43.18659168,-42.10789052,-21.9417446
-8.63142443096513,163.84102523,153.61937283,15.40214419,-43.37172054,-42.44470355,-22.03637526
-7.07393085386794,163.82950494,153.15597253,15.56218984,-43.53368396,-42.74943851,-22.22500281
-5.58041130926544,163.87434318,152.75039352,15.69128321,-43.67454774,-43.02708548,-22.39571965
-4.1723761496394,163.90963295,152.33097655,15.73745882,-43.79439231,-43.26079579,-22.65828922
-2.86792099979889,163.96815852,151.94849298,15.69838614,-43.89026056,-43.43786896,-22.98670237
-1.68138327666386,164.04045337,151.59720338,15.57051752,-43.96258758,-43.55153706,-23.39191786
1.67760027936018,207.30558398,176.81641032,36.74147482,35.99637344,20.94446703,26.70763757
1.98252777941928,206.61191102,174.65758689,36.75361783,34.99334818,18.54146913,26.21199941
2.30667377980871,205.92603206,172.51793,36.72239691,33.95840943,16.11748703,25.6341709
-0.312149180274821,209.8660722,177.97418553,31.94134437,40.6552005,25.64411421,21.28294133
-0.0787392885235825,209.13347848,175.58388763,32.11005411,39.56653123,23.07909163,20.78685036
0.227687259245923,208.34465719,173.099528,32.34834792,38.40510109,20.37067753,20.36528615
0.605245244908541,207.49779641,170.52325951,32.66220497,37.16997097,17.51070259,20.05892144
1.04888048291031,206.63655417,167.93047966,33.01325565,35.89545164,14.60933947,19.73221344
1.55070994466086,205.67619896,165.18285643,33.52942812,34.53445646,11.50221971,19.68609627
2.10049296554033,204.70008156,162.43784148,34.0717113,33.12932207,8.33468804,19.6794474
2.68613817217693,203.65219728,159.59317833,34.77166155,31.66376285,5.03886327999999,19.9226708
3.29420017011087,202.58970432,156.75914429,35.52244019,30.16388166,1.70694807000001,20.23400821
3.91039168351543,201.50695482,153.92850032,36.3572821,28.6253578,-1.67501141999998,20.66441996
4.52013145940474,200.37941443,151.06969451,37.30467816,27.05117653,-5.11737696,21.31644657
5.1091046778173,199.24850718,148.25225564,38.33005418,25.4591155,-8.55039924000002,22.05466973
5.66379827860021,198.0948438,145.45805829,39.4448619,23.82387741,-12.05804373,23.02910768
6.17197870515598,196.96335426,142.74129774,40.66548045,22.2110142,-15.43520465,23.98275539
6.62308653508087,195.79504659,140.0418807,41.95490146,20.54797467,-18.91792633,25.24235614
7.00853054387919,194.65063118,137.43162042,43.3464176,18.9122642,-22.26572393,26.5120154
7.3218721700556,193.50503324,134.89231358,44.79732149,17.25281087,-25.63021377,27.95632596
7.55889942987617,192.36771636,132.43748637,46.30456028,15.59273482,-28.94602333,29.50070535
7.71759842521039,191.25473862,130.08979675,47.85515906,13.94021112,-32.17801542,31.09112418
7.79803965780319,190.13256808,127.80323872,49.4330814,12.27007013,-35.42522991,32.8644757
7.80219638010437,189.04714242,125.64728516,51.01248485,10.6434289,-38.49485507,34.53645827
7.73370478005794,187.97731724,123.59074185,52.57883906,9.01204092999998,-41.52676796,36.27791766
7.59757626384397,186.942318,121.65970166,54.11802253,7.39720138000001,-44.45519984,37.98642898
7.39987973050466,185.91589934,119.81848462,55.6243791,5.79539803,-47.31159647,39.72458133
7.14741464823106,184.93279137,118.11505154,57.07105476,4.21847592,-50.03978052,41.36964786
6.84739330498139,183.96457308,116.50727099,58.4722497,2.65136164,-52.70455473,43.04502732
6.50714685270778,183.03569112,115.03137242,59.80149687,1.12213556999998,-55.21380288,44.59790797
6.13386584891864,182.13925018,113.67669726,61.05696464,-0.374165470000008,-57.58416033,46.05046991
5.73438225249736,181.29364364,112.46186715,62.26769526,-1.83234468000001,-59.81032879,47.43599597
5.31499649206162,180.46109887,111.34404676,63.37077204,-3.26408222999999,-61.91193039,48.70083628
4.88135043566467,179.67324272,110.35709506,64.39903201,-4.65566602000001,-63.85022791,49.80838584
4.43834489829686,178.87977581,109.44911393,65.29092309,-6.01364156,-65.65773973,50.81162986
3.99009869784618,178.16727476,108.70989308,66.16348255,-7.31537790000002,-67.26966835,51.68675947
3.53994512472892,177.45845166,108.053917,66.9098887,-8.58444157,-68.74494666,52.419915
3.09046091482023,176.77463404,107.50497889,67.55211951,-9.8101671,-70.05764815,52.99795369
2.64352230474535,176.11306317,107.05819071,68.09016975,-10.99434714,-71.21403562,53.42643412
2.20038242025997,175.47334932,106.71116114,68.52268927,-12.13575698,-72.21198511,53.69990002
1.76176404588747,174.84350908,106.44557981,68.84602307,-13.23216774,-73.04682675,53.81542616
1.32796171888189,174.25466568,106.30624339,69.07583176,-14.29799111,-73.76016969,53.81626705
0.898947083090726,173.65718857,106.22514231,69.16428839,-15.31311792,-74.29441384,53.5993604
0.474471548744492,173.08968415,106.24913906,69.15228509,-16.29618761,-74.70575079,53.25470101
0.0541605574272839,172.5412515,106.36179332,69.0377287,-17.25110069,-75.00630325,52.79333959
-0.362405835791076,172.0216046,106.57478931,68.82693021,-18.16908889,-75.17672899,52.21223667
-0.775630774041838,171.49952214,106.84823745,68.4970224,-19.05129022,-75.21569655,51.46697104
-1.18586078027264,171.00708267,107.22097837,68.07050633,-19.9052758,-75.14952435,50.61365534
-1.59337140868096,170.54388541,107.69087555,67.54640981,-20.73324435,-74.98594675,49.6549867
-1.99838047178367,170.10355192,108.24661339,66.93383249,-21.53488613,-74.72716,48.60250279
-2.40108986300185,169.71774371,108.92593252,66.24725179,-22.32052176,-74.40659815,47.51298083
-2.80175516840289,169.33614316,109.66533805,65.47176979,-23.07658896,-73.98360999,46.30582021
-3.20077743841562,168.98634185,110.49709337,64.61829634,-23.80916403,-73.47910441,45.01927679
-3.59880533119537,168.64984716,111.40050659,63.66444925,-24.50695206,-72.86027787,43.59203659
-3.99683627752824,168.38545698,112.43350148,62.69441196,-25.20778207,-72.24658668,42.23619525
-4.3963112075613,168.13423123,113.53368152,61.6355746,-25.87306562,-71.52311118,40.76269052
-4.79919842152733,167.91348237,114.71704613,60.50584384,-26.51642816,-70.73188004,39.22275284
-5.20805860639543,167.72399695,115.98261034,59.31227671,-27.13611847,-69.87207204,37.63508733
-5.62608101392716,167.56515038,117.32179842,58.04939706,-27.73370961,-68.94727775,35.95081653
-6.05708061322568,167.42608756,118.72703658,56.72852248,-28.31421885,-67.97807616,34.25247208
-6.50544634117961,167.3141765,120.19727924,55.34450591,-28.87065747,-66.9442811,32.49151807
-6.97603149804703,167.21875188,121.71797296,53.89587903,-29.40379912,-65.85028653,30.67490896
-7.47397896759942,167.14323181,123.2879221,52.3894123,-29.91802773,-64.71218892,28.78927651
-8.00447635878009,167.08156422,124.89643001,50.82590855,-30.41054193,-63.52411765,26.84333524
-8.57243941444589,167.01513198,126.51187141,49.22019951,-30.88229567,-62.2886541,24.82149645
-9.1821441545478,166.99573833,128.20733167,47.53697094,-31.33544679,-61.02117395,22.76059304
-9.83687657482057,166.95952208,129.88374086,45.82940034,-31.7742112,-59.7304296,20.66961423
-10.5386719441929,166.92306258,131.56371761,44.07986192,-32.19489324,-58.40853391,18.5293882
-11.288143616609,166.8817937,133.22524749,42.32593906,-32.6074645,-57.08619305,16.39850965
-12.0843561443968,166.82483081,134.86638615,40.54242468,-32.9882888,-55.69936863,14.14993495
-12.9247211581304,166.78880483,136.52500153,38.73591246,-33.36529689,-54.33196355,11.93024686
-13.8049228203545,166.77242019,138.20036522,36.88533765,-33.72746865,-52.95230299,9.66298036
-14.7188870338357,166.71143037,139.77494737,35.12327874,-34.10332537,-51.65050092,7.53130819
-15.658805724171,166.65438372,141.34007302,33.34080156,-34.45125788,-50.30514436,5.32418833
-16.6152209168148,166.59016276,142.87740679,31.56582723,-34.78452617,-48.96034313,3.11092583
-17.5771705927799,166.50505906,144.32955243,29.85284994,-35.11995343,-47.66276586,0.971735540000001
-18.5323986310753,166.42399992,145.75855637,28.16662797,-35.44356322,-46.38196457,-1.14714866
-19.4675942296022,166.33658859,147.13406329,26.5202999,-35.76578736,-45.14828239,-3.22143151
-20.3685436778748,166.20398236,148.39613635,24.95500409,-36.07106149,-43.92605514,-5.23997648
-21.2201071349856,166.09353425,149.62569948,23.44897673,-36.38434425,-42.78814836,-7.16893848
-22.0061269695468,165.97600991,150.77778642,22.02408557,-36.69683714,-41.71680963,-9.00564698
-22.7094723334084,165.86333447,151.85990958,20.68853157,-37.01405124,-40.7325385,-10.73509549
-23.3123222597844,165.73213507,152.83631262,19.45137891,-37.32611681,-39.81336504,-12.37950948
-23.796675181518,165.59864438,153.72058318,18.31936962,-37.64029854,-38.98550045,-13.91008719
-24.1450342391608,165.46273552,154.50736689,17.29557043,-37.95408454,-38.24745445,-15.32835611
-24.3412072894031,165.32138546,155.18776739,16.38523702,-38.26514397,-37.59807402,-16.62684477
-24.3711560684006,165.17965851,155.76122573,15.59318104,-38.58229371,-37.06697259,-17.80215881
-24.2238315428091,165.09271833,156.30556063,14.8999567,-38.88821701,-36.61283027,-18.86285211
-23.8919319990989,164.94306883,156.64798313,14.34177419,-39.20813885,-36.30472619,-19.77951272
-23.3725125684162,164.83368238,156.93209192,13.89081972,-39.53092866,-36.1178568,-20.54915576
-22.6673824664817,164.70051008,157.06233052,13.57784405,-39.86146348,-36.06366202,-21.17782229
-21.7832590267848,164.59125843,157.14501585,13.31685008,-40.18482657,-36.09988274,-21.68193713
-20.7316794631858,164.49129994,157.11277172,13.16672315,-40.51169431,-36.25854558,-22.07453804
-19.5286872501063,164.39973887,156.96594899,13.12260763,-40.84356434,-36.53720983,-22.36356332
-18.194318847908,164.31265979,156.71194036,13.16805701,-41.18110486,-36.92964167,-22.55520268
-16.7519238963488,164.27974263,156.49824346,13.16964092,-41.42662618,-37.12966974,-22.99272391
-15.2273577118875,164.2206433,156.14197834,13.25001269,-41.72774177,-37.57797747,-23.17130945
-13.6480887762662,164.18411624,155.76059518,13.30817282,-42.01647436,-38.05867302,-23.35225161
-12.0422657289169,164.1548101,155.33295109,13.3571079,-42.29451084,-38.56512174,-23.54924041
-10.4377880374768,164.144613,154.89191451,13.36189732,-42.55533996,-39.06872173,-23.79641009
-8.86142198297549,164.14432767,154.43901174,13.30167305,-42.79967367,-39.5601095,-24.09836298
-7.33799898207064,164.16080528,153.9924958,13.16408043,-43.02414602,-40.0214837,-24.46621942
-5.88972765777304,164.18598431,153.55689384,12.94017256,-43.22950078,-40.44321623,-24.88576087
1.63413654616686,207.12863008,174.08339513,36.36158231,36.0305085,19.43802667,24.96175247
2.05619402683063,206.37890033,171.80516898,36.37606141,34.93133001,16.86278433,24.44625998
2.51644835617772,205.57775763,169.45294572,36.44527226,33.76938099,14.16159801,24.0299856
3.00729364017916,204.76799283,167.10170745,36.53187488,32.5774064,11.44183904,23.58597281
3.51945983371688,203.88082037,164.63597017,36.77393063,31.31477843,8.56212963000002,23.38775629
4.04252307749546,202.96544106,162.13920489,37.14183076,30.00776832,5.60816364999999,23.34388605
4.56543727209601,201.99271765,159.57724979,37.64913267,28.6606083,2.58170625,23.49788893
5.07701141520498,201.03093395,157.05530711,38.26772349,27.2863769,-0.467755920000002,23.77117853
5.56631251142733,199.99966818,154.4586221,39.07890543,25.86212804,-3.62768329999997,24.36410392
6.02301730595456,199.0115651,151.95076984,39.98816504,24.45733705,-6.67028897,24.93742166
6.43772381061992,197.96018274,149.39187805,41.0873478,23.00336006,-9.81740387999997,25.84680653
6.80221162895284,196.92312306,146.89620702,42.30030012,21.54537728,-12.92548392,26.87145699
7.10963853769247,195.88677416,144.44969914,43.63345149,20.07810724,-16.00967732,28.04255151
7.35466728500973,194.85542859,142.06421841,45.06529873,18.60477852,-19.06073375,29.35429031
7.53352256586382,193.83081764,139.75444532,46.56427641,17.1270306,-22.07003186,30.75602558
7.64398312561694,192.7976372,137.49041878,48.09781045,15.64395469,-25.04226701,32.23229839
7.68531763006399,191.78209373,135.32129606,49.66020348,14.15068085,-27.99139596,33.83639285
7.658175226523,190.78412149,133.24986691,51.22237877,12.67971979,-30.8217692,35.39364185
7.56444267595265,189.79892959,131.27276682,52.752552,11.22064215,-33.56199608,36.92136743
7.40707975936519,188.84327592,129.41080064,54.2496895,9.79695139,-36.14780699,38.34593097
7.18994371011405,187.90465237,127.6446583,55.69673605,8.33749767,-38.78415192,39.91414952
6.91761239925152,186.97757068,125.97500525,57.07219795,6.91757588000002,-41.25726474,41.3366059
6.59521446694615,186.07767203,124.41894214,58.37359716,5.51505799,-43.6304569,42.69008028
6.22827091863162,185.21335053,122.98575911,59.60117184,4.14658565000002,-45.86189736,43.93102631
5.82254901366955,184.40522225,121.69533811,60.76361081,2.77557183000002,-48.05807713,45.19797179
5.38392907590567,183.55283855,120.43135224,61.79009005,1.42430055999998,-50.14066638,46.30555054
4.91828604202789,182.78902896,119.35025528,62.75923196,0.114243590000001,-52.07693989,47.32924917
4.43138724371838,182.0277355,118.34659918,63.61764756,-1.17773765999999,-53.91268514,48.2406198
3.92880694220563,181.28663626,117.44050822,64.37580112,-2.44122541000002,-55.62456826,49.02669688
3.41585743982951,180.56614672,116.63048263,65.02088635,-3.68293342999999,-57.234923,49.70022634
2.89753611975701,179.90778834,115.96913138,65.58560836,-4.86891652,-58.64702336,50.18669567
2.37848743926993,179.21526109,115.32582986,66.04587238,-6.05533560999999,-60.02227742,50.62450389
1.86297865514974,178.58667911,114.83043564,66.43010478,-7.18371833999998,-61.2040385,50.89534501
1.35488783816581,177.98001221,114.42712207,66.68799925,-8.29339295999998,-62.29526598,51.03947368
0.857702506075716,177.36952906,114.07513642,66.88626271,-9.37071707000001,-63.26409002,51.09255857
0.37452696220343,176.7928248,113.83042397,66.95739928,-10.41716692,-64.11080062,50.97717307
-0.0919038201866018,176.21564955,113.63412581,66.98147778,-11.4330111,-64.8440815,50.78563438
-0.539206156676564,175.65712988,113.52022042,66.90193196,-12.41957534,-65.46384979,50.45500356
-0.965328026273218,175.10927587,113.47243477,66.74138661,-13.38024154,-65.98242743,50.01760715
-1.36853054266839,174.56945961,113.48451661,66.50730161,-14.31643792,-66.40536234,49.48334035
-1.74737320789298,174.04099821,113.55952394,66.19556244,-15.2287377,-66.73518348,48.84565124
-2.10070545756107,173.52136316,113.69157717,65.81558185,-16.12016266,-66.98284669,48.12425328
-2.42766609836598,173.01209453,113.88148004,65.36766337,-16.99132476,-67.15131486,47.31998664
-2.72769057399167,172.51514015,114.12975242,64.8524133,-17.84457305,-67.24850199,46.43813428
-3.00052547468511,172.01020117,114.40806446,64.31064779,-18.69375212,-67.31706312,45.56810297
-3.2462507337256,171.55942638,114.79223792,63.656892,-19.49967196,-67.24541293,44.48741445
-3.46531012067011,171.10699265,115.21174595,62.9751362,-20.30452057,-67.15680224,43.4270593
-3.65854954319664,170.67373354,115.69017636,62.24179391,-21.09377534,-67.01142468,42.31193629
-3.82726173852988,170.27618307,116.2455886,61.45650149,-21.87450567,-66.83082276,41.16180744
-3.97323531748999,169.87418453,116.82735011,60.63481637,-22.62870187,-66.56687141,39.94385077
-4.09880550710341,169.50936928,117.48682898,59.76303941,-23.37174151,-66.26396902,38.68650231
-4.20690332111958,169.17806742,118.21084463,58.85481183,-24.10675374,-65.93379646,37.41023429
-4.30109927392137,168.87814131,118.99961398,57.91834381,-24.8366483,-65.58687791,36.13768203
-4.38563715210404,168.59044913,119.83306344,56.92716913,-25.54156858,-65.16457202,34.78484307
-4.46545279192332,168.3300519,120.72449395,55.89291228,-26.23195117,-64.69923699,33.39035669
-4.54617231791629,168.09049007,121.66548134,54.81952936,-26.9104555,-64.20123354,31.97446894
-4.63408393176778,167.87223064,122.65283138,53.69950412,-27.57092402,-63.65112691,30.47515302
-4.73607716674875,167.64333126,123.67179341,52.47305378,-28.19270668,-62.98424999,28.85342405
-4.85954361499445,167.50477666,124.77268562,51.35141091,-28.85569842,-62.4614669,27.43665859
-5.0122335707379,167.33558893,125.8770682,50.1229513,-29.47670944,-61.81281161,25.85949973
-5.20206389931912,167.18298076,127.01730504,48.85149614,-30.07885768,-61.11779254,24.21623265
-5.436883656933,167.04211029,128.1842524,47.54876618,-30.66684547,-60.39177516,22.5459447
-5.72422803092484,166.89729833,129.35676614,46.21694227,-31.24160783,-59.63709478,20.85196802
-6.07108983343849,166.77027603,130.56527563,44.84580656,-31.79787948,-58.84340045,19.08906772
-6.48370214388582,166.64387618,131.77847815,43.45563389,-32.3410669,-58.02785898,17.31498839
-6.9673106729492,166.52348317,133.00930287,42.01781201,-32.85573765,-57.14280171,15.45725718
-7.52593106220724,166.39904775,134.23186075,40.58927938,-33.37243251,-56.28721842,13.64349791
-8.16209930840779,166.25390098,135.42057102,39.1717788,-33.88696561,-55.44303707,11.85929546
-8.87662697313928,166.12201159,136.63435112,37.70938773,-34.36711506,-54.52144793,9.96991736
-9.66837526719997,165.97670071,137.82895535,36.24887674,-34.82256617,-53.55285535,8.04201712
-10.5340630049566,165.86302608,139.05067288,34.77562261,-35.29907038,-52.67384184,6.22232889
-11.468121747725,165.7344833,140.2471003,33.31958715,-35.75275335,-51.76253151,4.38636753
-12.4626096202709,165.60867428,141.42902837,31.87249041,-36.19207105,-50.84115049,2.56048816
-13.5071949368107,165.46324317,142.55718155,30.46545989,-36.63440346,-49.96205382,0.807884439999999
-14.5892199769441,165.33669048,143.69552829,29.05265507,-37.04848886,-49.04059958,-0.981805940000001
-15.6938526206884,165.21079701,144.81052578,27.67037423,-37.46192048,-48.16073554,-2.70204156
-16.8043036694987,165.0818556,145.88915764,26.32752406,-37.86837737,-47.30829319,-4.3667349
-17.9020323661357,164.9609866,146.93876881,25.02041748,-38.26740217,-46.48388341,-5.98557097
-18.9668950684769,164.82260919,147.91961965,23.77012527,-38.65233759,-45.67618303,-7.55041939
-19.9773170589378,164.71653721,148.89479643,22.57003908,-39.0405579,-44.93630777,-9.02137497
-20.9106030384988,164.6041309,149.80372176,21.4363145,-39.41339919,-44.21874666,-10.43833173
-21.7434267162125,164.4973764,150.65800943,20.37459582,-39.77740362,-43.54689471,-11.77595847
-22.4524822243316,164.39106615,151.44498937,19.39020313,-40.12723477,-42.91048282,-13.0464134
-23.0152627251163,164.31823442,152.20054969,18.48509427,-40.48031189,-42.36323005,-14.20146575
-23.4109225677691,164.23444259,152.86276791,17.67188653,-40.81203808,-41.84360122,-15.2899784
-23.6211725802521,164.19378494,153.50176075,16.93125917,-41.12520789,-41.36138357,-16.31016662
-23.6311541317566,164.1015624,153.97325247,16.32447099,-41.44072031,-40.98388975,-17.18762161
-23.4302369151866,164.08245599,154.45965428,15.78214219,-41.7377176,-40.65434302,-17.98673079
-23.0126888480184,164.03197699,154.82892138,15.29833128,-42.01022035,-40.35436893,-18.75056757
-22.3781731384107,164.02603969,155.1037925,15.03022869,-42.29700475,-40.21209492,-19.26659081
-21.5320340540872,163.9812244,155.25429277,14.81355632,-42.55575209,-40.08751093,-19.77708723
-20.4853423259976,164.03253112,155.4427346,14.65495534,-42.79039529,-40.00662585,-20.19612106
-19.2546886167522,163.99704967,155.39942971,14.67081501,-43.03156905,-40.05413791,-20.43950105
-17.8617329930422,164.10859795,155.49145975,14.64466316,-43.20902673,-40.00492842,-20.80109226
-16.3325326982663,164.08570894,155.28820094,14.78624215,-43.39146031,-40.06666993,-21.03300218
-14.6966812066589,164.20131045,155.23108877,14.87932684,-43.54878029,-40.14561167,-21.22801316
-12.9863006108206,164.25159088,154.99812119,15.05592443,-43.67770194,-40.2163777,-21.42233563
-11.2349364661751,164.3695007,154.79359979,15.23027161,-43.80059587,-40.34167938,-21.56257498
-9.47640873606951,164.4628901,154.52381599,15.38719433,-43.88282104,-40.39916098,-21.7802637
-7.74367404889631,164.60131891,154.28004069,15.51069439,-43.94550887,-40.44195634,-22.00884149
-6.06775352222643,164.7316778,154.01085198,15.58383467,-43.97535795,-40.41669509,-22.32224182
-4.47677721072016,164.89094859,153.77530526,15.5933937,-43.97249553,-40.31410127,-22.70664249
2.56883520340624,205.52937317,171.37522079,49.0652071,32.50050024,11.21343456,42.14280459
2.79469919291443,204.85377724,169.06713318,49.79827789,31.48477953,8.69732584999997,42.31953236
3.01959773649743,204.1247246,166.71459128,50.59870565,30.43618256,6.17982627000001,42.45922991
3.24244879925643,203.38804095,164.34727286,51.49207636,29.31046305,3.47666338000002,42.88918467
3.46133657274981,202.58629895,161.93635886,52.4786776,28.14582683,0.75255967999999,43.34593187
3.67364778200843,201.78425221,159.55133651,53.53564987,26.94999576,-1.99847584,43.92336776
3.87621213836309,200.95897314,157.16642221,54.68974898,25.71186241,-4.81377934,44.66346132
4.06542658739903,200.11993493,154.80105247,55.92420167,24.46045513,-7.59825333999999,45.46758853
4.23739649100244,199.24943424,152.43487947,57.24607924,23.16464225,-10.45096875,46.44391266
4.38812050817024,198.36598311,150.09819644,58.63035577,21.85135741,-13.29245495,47.50460509
4.51370782083441,197.4742376,147.80015917,60.07226397,20.52071792,-16.12713728,48.66082819
4.61060194572906,196.54494933,145.50298254,61.52182446,19.15648062,-19.0011649,49.92283487
4.67578753801148,195.62159821,143.26803837,62.99295145,17.79573634,-21.81225536,51.20449598
4.70696074332073,194.700786,141.09336168,64.44814161,16.45108074,-24.52153005,52.41140175
4.70264913794576,193.76559188,138.95818628,65.88164684,15.08279684,-27.25249713,53.70403281
4.66227341005417,192.83066905,136.88560002,67.28134092,13.71955863,-29.92117065,54.97640969
4.5861490106174,191.8961422,134.87486543,68.63033085,12.35818192,-32.53968963,56.22734752
4.47543147267757,190.9636593,132.93070713,69.91630823,10.99995453,-35.10701006,57.44649966
4.33201353960088,190.04103148,131.05841791,71.14053986,9.64885985999999,-37.61210355,58.64275855
4.15838540223398,189.12598524,129.26421022,72.28818294,8.31043278999999,-40.04270495,59.76487414
3.95747170546797,188.22536708,127.55041475,73.36007955,6.98896138000001,-42.38671611,60.81000286
3.73246031152299,187.34071248,125.92071664,74.35238428,5.68363865000001,-44.64795389,61.78097042
3.48663564967139,186.47320942,124.37593565,75.26433439,4.39774177999999,-46.81687091,62.67162723
3.22322501909431,185.62696375,122.92232032,76.09321704,3.13183678999999,-48.89390371,63.47555474
2.94526430870415,184.80064508,121.55693179,76.8438229,1.88604279,-50.87864046,64.20186929
2.65548959035233,183.99832382,120.28499364,77.5148027,0.663021950000001,-52.76457817,64.84297081
2.35625947581634,183.21775026,119.10449329,78.10424345,-0.534592879999991,-54.54513366,65.38527389
2.0495103712756,182.46146353,118.01721748,78.61610515,-1.70995597000001,-56.22843477,65.85128627
1.73674416764517,181.73803607,117.03005852,79.07989148,-2.86187055000002,-57.81644077,66.26124897
1.41904575167973,181.01469737,116.11527743,79.40657588,-3.98244296999999,-59.27701369,66.51283091
1.09712607726856,180.32481062,115.30200074,79.68751071,-5.07929227,-60.64257985,66.7137333
0.771385415808076,179.67461146,114.59261011,79.92024108,-6.15512814000002,-61.9241469,66.87272108
0.441990786783022,179.01160642,113.94231778,80.05069729,-7.18996423000002,-63.05188986,66.87283499
0.108961404409591,178.38553204,113.39198444,80.11407664,-8.21705554000002,-64.13233031,66.85630023
-0.227743806576325,177.76948866,112.92265982,80.10781818,-9.19393778,-65.04131088,66.68485266
-0.568142055335317,177.16980851,112.53187141,80.02344334,-10.17231711,-65.92578838,66.51345566
-0.912150586272384,176.59367848,112.22811984,79.88868572,-11.0991746,-66.63991473,66.19205678
-1.2595224678561,176.02076209,111.98407383,79.67808163,-12.02878073,-67.33465857,65.86878759
-1.60979717506449,175.46953018,111.8260307,79.40769356,-12.92490548,-67.91113923,65.45016322
-1.96226795578632,174.95210674,111.76956165,79.05906646,-13.78039353,-68.35348763,64.9054979
-2.31596711836135,174.42338568,111.74880811,78.6554136,-14.64383673,-68.7909212,64.37692619
-2.66966962787474,173.94690807,111.84995739,78.17750654,-15.45771035,-69.07606219,63.70620405
-3.02191478227174,173.47504095,112.00652345,77.6391484,-16.26630929,-69.32422622,63.01352749
-3.3710452711121,173.01987265,112.23405006,77.03840534,-17.05398791,-69.49653363,62.25845629
-3.71526259528635,172.58831661,112.53974622,76.3718025,-17.8216895,-69.59691737,61.43849217
-4.05269685130775,172.17794838,112.91800698,75.64309905,-18.5693011,-69.62691403,60.55838641
-4.38148680077675,171.78511097,113.36727545,74.850017,-19.29412251,-69.58099056,59.61176812
-4.69986556034478,171.41947492,113.89366393,73.99410554,-19.99609216,-69.46029854,58.59585965
-5.0062493147426,171.07548026,114.49090647,73.07530334,-20.67487077,-69.2657659,57.51303387
-5.29932769987818,170.72896345,115.13192734,72.09339048,-21.331254,-68.99841779,56.37255615
-5.57815372746728,170.45507307,115.89496266,71.05256348,-21.95817429,-68.64829034,55.13115535
-5.84223033380834,170.17114984,116.69377889,69.9419067,-22.55668338,-68.21135062,53.82531479
-6.09159027579229,169.91736134,117.56508164,68.77611426,-23.13050805,-67.7040636,52.44428238
-6.32686571681989,169.70456679,118.51392524,67.56981365,-23.68932601,-67.15572922,51.01899409
-6.54934342128201,169.4735922,119.48844843,66.27416404,-24.19743728,-66.46331824,49.4659913
-6.76100105370401,169.31285078,120.56862302,64.95543698,-24.69807359,-65.75626347,47.89138919
-6.96451971783906,169.10707921,121.63279416,63.55867418,-25.15712462,-64.9363475,46.20982083
-7.16326764296183,169.00027417,122.83411421,62.13964312,-25.60112758,-64.08374186,44.49812575
-7.3612499051589,168.83736986,123.9989037,60.65006208,-26.00913662,-63.13573826,42.69484621
-7.56301933653198,168.7510711,125.2670077,59.14188752,-26.39813171,-62.14935566,40.86093311
-7.77354439891659,168.66712162,126.56040375,57.60387937,-26.77937123,-61.15782221,39.02968285
-7.99803084976554,168.59005192,127.87552975,56.02014122,-27.13275609,-60.10049272,37.14107048
-8.24170191955497,168.4937835,129.17145337,54.42040459,-27.46257726,-58.99515025,35.19439079
-8.50956414857881,168.45081451,130.54044072,52.81245051,-27.79435007,-57.92095809,33.29919582
-8.8061984296482,168.4003891,131.90579171,51.18904055,-28.11648567,-56.84033259,31.40916358
-9.13558786093422,168.34349944,133.26045528,49.5425984,-28.41778032,-55.72257896,29.47701691
-9.50096011088875,168.30106794,134.63062229,47.90328852,-28.72049995,-54.63530416,27.59006657
-9.90462547389059,168.26172981,136.00145793,46.25993391,-29.01664352,-53.5572232,25.71891043
-10.3478112645803,168.16895005,137.30337097,44.62247594,-29.31440966,-52.51041042,23.89019577
-10.8305014532681,168.18402902,138.7234573,42.98476587,-29.59530184,-51.44520124,22.04439873
-11.3512924710999,168.0831938,139.99110353,41.34444728,-29.87375666,-50.40006606,20.21585523
-11.9072767317009,168.08014016,141.36337086,39.71463679,-30.13177346,-49.32928072,18.36307342
-12.4939635127684,168.02080737,142.65351125,38.09407482,-30.38919396,-48.28812323,16.54701646
-13.1052450715149,167.96180182,143.9256348,36.48708231,-30.63603676,-47.25190315,14.73609643
-13.7334161475722,167.89394355,145.16036854,34.891849,-30.86682396,-46.20475386,12.90817731
-14.3692552289138,167.78395152,146.31463868,33.31367904,-31.09696392,-45.19346925,11.12223826
-15.002174491359,167.71113445,147.48461321,31.7576048,-31.29994726,-44.14725071,9.29235174
-15.6204151179735,167.64153406,148.62210756,30.23182315,-31.48920658,-43.10515728,7.47062136
-16.2112107525506,167.6239772,149.7664871,28.79653582,-31.64746437,-42.02314308,5.60482855
-16.7608833959951,167.52011785,150.77439309,27.32996107,-31.80273625,-40.97836834,3.76669327
-17.2549641528612,167.47128449,151.76409237,26.01667909,-31.94375425,-39.95497874,1.98052048
-17.678453944519,167.3931516,152.67312898,24.72704349,-32.06567338,-38.93216619,0.193245609999998
-18.0162563115601,167.32929092,153.57054689,23.41579386,-32.17354059,-37.92903783,-1.57240581
-18.2537618049591,167.27714175,154.34541311,22.367896,-32.28457076,-37.00986131,-3.1951863
-18.3775506694382,167.23609034,155.13882173,21.2126423,-32.35968397,-36.04833299,-4.88342547
-18.3761727728889,167.19887923,155.77262009,20.38173075,-32.4502972,-35.2159203000001,-6.36394893
-18.2409574996113,167.16748627,156.39021123,19.51938699,-32.50987665,-34.36282253,-7.8681237
-17.9668018915842,167.1574779,156.99724282,18.65278247,-32.56002611,-33.55402599,-9.31765134
-17.5528828907147,167.13439121,157.41365271,18.11865309,-32.63259615,-32.90237727,-10.52353581
-17.0032402281148,167.1513136,157.88427208,17.5019565,-32.66387403,-32.20357835,-11.78726661
-16.3271791716551,167.14624023,158.17871498,17.11920698,-32.71506098,-31.64947872,-12.85994404
-15.5394419275656,167.1876573,158.50794821,16.73930148,-32.74113463,-31.10114954,-13.90314509
-14.660096824451,167.2349647,158.75889071,16.45570134,-32.76583092,-30.62651229,-14.85394939
-13.714104122115,167.25600702,158.86517679,16.31641069,-32.79314645,-30.23761124,-15.71425322
-12.7305306469176,167.33101571,158.9925919,16.20616509,-32.81735257,-29.91266637,-16.48398303
-11.7413941787782,167.40918642,159.06798538,16.1378932,-32.83033387,-29.6237827,-17.21954155
-10.7801250174553,167.49595227,159.09474752,16.09532476,-32.83353105,-29.36640051,-17.94930802
-9.8796397811734,167.59413536,159.08576161,16.12112855,-32.83957575,-29.17341689,-18.5840066
-9.07003181939793,167.72436519,159.11078779,16.05269705,-32.79412902,-28.86927293,-19.42066652
-8.37589419726316,167.84668413,159.05627438,16.06885342,-32.78807149,-28.72849751,-20.05525734
-7.81330570965322,167.98011949,159.00298852,16.03159979,-32.76808061,-28.57608582,-20.74875602
-7.38652863195966,168.16724988,159.06991096,15.80219348,-32.69455537,-28.28014932,-21.6695212
-7.08448986914069,168.30194698,158.99380617,15.69688456,-32.66342317,-28.12792527,-22.42135248
-6.87714586293363,168.50574085,159.0719493,15.36665963,-32.57844174,-27.81522627,-23.42515979
-6.7118670902694,168.6367805,159.02339341,15.05912675,-32.52660824,-27.60382015,-24.34228878
-6.5114704223853,168.7929801,159.03963041,14.62754192,-32.45134545,-27.31554257,-25.37443153
-6.18087974413128,169.02261215,159.21376716,14.0222197,-32.32093157,-26.84137433,-26.67424812
-5.63376951201631,169.16661946,159.25008326,13.45325544,-32.21795571,-26.44913097,-27.85308891
-4.83166694158594,169.35134674,159.38494013,12.73469753,-32.09393501,-25.97520689,-29.17705202
-3.7975091200011,169.49872275,159.44618834,12.06939124,-31.97884064,-25.53083782,-30.43245204
-2.59520298848136,169.67693518,159.59214637,11.29265369,-31.82356605,-24.95729474,-31.77901299
-1.31578642661899,169.81242095,159.64779695,10.59900094,-31.68596781,-24.44626785,-32.99437416
-0.0673752609890502,169.99308559,159.7827461,9.85683043,-31.50786878,-23.80759965,-34.3178979
1.06775513792968,170.13555224,159.81981176,9.24568408,-31.34052776,-23.22083193,-35.47420521
2.076360941565,170.30045671,159.9120303,8.59984294,-31.13794388,-22.52802571,-36.64953975
3.00492089367552,170.4320766,159.90866894,8.11282218,-30.95735159,-21.93164145,-37.55724541
3.9160599999596,170.60743544,159.97859359,7.67923775,-30.68556092,-21.05936927,-38.63722092
4.85345487167362,170.7797902,160.02790939,7.31487744,-30.41900281,-20.22442928,-39.52110795
5.8268703843442,170.94507693,160.05706723,7.05604023,-30.11843084,-19.3105326,-40.30156794
6.81329042292039,171.12488056,160.10321015,6.86456101,-29.78347827,-18.31011185,-41.00244844
7.76819015906016,171.31036609,160.15586453,6.75971279,-29.40519676,-17.20672424,-41.61318541
8.64229011340543,171.52368005,160.22639344,6.73775046,-28.9948491,-16.05020665,-42.0911555
9.40017688816145,171.71034115,160.30176471,6.77154075,-28.5094287,-14.66054024,-42.60519804
10.0297138565665,171.95765141,160.4526748,6.8374904,-27.98005109,-13.18524891,-43.0340305
10.5363728843565,172.19991106,160.60496437,6.96411274,-27.40257439,-11.59716435,-43.3808603
10.9337729721078,172.48632773,160.83077388,7.10477692,-26.76360471,-9.85792133999999,-43.7094803
11.2393902236632,172.7381175,161.02138374,7.2819271,-26.0818232,-8.01881066000001,-43.9674385
11.4710168925264,173.02694993,161.28832603,7.44893121,-25.33796442,-6.02723675999999,-44.22075909
11.6423267034032,173.33263937,161.59891991,7.61318281,-24.5406362,-3.91003215000001,-44.45052611
11.7636478133211,173.64823993,161.93903309,7.77139933,-23.69519272,-1.68422261000003,-44.66274341
